           1     1.41202     1.41202           0
           2      1.3743     1.39316   0.0188553
           3     1.44854     1.41162   0.0214322
           4     1.39967     1.40863   0.0154468
           5     1.41632     1.41017   0.0120635
           6     1.32615     1.39617   0.0171205
           7     1.39452     1.39593   0.0144714
           8     1.36547     1.39212   0.0130981
           9     1.35583     1.38809    0.012235
          10     1.39331     1.38861   0.0109557
          11     1.38476     1.38826  0.00991604
          12     1.41114     1.39017  0.00925061
          13     1.40803     1.39154  0.00861946
          14     1.49248     1.39875   0.0107547
          15     1.35076     1.39555   0.0105109
          16     1.37866      1.3945  0.00988857
          17     1.41257     1.39556  0.00934932
          18     1.37405     1.39437  0.00889526
          19     1.37051     1.39311  0.00850725
          20     1.43626     1.39527  0.00835405
          21     1.40933     1.39594  0.00797443
          22      1.4316     1.39756  0.00777419
          23     1.40672     1.39796  0.00743917
          24     1.36357     1.39652  0.00726513
          25     1.42568     1.39769  0.00706537
          26     1.38471     1.39719  0.00680651
          27     1.39866     1.39725   0.0065498
          28     1.45027     1.39914  0.00658956
          29     1.34544     1.39729  0.00662237
          30      1.4136     1.39783  0.00642087
          31     1.41241      1.3983  0.00622809
          32     1.39665     1.39825  0.00603054
          33     1.45169     1.39987  0.00606515
          34     1.38597     1.39946  0.00589825
          35     1.38965     1.39918   0.0057341
          36     1.38029     1.39866  0.00559721
          37     1.43093     1.39953  0.00551327
          38     1.37353     1.39884  0.00540966
          39     1.41451     1.39925  0.00528442
          40     1.38437     1.39887  0.00516402
          41     1.40664     1.39906  0.00504006
          42      1.4473     1.40021  0.00505089
          43     1.36084      1.3993  0.00501632
          44     1.36164     1.39844  0.00497517
          45     1.40645     1.39862  0.00486661
          46     1.38899     1.39841  0.00476424
          47     1.38202     1.39806  0.00467479
          48     1.42098     1.39854   0.0046012
          49     1.45099     1.39961  0.00463171
          50     1.40703     1.39976  0.00454055
