0
0
0
0
0
0
0
0
0
0
0
0
0
0
0
0
0
0
0
0
0
0
0
0
0
0
0
0
0
0
0
0
0
0.000990416
0.141247
2.54485
16.662
58.1997
122.859
191.835
240.998
263.452
263.166
248.625
227.502
203.965
180.943
161.474
143.524
128.938
115.908
105.866
97.2661
90.721
84.826
80.5349
77.6041
74.2833
72.5211
70.9304
70.4226
69.7957
70.744
71.9668
73.6425
75.7956
78.39
81.8323
85.5343
89.6711
93.6384
98.0682
102.868
106.776
111.724
115.574
119.42
122.708
124.775
126.711
128.026
128.181
127.598
125.976
124.042
121.796
118.522
115.892
112.227
109.408
106.589
104.338
102.315
99.8976
98.3366
96.934
95.7478
94.4055
93.4488
93.3992
