           1    -5.46157    -5.46157           0
           2    -5.47038    -5.46597  0.00440346
           3    -5.45583    -5.46259  0.00423174
           4    -5.46619    -5.46349  0.00312494
           5    -5.46143    -5.46308  0.00245557
           6    -5.47645    -5.46531  0.00299729
           7    -5.46212    -5.46485  0.00257368
           8    -5.47131    -5.46566   0.0023704
           9    -5.47378    -5.46656  0.00227694
          10    -5.46495     -5.4664  0.00204296
          11    -5.46351    -5.46614  0.00186656
          12    -5.46147    -5.46575  0.00174781
          13    -5.46175    -5.46544  0.00163687
          14    -5.44459    -5.46395  0.00212479
          15    -5.47538    -5.46471  0.00211966
          16    -5.46743    -5.46488  0.00199005
          17     -5.4602    -5.46461  0.00188953
          18    -5.47021    -5.46492  0.00180845
          19    -5.46789    -5.46507  0.00171777
          20    -5.45357     -5.4645  0.00172823
          21    -5.46308    -5.46443  0.00164525
          22    -5.45898    -5.46418  0.00158812
          23    -5.46162    -5.46407   0.0015216
          24    -5.46961     -5.4643  0.00147495
          25    -5.45811    -5.46406  0.00143623
          26    -5.46396    -5.46405  0.00137989
          27    -5.46115    -5.46394  0.00133214
          28    -5.45575    -5.46365  0.00131663
          29    -5.47558    -5.46406  0.00133531
          30    -5.46089    -5.46396  0.00129436
          31    -5.46239    -5.46391  0.00125293
          32    -5.46093    -5.46381   0.0012167
          33    -5.45337     -5.4635    0.001221
          34    -5.46626    -5.46358  0.00118733
          35    -5.46568    -5.46364  0.00115448
          36    -5.46979    -5.46381  0.00113487
          37     -5.4567    -5.46362  0.00112036
          38    -5.46929    -5.46377  0.00110065
          39    -5.46431    -5.46378  0.00107215
          40    -5.46737    -5.46387  0.00104884
          41    -5.46234    -5.46383  0.00102362
          42    -5.45377    -5.46359  0.00102728
          43    -5.47064    -5.46376  0.00101641
          44     -5.4726    -5.46396  0.00101319
          45    -5.46395    -5.46396 0.000990419
          46    -5.46396    -5.46396 0.000968649
          47     -5.4681    -5.46405 0.000951893
          48    -5.46037    -5.46397 0.000934996
          49    -5.45663    -5.46382 0.000927869
          50    -5.46262     -5.4638 0.000909437
