0
0
0
0
0
0
0
0
0
0
0
0
0
0
0
0
0
0
0
0
0
0
0
0
0
0
0
0
0
0
0
0
0
0
0.149665
2.12366
16.5983
56.8572
120.232
188.884
238.566
265.679
264.389
247.568
230.03
205.751
181.985
162.616
144.969
131.421
116.682
107.776
99.1055
91.4101
86.2245
81.7074
75.1249
75.1414
70.5324
69.8659
68.3168
70.0987
69.7502
70.3105
72.4777
74.5797
76.6297
79.4789
84.9549
88.5866
93.9597
98.1523
101.809
107.839
111.946
113.742
118.907
122.011
127.002
128.094
129.425
130.593
128.465
127.916
124.898
123.129
118.834
116.459
112.087
109.692
107.031
104.166
101.882
99.7534
98.787
97.3465
96.2392
94.4943
93.3951
93.1425
