0
0.00649096
0.0064843
0.00838825
0.00910594
0.00976961
0.0108317
0.0109945
0.0114276
0.0124959
0.0127616
0.0139203
0.0150045
0.0144421
0.0150257
0.0150335
0.0149694
0.014824
0.0157781
0.016294
0.0166422
0.0174664
0.0179542
0.0184643
0.0181081
0.018441
0.0194886
0.0205864
0.0213462
0.0211521
0.0208686
0.0217093
0.0213748
0.0216238
0.0219419
0.0224428
0.0219744
0.022534
0.0236908
0.0248385
0.0255309
0.0264008
0.0262542
0.0268299
0.0274121
0.0284522
0.0293342
0.0298606
0.0298225
0.0299339
0.0300834
0.0305164
0.0308422
0.0311206
0.0324585
0.0326552
0.033079
0.033841
0.0355393
0.0357317
0.0348707
0.0351787
0.034967
0.036029
0.0375446
0.0373979
0.0374474
0.0372063
0.0381893
0.0391352
0.0386933
0.0384356
0.0382652
0.037352
0.0374568
0.0374237
0.0382133
0.0388093
0.0396078
0.0405677
0.0410558
0.0406333
0.0403984
0.0396009
0.0402143
0.0393774
0.0395429
0.0392175
0.0391335
0.0402215
0.0395156
0.0396275
0.0405771
0.0390531
0.03933
0.0389861
0.0390976
0.0392637
0.0378309
0.0383027
