1
1.26083
1.61891
1.82572
2.07262
2.25741
2.45484
2.60617
2.77669
2.92887
3.07818
3.20513
3.34184
3.45848
3.58006
3.68725
3.8064
3.92355
4.04237
4.13508
4.23948
4.34257
4.43415
4.52423
4.61439
4.71022
4.80089
4.88332
4.97515
5.06738
5.15947
5.24236
5.31109
5.38653
5.46674
5.53806
5.61444
5.69498
5.77426
5.84373
5.91466
5.98944
6.06372
6.14472
6.22071
6.2853
6.35171
6.42128
6.48427
6.54671
6.61108
6.67422
6.73664
6.78862
6.85257
6.91264
6.9725
7.03433
7.0885
7.14647
7.20965
7.27727
7.32996
7.40085
7.46275
7.52454
7.58266
7.64239
7.6943
7.75583
7.81625
7.8668
7.91851
7.97359
8.02254
8.07373
8.12752
8.1719
8.21987
8.26489
8.31977
8.37115
8.42796
8.48013
8.5241
8.57862
8.63474
8.67559
8.72036
8.76829
8.80536
8.85257
8.9096
8.95499
9.00589
9.0563
9.10164
9.14831
9.19583
9.23947
