26.7531
16.0162
11.623
9.10183
7.54685
6.76069
6.15998
5.81768
5.72545
5.67023
4.5008
4.5008
4.5008
4.5008
4.5008
4.5008
4.5008
4.5008
4.5008
4.5008
4.5008
4.5008
4.5008
4.5008
4.5008
4.5008
4.5008
4.5008
4.5008
4.5008
4.5008
4.5008
4.5008
4.5008
4.5008
4.5008
4.5008
4.5008
4.5008
4.5008
4.5008
4.5008
4.5008
4.5008
4.5008
4.5008
4.5008
4.5008
4.5008
4.5008
4.5008
4.5008
4.5008
4.5008
4.5008
4.5008
4.5008
4.5008
4.5008
4.5008
4.5008
4.5008
4.5008
4.5008
4.5008
4.5008
4.5008
4.5008
4.5008
4.5008
4.5008
4.5008
4.5008
4.5008
4.5008
4.5008
4.5008
4.5008
4.5008
4.5008
4.5008
4.5008
4.5008
4.5008
4.5008
4.47167
4.47167
4.47167
4.47167
4.47167
4.47167
4.47167
4.47167
4.47167
4.47167
4.47167
4.47167
4.47167
4.47167
4.47167
