0
0.00459552
0.00575988
0.00716997
0.0085102
0.00901968
0.00891178
0.00985429
0.0108783
0.0111675
0.0130569
0.0142161
0.0151568
0.0152429
0.0153474
0.0152696
0.0155459
0.0161888
0.0179689
0.0186366
0.018693
0.0186432
0.0184032
0.0185699
0.0198886
0.0199393
0.020951
0.0207516
0.021067
0.0218626
0.02279
0.0235859
0.0245841
0.024589
0.0239775
0.0241504
0.0242687
0.0247914
0.0245152
0.0235085
0.0233281
0.0234993
0.023808
0.0254943
0.0247827
0.0249186
0.0248512
0.0255476
0.0257316
0.0256293
0.0257276
0.0256506
0.0254936
0.0250359
0.0255334
0.0262757
0.026265
0.0256534
0.0258158
0.026279
0.0270612
0.0264116
0.0270473
0.0273367
0.0273876
0.0282486
0.0286689
0.0295377
0.0299361
0.0297807
0.0302507
0.0302828
0.030723
0.0317589
0.0321355
0.0322003
0.0315089
0.0322288
0.0327726
0.0334324
0.0339467
0.0338644
0.0342181
0.0347257
0.0351712
0.0344447
0.0341246
0.0343226
0.0343908
0.0344889
0.0339983
0.034408
0.0343222
0.0346197
0.0355672
0.0356063
0.0364746
0.0363966
0.0370484
0.0375742
