1
1.32778
1.6254
1.86944
2.08427
2.27273
2.45352
2.62484
2.78764
2.93465
3.07299
3.22
3.3571
3.48776
3.60404
3.71037
3.81234
3.9229
4.02756
4.13306
4.2309
4.33283
4.42569
4.52389
4.60416
4.68329
4.77114
4.85733
4.94124
5.02812
5.10934
5.19622
5.28077
5.36402
5.4448
5.52819
5.59814
5.67725
5.7502
5.82747
5.89308
5.97006
6.04296
6.10814
6.17428
6.24018
6.30267
6.36135
6.42191
6.49077
6.55449
6.60948
6.68146
6.74682
6.80101
6.86664
6.93469
6.99259
7.06347
7.12184
7.18589
7.23818
7.30072
7.35973
7.42059
7.4881
7.54431
7.59759
7.65661
7.7089
7.76013
7.81441
7.86938
7.92115
7.96949
8.0258
8.07464
8.12969
8.17619
8.22174
8.28088
8.33667
8.39093
8.43813
8.47999
8.53011
8.58682
8.62735
8.68161
8.72302
8.78029
8.82708
8.87624
8.93271
8.98588
9.02801
9.06733
9.11699
9.16258
9.19799
