           1    0.771264    0.771264           0
           2    0.774756     0.77301  0.00123461
           3    0.937424    0.827815   0.0447554
           4    0.776652    0.815024    0.035347
           5    0.892504     0.83052   0.0314917
           6    0.951988    0.850765   0.0320973
           7    0.756744    0.837333   0.0301918
           8    0.813048    0.834298     0.02657
           9    0.907852     0.84247   0.0248429
          10    0.836284    0.841852   0.0223663
          11    0.956612    0.852284   0.0226358
          12    0.957884    0.861084   0.0223948
          13    0.886912    0.863071   0.0207601
          14     0.92364    0.867397   0.0197228
          15    0.883064    0.868442   0.0184356
          16     0.91022    0.871053   0.0174673
          17     0.88652    0.871963   0.0164635
          18    0.924916    0.874905   0.0158095
          19    0.930872     0.87785   0.0152494
          20    0.902968    0.879106   0.0145386
          21    0.899632    0.880084   0.0138791
          22    0.957756    0.883614   0.0136899
          23    0.919304    0.885166   0.0131823
          24    0.793988    0.881367   0.0131691
          25      0.9511    0.884156   0.0129344
          26    0.937436    0.886205   0.0125982
          27    0.946684    0.888445   0.0123291
          28    0.933552    0.890056   0.0119936
          29    0.943884    0.891912   0.0117228
          30     0.78982    0.888509   0.0118156
          31    0.883792    0.888357   0.0114355
          32    0.947416    0.890203    0.011226
          33    0.958232    0.892264   0.0110735
          34    0.881076    0.891935   0.0107527
          35    0.940772    0.893331   0.0105356
          36    0.939072    0.894601   0.0103193
          37    0.948368    0.896054   0.0101422
          38    0.972368    0.898063   0.0100722
          39    0.824388    0.896173  0.00998951
          40    0.906972    0.896443  0.00974341
          41    0.947824    0.897697  0.00958602
          42     0.96368    0.899268  0.00948565
          43     0.95062    0.900462  0.00933993
          44    0.841356    0.899119  0.00922375
          45    0.823704    0.897443  0.00916976
          46    0.718296    0.893548  0.00976247
          47    0.696484    0.889355   0.0104163
          48    0.912748    0.889843   0.0102107
          49     0.94878    0.891045   0.0100729
          50    0.926664    0.891758   0.0098966
           1    0.626628    0.626628           0
           2    0.544024    0.585326   0.0292049
           3    0.612264    0.594305   0.0208046
           4    0.551196    0.583528   0.0181819
           5    0.605924    0.588007   0.0150872
           6    0.788152    0.621365   0.0329445
           7     0.65446    0.626093   0.0285754
           8    0.658544    0.630149   0.0252897
           9    0.686628    0.636424   0.0232453
          10     0.64348     0.63713   0.0209315
          11    0.749608    0.647355   0.0213808
          12    0.708268    0.652431   0.0201927
          13     0.78596    0.662703   0.0210906
          14    0.677252    0.663742   0.0196097
          15    0.755604    0.669866   0.0192349
          16    0.709152    0.672322   0.0181888
          17     0.55146    0.665212   0.0184561
          18     0.64444    0.664058   0.0174668
          19    0.732812    0.667677   0.0169182
          20    0.632564    0.665921   0.0161631
          21     0.65488    0.665395    0.015402
          22    0.584996    0.661741   0.0151292
          23    0.696144    0.663237   0.0145452
          24    0.681204    0.663985   0.0139584
          25    0.662076    0.663909   0.0134003
          26    0.600388    0.661466   0.0131057
          27    0.577576    0.658359   0.0129834
          28    0.507248    0.652962   0.0135951
          29    0.793532    0.657809   0.0139638
          30     0.60922    0.656189   0.0135919
          31     0.52236    0.651872   0.0138221
          32    0.724844    0.654153   0.0135769
          33    0.689996    0.655239   0.0132089
          34    0.703664    0.656663   0.0128969
          35    0.721168    0.658506   0.0126595
          36    0.754232    0.661165    0.012584
          37     0.69546    0.662092   0.0122779
          38    0.703256    0.663175   0.0120025
          39    0.696096    0.664019   0.0117244
          40    0.786852     0.66709   0.0118266
          41    0.528636    0.663713   0.0120106
          42     0.77972    0.666475   0.0120381
          43    0.699868    0.667252   0.0117831
          44    0.651548    0.666895   0.0115207
          45    0.510332    0.663416   0.0117783
          46    0.717576    0.664593    0.011581
          47    0.768136    0.666796   0.0115422
          48    0.530552    0.663958   0.0116455
          49    0.649184    0.663656   0.0114118
          50     0.63384     0.66306   0.0111991
           1    0.476112    0.476112           0
           2    0.471888       0.474  0.00149341
           3    0.474572    0.474191   0.0010077
           4    0.426524    0.462274   0.0103478
           5    0.546668    0.479153   0.0172175
           6    0.474652    0.478403   0.0143643
           7    0.480832     0.47875   0.0123164
           8    0.476408    0.478457   0.0107804
           9    0.461648    0.476589  0.00974299
          10    0.427092     0.47164  0.00994685
          11     0.45454    0.470085  0.00916325
          12    0.377348    0.462357   0.0111938
          13    0.422928    0.459324   0.0107358
          14    0.369572    0.452913   0.0117279
          15    0.484096    0.454992   0.0111287
          16    0.423212    0.453006    0.010609
          17    0.465092    0.453717   0.0100087
          18    0.333676    0.447048   0.0114611
          19    0.493344    0.449484   0.0111139
          20     0.47474    0.450747   0.0106297
          21    0.420552    0.449309   0.0102203
          22    0.347468     0.44468   0.0107531
          23    0.423968     0.44378   0.0103232
          24    0.370632    0.440732   0.0103332
          25    0.395904    0.438939   0.0100743
          26    0.418964     0.43817  0.00971603
          27    0.390984    0.436423  0.00951206
          28    0.375972    0.434264  0.00941416
          29    0.514316    0.437024  0.00948561
          30    0.476396    0.438337  0.00925977
          31    0.433644    0.438185   0.0089623
          32     0.41804    0.437556  0.00870432
          33    0.493968    0.439265  0.00860677
          34    0.498288    0.441001  0.00852691
          35    0.434464    0.440814  0.00828533
          36    0.476052    0.441793  0.00811279
          37    0.446604    0.441923  0.00789457
          38     0.46142    0.442436  0.00770347
          39    0.396224    0.441251  0.00759653
          40     0.50534    0.442854   0.0075737
          41     0.44276    0.442851  0.00738897
          42     0.37954    0.441344   0.0073652
          43    0.497388    0.442647  0.00730833
          44    0.359544    0.440759  0.00738225
          45     0.50376    0.442159  0.00734976
          46    0.422436     0.44173  0.00720248
          47    0.425812    0.441391  0.00705719
          48    0.330632    0.439084  0.00727763
          49    0.436576    0.439032  0.00712929
          50    0.465944    0.439571  0.00700699
           1    0.321012    0.321012           0
           2    0.281552    0.301282   0.0139512
           3    0.358492    0.320352   0.0181369
           4      0.3008    0.315464   0.0142462
           5    0.333168    0.319005   0.0118288
           6    0.341456    0.322747   0.0104324
           7    0.262436    0.314131   0.0119828
           8    0.321896    0.315102   0.0105242
           9     0.18272    0.300392   0.0167281
          10    0.177304    0.288084   0.0190531
          11    0.273204    0.286731   0.0173689
          12    0.341552    0.291299   0.0165114
          13     0.30756     0.29255   0.0152886
          14    0.250248    0.289529    0.014492
          15    0.249424    0.286855   0.0137703
          16    0.252304    0.284695   0.0130779
          17    0.311232    0.286256   0.0124014
          18     0.27654    0.285717   0.0117242
          19    0.247748    0.283718   0.0112762
          20    0.259092    0.282487   0.0107794
          21    0.271724    0.281974   0.0102782
          22    0.266732    0.281282  0.00983437
          23    0.256596    0.280208  0.00946518
          24    0.273788    0.279941  0.00907458
          25    0.250884    0.278779  0.00878571
          26    0.301704     0.27966  0.00849193
          27    0.363956    0.282782  0.00873249
          28    0.264308    0.282123   0.0084455
          29    0.259212    0.281333  0.00819115
          30     0.35446     0.28377  0.00827286
          31    0.274504    0.283471  0.00801139
          32    0.247536    0.282348  0.00783934
          33    0.372616    0.285084  0.00806491
          34     0.28876    0.285192  0.00782843
          35    0.283876    0.285154  0.00760485
          36    0.324616     0.28625  0.00747219
          37    0.273816    0.285914  0.00727779
          38    0.353084    0.287682  0.00729777
          39     0.34936    0.289263     0.00728
          40    0.271852    0.288828    0.007111
          41    0.340224    0.290082  0.00704718
          42    0.204212    0.288037  0.00716984
          43    0.237632    0.286865  0.00709827
          44    0.271148    0.286508  0.00694593
          45     0.25464      0.2858  0.00682758
          46    0.295896    0.286019  0.00668268
          47    0.233856    0.284909  0.00663202
          48    0.232704    0.283822  0.00658243
          49    0.213952    0.282396  0.00660073
          50    0.263548    0.282019  0.00647947
           1     0.21894     0.21894           0
           2    0.171904    0.195422   0.0166297
           3    0.205944    0.198929   0.0114504
           4    0.217128    0.203479  0.00944853
           5    0.223988    0.207581  0.00840212
           6    0.175536     0.20224  0.00853199
           7    0.233128    0.206653  0.00837682
           8    0.224488    0.208882  0.00762062
           9     0.21692    0.209775  0.00682602
          10    0.141372    0.202935  0.00893602
          11    0.200076    0.202675  0.00812743
          12    0.220864    0.204191  0.00759017
          13    0.206008     0.20433   0.0070076
          14    0.134632    0.199352  0.00808434
          15    0.207536    0.199898  0.00756377
          16    0.245496    0.202748  0.00760901
          17    0.209912    0.203169  0.00717309
          18    0.252572    0.205914  0.00728075
          19    0.197428    0.205467  0.00691124
          20    0.140648    0.202226  0.00728606
          21    0.235516    0.203811  0.00710947
          22    0.217512    0.204434  0.00681353
          23    0.166944    0.202804  0.00670943
          24     0.19798    0.202603  0.00643288
          25    0.197884    0.202414  0.00617833
          26    0.180452     0.20157  0.00599817
          27    0.243248    0.203113  0.00597134
          28     0.19358    0.202773  0.00576778
          29    0.192544     0.20242  0.00557967
          30    0.170488    0.201356  0.00549426
          31    0.223996    0.202086  0.00536535
          32    0.192008    0.201771  0.00520692
          33      0.1875    0.201339  0.00506706
          34      0.2153    0.201749  0.00493464
          35    0.228916    0.202525  0.00485431
          36    0.234472    0.203413   0.0047999
          37    0.158916     0.20221  0.00481847
          38    0.191032    0.201916  0.00470064
          39    0.159116    0.200819  0.00470648
          40    0.212416    0.201108  0.00459774
          41    0.176732    0.200514  0.00452387
          42    0.173396    0.199868    0.004462
          43    0.244624    0.200909  0.00447798
          44     0.22524    0.201462  0.00441022
          45    0.162996    0.200607  0.00439428
          46     0.24562    0.201586  0.00440635
          47    0.223572    0.202054  0.00433736
          48    0.165204    0.201286   0.0043144
          49    0.215544    0.201577  0.00423616
          50    0.182316    0.201192  0.00416891
           1    0.127356    0.127356           0
           2    0.146644       0.137  0.00681934
           3    0.156664    0.143555  0.00702215
           4    0.140944    0.142902  0.00529686
           5     0.14112    0.142546  0.00424946
           6       0.158    0.145121  0.00425075
           7    0.138984    0.144245  0.00373283
           8    0.160264    0.146247   0.0037652
           9      0.1696    0.148842  0.00414562
          10    0.119344    0.145892  0.00466389
          11    0.127488    0.144219  0.00453006
          12     0.15012    0.144711  0.00417916
          13    0.137224    0.144135  0.00389717
          14    0.114188    0.141996  0.00416467
          15    0.143736    0.142112  0.00388864
          16    0.186544    0.144889  0.00452992
          17    0.154616    0.145461  0.00429944
          18    0.138232    0.145059   0.0040793
          19    0.150192    0.145329  0.00387353
          20     0.11844    0.143985  0.00390622
          21    0.137168     0.14366  0.00373368
          22     0.16524    0.144641  0.00369056
          23    0.131208    0.144057  0.00357602
          24    0.147312    0.144193  0.00342959
          25    0.147316    0.144318  0.00329468
          26    0.153392    0.144667  0.00318639
          27    0.178332    0.145914  0.00330334
          28    0.136404    0.145574  0.00320277
          29    0.104712    0.144165  0.00338813
          30    0.179208    0.145333  0.00347072
          31    0.148024     0.14542  0.00335984
          32    0.149256     0.14554  0.00325699
          33    0.166484    0.146174  0.00321953
          34    0.125092    0.145554  0.00318399
          35     0.15818    0.145915  0.00311339
          36    0.153084    0.146114  0.00303327
          37    0.153532    0.146315  0.00295791
          38    0.152428    0.146476  0.00288444
          39    0.151556    0.146606  0.00281342
          40    0.151724    0.146734  0.00274599
          41    0.136256    0.146478  0.00269088
          42    0.121368     0.14588  0.00269241
          43     0.16366    0.146294  0.00266136
          44     0.11478    0.145578  0.00269552
          45    0.164868    0.146006  0.00266949
          46      0.1381    0.145834  0.00261699
          47    0.124292    0.145376  0.00260114
          48    0.163396    0.145752  0.00257389
          49      0.1522    0.145883  0.00252473
          50    0.160224     0.14617  0.00249047
           1      0.1274      0.1274           0
           2    0.106484    0.116942  0.00739492
           3    0.125468    0.119784  0.00544876
           4     0.11244    0.117948    0.004385
           5    0.138988    0.122156  0.00514508
           6     0.07194    0.113787  0.00876098
           7    0.088856    0.110225  0.00820144
           8    0.157452    0.116129  0.00905495
           9    0.106212    0.115027   0.0081156
          10    0.092472    0.112771  0.00761101
          11    0.129016    0.114248  0.00706092
          12    0.071952    0.110723  0.00729941
          13    0.147236    0.113532  0.00725819
          14    0.097892    0.112415  0.00682518
          15    0.116216    0.112668  0.00637487
          16    0.092036    0.111379  0.00610547
          17    0.122868    0.112055  0.00578361
          18     0.13958    0.113584  0.00566085
          19    0.112596    0.113532  0.00536315
          20    0.094944    0.112602  0.00517489
          21    0.142316    0.114017  0.00511825
          22    0.127624    0.114636  0.00492283
          23    0.106488    0.114282  0.00472152
          24    0.142804     0.11547  0.00467197
          25    0.111828    0.115324  0.00448736
          26    0.080812    0.113997  0.00450682
          27    0.099752    0.113469  0.00437068
          28    0.116672    0.113584  0.00421608
          29     0.10246      0.1132  0.00408811
          30    0.111736    0.113151  0.00395213
          31    0.089544     0.11239  0.00389732
          32    0.119188    0.112602  0.00378131
          33    0.124148    0.112952  0.00368288
          34    0.076084    0.111868  0.00373078
          35      0.1352    0.112534  0.00368326
          36     0.10088    0.112211  0.00359515
          37    0.123576    0.112518  0.00351108
          38    0.105544    0.112334  0.00342348
          39     0.09332    0.111847  0.00337023
          40    0.114644    0.111917   0.0032867
          41     0.11068    0.111887  0.00320668
          42     0.10002    0.111604  0.00314275
          43    0.097548    0.111277  0.00308662
          44    0.110944     0.11127  0.00301647
          45    0.127044     0.11162  0.00296974
          46    0.117116     0.11174  0.00290758
          47    0.115692    0.111824  0.00284693
          48    0.136344    0.112335  0.00283308
          49    0.116212    0.112414  0.00277637
          50    0.126576    0.112697  0.00273525
           1    0.071144    0.071144           0
           2    0.099908    0.085526   0.0101696
           3    0.086568   0.0858733  0.00678567
           4    0.091932    0.087388  0.00525558
           5    0.088464   0.0876032  0.00420887
           6    0.088048   0.0876773  0.00350804
           7    0.093992   0.0885794  0.00312073
           8    0.100796   0.0901065  0.00308169
           9    0.092656   0.0903898  0.00275227
          10    0.062956   0.0876464  0.00359295
          11    0.092052   0.0880469  0.00328856
          12    0.079052   0.0872973  0.00309876
          13    0.067616   0.0857834  0.00320899
          14     0.06954   0.0846231  0.00318262
          15    0.076272   0.0840664  0.00301875
          16    0.087636   0.0842895  0.00283831
          17    0.078464   0.0839468  0.00269196
          18    0.088792    0.084216  0.00255582
          19    0.098992   0.0849937  0.00253687
          20    0.094092   0.0854486  0.00245047
          21    0.105732   0.0864145  0.00251695
          22    0.073284   0.0858176  0.00247229
          23    0.057992   0.0846078   0.0026443
          24    0.088396   0.0847657  0.00253882
          25    0.103084   0.0854984  0.00254081
          26    0.054408   0.0843026   0.0027099
          27    0.080668    0.084168  0.00261288
          28    0.100672   0.0847574  0.00258519
          29    0.090648   0.0849606  0.00250401
          30      0.0883   0.0850719  0.00242302
          31     0.07932   0.0848863  0.00235195
          32    0.094092    0.085174  0.00229598
          33    0.084852   0.0851642  0.00222642
          34    0.061808   0.0844773  0.00226444
          35     0.09098   0.0846631  0.00220735
          36     0.10328   0.0851802  0.00220578
          37    0.089644   0.0853009  0.00214946
          38     0.08886   0.0853945  0.00209493
          39     0.09298    0.085589  0.00205023
          40    0.088292   0.0856566  0.00200008
          41    0.086388   0.0856744  0.00195138
          42     0.06934   0.0852855  0.00194329
          43    0.116028   0.0860005  0.00202535
          44     0.10274   0.0863809  0.00201473
          45    0.074944   0.0861268  0.00198592
          46    0.100432   0.0864377  0.00196695
          47     0.06282   0.0859352  0.00198825
          48    0.099208   0.0862117  0.00196596
          49    0.099456    0.086482  0.00194433
          50     0.09162   0.0865848  0.00190816
           1    0.063296    0.063296           0
           2    0.069756    0.066526  0.00228395
           3    0.062348   0.0651333  0.00190038
           4    0.084396    0.069949  0.00440731
           5     0.06138   0.0682352  0.00384465
           6      0.0782    0.069896  0.00354448
           7    0.083168    0.071792  0.00350877
           8    0.084884   0.0734285  0.00343065
           9     0.05586   0.0714764  0.00356179
          10    0.050216   0.0693504  0.00378735
          11    0.077588   0.0700993   0.0035163
          12     0.06966   0.0700627  0.00322347
          13    0.079256   0.0707698   0.0030521
          14    0.066036   0.0704317  0.00285276
          15    0.082056   0.0712067  0.00276583
          16     0.06544   0.0708462  0.00261634
          17     0.06738   0.0706424  0.00247037
          18    0.059516   0.0700242  0.00240922
          19    0.058564   0.0694211  0.00235672
          20    0.059316   0.0689158   0.0022924
          21     0.07988   0.0694379  0.00224191
          22    0.078384   0.0698445  0.00217657
          23    0.091384    0.070781   0.0022745
          24    0.067308   0.0706363  0.00218433
          25     0.07574   0.0708405  0.00210647
          26      0.0741   0.0709658  0.00202918
          27    0.064564   0.0707287  0.00196783
          28    0.069156   0.0706726  0.00189835
          29    0.069096   0.0706182  0.00183367
          30    0.067736   0.0705221  0.00177506
          31    0.058692   0.0701405  0.00175835
          32    0.089232   0.0707371  0.00180177
          33    0.061436   0.0704553  0.00176908
          34    0.074736   0.0705812  0.00172152
          35    0.061684    0.070327    0.001691
          36     0.05664   0.0699468  0.00168623
          37    0.045564   0.0692878  0.00176473
          38    0.074616    0.069428  0.00172385
          39    0.052312   0.0689891  0.00173462
          40    0.058228   0.0687201  0.00171199
          41    0.056796   0.0684293  0.00169476
          42    0.074348   0.0685702  0.00166025
          43      0.0603   0.0683779  0.00163274
          44    0.074208   0.0685104    0.001601
          45    0.058456   0.0682869  0.00158094
          46    0.080424   0.0685508  0.00156843
          47    0.043952   0.0680274  0.00162004
          48    0.071016   0.0680897  0.00158748
          49    0.079712   0.0683269   0.0015727
          50    0.067196   0.0683042  0.00154141
           1     0.05146     0.05146           0
           2     0.05848     0.05497  0.00248194
           3    0.072244    0.060728  0.00498406
           4    0.078124    0.065077  0.00530644
           5     0.05594   0.0632496  0.00454894
           6      0.0513    0.061258  0.00420421
           7    0.070972   0.0626457  0.00382579
           8    0.054304    0.061603  0.00348677
           9     0.04164   0.0593849  0.00373889
          10    0.051936     0.05864   0.0034384
          11     0.06986     0.05966  0.00327362
          12    0.059468    0.059644  0.00300086
          13     0.06408   0.0599852  0.00278935
          14      0.0524   0.0594434  0.00264221
          15    0.064496   0.0597803  0.00248744
          16    0.063968    0.060042  0.00234571
          17    0.064676   0.0603146   0.0022235
          18    0.051584   0.0598296  0.00215223
          19    0.058224   0.0597451  0.00204061
          20    0.062544    0.059885  0.00194337
          21    0.053464   0.0595792  0.00187473
          22    0.056124   0.0594222  0.00179608
          23    0.066996   0.0597515  0.00174792
          24    0.051672   0.0594148   0.0017072
          25    0.049076   0.0590013  0.00168826
          26    0.062904   0.0591514  0.00162998
          27       0.059   0.0591458  0.00156962
          28     0.04626   0.0586856  0.00157959
          29    0.062656   0.0588225  0.00153104
          30    0.062188   0.0589347  0.00148411
          31    0.058516   0.0589212   0.0014363
          32     0.05944   0.0589374  0.00139151
          33    0.057448   0.0588922  0.00135007
          34    0.056048   0.0588086  0.00131295
          35    0.059956   0.0588414  0.00127585
          36    0.063432   0.0589689  0.00124677
          37    0.055748   0.0588818  0.00121611
          38    0.058484   0.0588714  0.00118415
          39     0.02948   0.0581177  0.00137281
          40    0.057648    0.058106  0.00133854
          41     0.06844    0.058358  0.00132941
          42    0.057328   0.0583335  0.00129798
          43    0.070704   0.0586212  0.00129929
          44    0.065624   0.0587804  0.00127947
          45    0.062892   0.0588717   0.0012543
          46    0.055856   0.0588062  0.00122874
          47    0.060052   0.0588327  0.00120288
          48    0.055364   0.0587604  0.00117999
          49    0.061672   0.0588198  0.00115741
          50    0.057032   0.0587841  0.00113481
           1    0.037908    0.037908           0
           2    0.054012     0.04596  0.00569362
           3     0.04984   0.0472533  0.00393991
           4    0.055804    0.049391  0.00348695
           5    0.060312   0.0515752  0.00340562
           6    0.047608    0.050914  0.00290149
           7    0.050804   0.0508983  0.00248703
           8      0.0495   0.0507235  0.00218229
           9    0.055052   0.0512044   0.0019921
          10     0.04932    0.051016  0.00180178
          11    0.047364    0.050684  0.00166829
          12    0.039264   0.0497323  0.00178013
          13    0.058432   0.0504015  0.00176451
          14    0.052252   0.0505337  0.00164341
          15    0.048844   0.0504211  0.00153771
          16    0.045144   0.0500912  0.00147655
          17    0.064144   0.0509179  0.00160448
          18    0.047808   0.0507451  0.00152462
          19    0.052124   0.0508177   0.0014461
          20    0.048532   0.0507034  0.00137831
          21    0.055828   0.0509474   0.0013341
          22    0.033028   0.0501329  0.00150166
          23    0.058408   0.0504927  0.00147884
          24    0.045856   0.0502995  0.00142979
          25    0.052508   0.0503878  0.00137532
          26    0.049016   0.0503351  0.00132344
          27    0.053692   0.0504594  0.00128025
          28       0.053   0.0505501  0.00123774
          29      0.0489   0.0504932  0.00119636
          30    0.052912   0.0505739   0.0011592
          31    0.052588   0.0506388  0.00112362
          32    0.058776   0.0508931  0.00111691
          33    0.049316   0.0508453  0.00108409
          34    0.045072   0.0506755  0.00106542
          35    0.041928   0.0504256  0.00106389
          36    0.047356   0.0503403  0.00103775
          37    0.046504   0.0502366  0.00101487
          38    0.059588   0.0504827  0.00101756
          39    0.060232   0.0507327  0.00102171
          40    0.053632   0.0508052 0.000998739
          41      0.0455   0.0506758 0.000982726
          42      0.0557   0.0507954 0.000966581
          43     0.06178   0.0510509 0.000977276
          44     0.05478   0.0511356 0.000958733
          45     0.07396   0.0516428  0.00106316
          46     0.06412   0.0519141  0.00107409
          47    0.056824   0.0520186  0.00105631
          48    0.060992   0.0522055  0.00105072
          49    0.053604    0.052234  0.00102966
          50    0.043384    0.052057  0.00102417
           1    0.050008    0.050008           0
           2    0.042308    0.046158  0.00272236
           3    0.058468   0.0502613  0.00381035
           4    0.046152    0.049234  0.00299305
           5    0.044988   0.0483848  0.00251203
           6     0.02996    0.045314  0.00349862
           7    0.038516   0.0443429   0.0031307
           8    0.042296    0.044087   0.0027498
           9    0.054196   0.0452102  0.00266381
          10    0.049584   0.0456476  0.00243307
          11    0.033084   0.0445055  0.00246543
          12    0.029036   0.0432163  0.00257504
          13    0.045368   0.0433818  0.00238227
          14    0.048212   0.0437269  0.00223695
          15    0.037736   0.0433275  0.00212318
          16    0.044892   0.0434253  0.00199273
          17    0.035296   0.0429471  0.00193203
          18     0.03264   0.0423744  0.00190767
          19     0.04596   0.0425632  0.00181657
          20    0.039492   0.0424096  0.00173222
          21    0.041976    0.042389  0.00164986
          22    0.036496   0.0421211  0.00159646
          23    0.030872    0.041632  0.00160022
          24    0.046848   0.0418493  0.00154823
          25    0.036988   0.0416549  0.00149846
          26    0.043196   0.0417142    0.001442
          27     0.04668   0.0418981  0.00140027
          28    0.039988   0.0418299  0.00135192
          29    0.042712   0.0418603  0.00130565
          30    0.040496   0.0418148  0.00126292
          31    0.054208   0.0422146   0.0012839
          32    0.047152   0.0423689  0.00125301
          33    0.038612    0.042255   0.0012202
          34    0.038148   0.0421342  0.00119028
          35     0.04176   0.0421235  0.00115632
          36    0.043052   0.0421493  0.00112449
          37    0.043884   0.0421962  0.00109507
          38    0.042436   0.0422025  0.00106627
          39       0.036   0.0420435  0.00105073
          40    0.054264    0.042349  0.00106795
          41    0.050344    0.042544  0.00105956
          42    0.045408   0.0426122  0.00103652
          43    0.045664   0.0426832  0.00101484
          44    0.043776    0.042708 0.000992081
          45    0.045684   0.0427741 0.000972237
          46    0.053168   0.0430001 0.000977005
          47    0.037124   0.0428751 0.000964184
          48    0.041684   0.0428503 0.000944416
          49    0.058664    0.043173 0.000978732
          50    0.051688   0.0433433 0.000973861
           1    0.038968    0.038968           0
           2     0.03334    0.036154   0.0019898
           3    0.053936   0.0420813  0.00501815
           4    0.037492    0.040934  0.00389257
           5      0.0396   0.0406672  0.00312318
           6    0.047972   0.0418847  0.00283002
           7    0.037124   0.0412046  0.00250611
           8    0.039728     0.04102  0.00219964
           9    0.037356   0.0406129  0.00199255
          10    0.040772   0.0406288  0.00179336
          11    0.046232   0.0411382  0.00170113
          12     0.03372     0.04052  0.00166791
          13    0.047488    0.041056  0.00162345
          14    0.027948   0.0401197  0.00175686
          15    0.032148   0.0395883  0.00171824
          16    0.037092   0.0394322  0.00161791
          17    0.039584   0.0394412  0.00152277
          18    0.029816   0.0389064  0.00152918
          19    0.030468   0.0384623  0.00151182
          20    0.038924   0.0384854   0.0014364
          21    0.045576    0.038823  0.00140713
          22    0.048316   0.0392545  0.00140777
          23    0.035796   0.0391042  0.00135457
          24    0.041196   0.0391913  0.00130093
          25    0.037252   0.0391138  0.00125121
          26     0.02954   0.0387455   0.0012561
          27    0.040996   0.0388289  0.00121234
          28    0.030852    0.038544  0.00120205
          29     0.03466   0.0384101  0.00116803
          30    0.041876   0.0385256   0.0011348
          31     0.03566   0.0384332  0.00110195
          32    0.044608   0.0386261  0.00108428
          33    0.034268   0.0384941  0.00105943
          34    0.033396   0.0383441  0.00103883
          35    0.036068   0.0382791  0.00101118
          36    0.036232   0.0382222 0.000984692
          37    0.053244   0.0386282  0.00103841
          38    0.037272   0.0385925  0.00101169
          39    0.032948   0.0384478 0.000996052
          40    0.030492   0.0382489  0.00099081
          41    0.037924    0.038241 0.000966676
          42    0.045344   0.0384101 0.000958339
          43    0.042472   0.0385046 0.000940696
          44    0.040252   0.0385443 0.000920155
          45     0.03926   0.0385602 0.000899844
          46    0.045408    0.038709 0.000892511
          47    0.034084   0.0386106  0.00087893
          48     0.03008   0.0384329 0.000878403
          49      0.0354    0.038371 0.000862654
          50    0.040076   0.0384051 0.000846075
           1    0.034608    0.034608           0
           2    0.030976    0.032792  0.00128411
           3    0.043656   0.0364133  0.00307824
           4    0.033652    0.035723  0.00238483
           5    0.037168    0.036012   0.0019253
           6     0.04526   0.0375533  0.00213399
           7     0.02668       0.036  0.00232677
           8    0.040588   0.0365735  0.00210542
           9    0.043932   0.0373911  0.00202402
          10    0.041672   0.0378192  0.00186634
          11    0.042224   0.0382196   0.0017391
          12    0.028856   0.0374393  0.00176055
          13     0.03058   0.0369117  0.00170235
          14    0.029984   0.0364169  0.00165111
          15    0.022672   0.0355005  0.00177721
          16    0.033724   0.0353895   0.0016696
          17     0.02932   0.0350325  0.00160911
          18      0.0253   0.0344918  0.00160799
          19      0.0214   0.0338027  0.00166446
          20    0.032708    0.033748  0.00158213
          21     0.03466   0.0337914  0.00150739
          22    0.038256   0.0339944  0.00145247
          23    0.039932   0.0342525  0.00141207
          24    0.042996   0.0346168  0.00139944
          25    0.029964   0.0344307  0.00135578
          26    0.035224   0.0344612  0.00130398
          27    0.040956   0.0347018  0.00127768
          28    0.030376   0.0345473  0.00124135
          29    0.037044   0.0346334  0.00120153
          30    0.027656   0.0344008  0.00118378
          31    0.034532    0.034405   0.0011456
          32    0.036952   0.0344846  0.00111256
          33    0.038504   0.0346064  0.00108549
          34    0.032068   0.0345318  0.00105613
          35    0.036712   0.0345941  0.00102779
          36    0.023872   0.0342962   0.0010415
          37     0.03818   0.0344012  0.00101863
          38    0.037964   0.0344949 0.000996127
          39    0.022656   0.0341914  0.00101579
          40    0.038576    0.034301 0.000996289
          41     0.04024   0.0344459 0.000982463
          42    0.029332   0.0343241 0.000966587
          43    0.033336   0.0343011 0.000944381
          44    0.036712   0.0343559 0.000924506
          45    0.031568    0.034294 0.000906035
          46    0.031092   0.0342243 0.000889008
          47     0.02958   0.0341255 0.000875568
          48    0.038036    0.034207 0.000861109
          49    0.036952    0.034263 0.000845355
          50     0.03072   0.0341922 0.000831413
           1    0.023036    0.023036           0
           2    0.029204     0.02612  0.00218072
           3    0.028104   0.0267813  0.00155085
           4    0.036136     0.02912  0.00233558
           5    0.038432   0.0309824  0.00250319
           6    0.036104    0.031836  0.00222678
           7    0.027764   0.0312543   0.0019832
           8    0.037972    0.032094  0.00190479
           9    0.026188   0.0314378  0.00180265
          10    0.022564   0.0305504  0.00182779
          11    0.039356   0.0313509  0.00182854
          12    0.028312   0.0310977  0.00169361
          13      0.0243   0.0305748  0.00164207
          14      0.0197    0.029798   0.0016986
          15    0.018204   0.0290251  0.00175241
          16     0.02278   0.0286348  0.00168579
          17     0.03114   0.0287821  0.00159306
          18     0.02312   0.0284676   0.0015353
          19       0.032   0.0286535  0.00146571
          20    0.022096   0.0283256  0.00142862
          21    0.020612   0.0279583  0.00140702
          22    0.029276   0.0280182  0.00134434
          23    0.033588   0.0282603  0.00130752
          24    0.037688   0.0286532  0.00131072
          25    0.024692   0.0284947  0.00126783
          26      0.0391   0.0289026  0.00128301
          27    0.029432   0.0289222  0.00123564
          28    0.023472   0.0287276  0.00120674
          29     0.03794   0.0290452  0.00120622
          30    0.024156   0.0288823  0.00117697
          31     0.02922   0.0288932  0.00113905
          32    0.035832     0.02911  0.00112391
          33    0.035232   0.0292955  0.00110506
          34    0.027792   0.0292513  0.00107344
          35    0.023924   0.0290991   0.0010535
          36    0.036744   0.0293114  0.00104542
          37    0.040052   0.0296017   0.0010567
          38     0.03774   0.0298159  0.00105037
          39    0.030816   0.0298415  0.00102375
          40    0.030468   0.0298572  0.00099828
          41    0.040576   0.0301186  0.00100758
          42     0.03166   0.0301553 0.000984261
          43    0.042536   0.0304433   0.0010026
          44    0.036768    0.030587 0.000990064
          45    0.027172   0.0305111 0.000970967
          46    0.025144   0.0303944 0.000956844
          47    0.040324   0.0306057 0.000959525
          48     0.02206   0.0304277 0.000955909
          49    0.027296   0.0303638 0.000938535
          50    0.034212   0.0304407 0.000922915
           1    0.016316    0.016316           0
           2    0.028484      0.0224  0.00430204
           3     0.03146     0.02542  0.00378231
           4    0.038032    0.028573   0.0039374
           5    0.029224   0.0287032  0.00315207
           6    0.040644   0.0306933  0.00319378
           7    0.027908   0.0302954   0.0027622
           8      0.0345    0.030821  0.00246642
           9    0.029296   0.0306516  0.00219818
          10    0.017744   0.0293608  0.00232667
          11    0.033244   0.0297138  0.00214176
          12      0.0298    0.029721   0.0019633
          13    0.034032   0.0300526  0.00184007
          14    0.021784    0.029462  0.00180093
          15    0.025116   0.0291723  0.00170401
          16    0.020492   0.0286297  0.00168166
          17    0.026168   0.0284849  0.00158896
          18    0.025276   0.0283067  0.00151065
          19    0.024996   0.0281324  0.00144116
          20    0.024556   0.0279536  0.00138015
          21    0.029588   0.0280314  0.00131662
          22    0.031312   0.0281805  0.00126519
          23    0.028092   0.0281767  0.00121019
          24      0.0299   0.0282485  0.00116189
          25    0.021684   0.0279859   0.0011447
          26    0.029708   0.0280522  0.00110259
          27    0.026096   0.0279797  0.00106413
          28     0.02798   0.0279797  0.00102613
          29    0.036712   0.0282808  0.00103398
          30    0.024484   0.0281543  0.00100723
          31    0.024168   0.0280257 0.000982912
          32    0.029132   0.0280602 0.000952803
          33    0.039004   0.0283919 0.000979945
          34    0.026532   0.0283372 0.000952649
          35    0.026044   0.0282717 0.000927681
          36    0.033228   0.0284093 0.000912071
          37    0.024588   0.0283061 0.000893249
          38     0.02576   0.0282391 0.000872251
          39    0.023916   0.0281282   0.0008569
          40     0.02936    0.028159 0.000836031
          41     0.01582    0.027858 0.000868119
          42    0.030468   0.0279202 0.000849671
          43     0.02804    0.027923 0.000829916
          44    0.024616   0.0278478  0.00081445
          45    0.025108   0.0277869 0.000798624
          46    0.028844   0.0278099 0.000781593
          47    0.026812   0.0277887 0.000765252
          48    0.021692   0.0276617 0.000759777
          49     0.02388   0.0275845  0.00074818
          50    0.024764   0.0275281  0.00073534
