           1   0.0714737   0.0714737           0
           2   0.0662704   0.0688721  0.00183964
           3   0.0517421   0.0631621   0.0048208
           4   0.0713902   0.0652191  0.00403064
           5    0.078253   0.0678259  0.00397916
           6   0.0421345    0.063544  0.00512587
           7   0.0740529   0.0650453   0.0046082
           8   0.0680133   0.0654163  0.00404709
           9   0.0777037   0.0667815  0.00382076
          10     0.10533   0.0706364  0.00501982
          11   0.0477225   0.0685533  0.00497695
          12   0.0468217   0.0667424  0.00488057
          13   0.0574046   0.0660241   0.0045577
          14   0.0600767   0.0655993   0.0042519
          15   0.0714292   0.0659879  0.00398616
          16   0.0662238   0.0660027  0.00373705
          17   0.0583133   0.0655503  0.00354449
          18   0.0606035   0.0652755  0.00335822
          19   0.0615492   0.0650794  0.00318719
          20   0.0670202   0.0651764  0.00302931
          21   0.0727181   0.0655356  0.00290626
          22   0.0427612   0.0645004  0.00295278
          23   0.0628817     0.06443  0.00282523
          24   0.0783097   0.0650083  0.00276607
          25    0.048008   0.0643283  0.00273774
          26    0.045337   0.0635979  0.00272814
          27   0.0492847   0.0630678  0.00267811
          28   0.0553881   0.0627935  0.00259647
          29   0.0501985   0.0623592    0.002543
          30   0.0617651   0.0623394  0.00245831
          31    0.066132   0.0624617  0.00238205
          32    0.048913   0.0620383  0.00234494
          33   0.0362949   0.0612582  0.00240014
          34   0.0720253   0.0615749  0.00235034
          35   0.0565942   0.0614326   0.0022875
          36    0.052886   0.0611952  0.00223624
          37   0.0505141   0.0609065  0.00219436
          38   0.0388293   0.0603255  0.00221218
          39   0.0648575   0.0604417  0.00215851
          40   0.0614531    0.060467   0.0021047
          41   0.0531527   0.0602886  0.00206091
          42   0.0425322   0.0598658  0.00205474
          43   0.0515267   0.0596719  0.00201609
          44   0.0903541   0.0603692  0.00208738
          45   0.0752324   0.0606995  0.00206697
          46   0.0808685    0.061138  0.00206801
          47   0.0803789   0.0615474  0.00206413
          48   0.0636135   0.0615904  0.00202158
          49   0.0445275   0.0612422  0.00201009
          50   0.0522653   0.0610626  0.00197789
           1    0.150984    0.150984           0
           2    0.158194    0.154589  0.00254906
           3    0.143615    0.150931  0.00343644
           4    0.146621    0.149854   0.0027411
           5     0.14165    0.148213  0.00263862
           6    0.134584    0.145941  0.00302233
           7    0.132156    0.143972  0.00316785
           8    0.154269    0.145259  0.00302207
           9    0.138646    0.144524  0.00277419
          10     0.15029    0.145101  0.00255597
          11    0.135366    0.144216  0.00247207
          12    0.133436    0.143318  0.00242381
          13     0.12067    0.141575  0.00279415
          14    0.141455    0.141567  0.00259458
          15    0.112512     0.13963  0.00306038
          16    0.128751     0.13895  0.00294367
          17    0.158281    0.140087  0.00298208
          18    0.149064    0.140586   0.0028578
          19    0.144455    0.140789  0.00271464
          20    0.153495    0.141425   0.0026522
          21    0.150633    0.141863   0.0025619
          22    0.166551    0.142985  0.00267997
          23     0.14945    0.143266  0.00257815
          24    0.144413    0.143314  0.00247117
          25    0.157619    0.143886  0.00243766
          26     0.14626    0.143978  0.00234561
          27    0.153782    0.144341  0.00228667
          28    0.160155    0.144906  0.00227368
          29    0.118326    0.143989  0.00237284
          30    0.151163    0.144228  0.00230576
          31    0.138269    0.144036  0.00223938
          32    0.116258    0.143168  0.00233158
          33    0.123507    0.142572   0.0023358
          34     0.13684    0.142404  0.00227318
          35    0.145722    0.142498  0.00221021
          36    0.129673    0.142142  0.00217734
          37    0.140756    0.142105  0.00211881
          38    0.132983    0.141865  0.00207661
          39    0.135376    0.141698  0.00203002
          40    0.126128    0.141309  0.00201624
          41    0.157953    0.141715  0.00200751
          42    0.121874    0.141243  0.00201453
          43    0.134761    0.141092  0.00197331
          44    0.142595    0.141126  0.00192876
          45    0.153782    0.141407  0.00190629
          46     0.12896    0.141137  0.00188396
          47    0.130672    0.140914  0.00185698
          48    0.164203    0.141399  0.00188061
          49    0.154946    0.141676  0.00186244
          50    0.150027    0.141843  0.00183267
           1    0.199279    0.199279           0
           2    0.191309    0.195294  0.00281749
           3    0.195299    0.195296  0.00187833
           4    0.188423    0.193577  0.00204903
           5    0.189078    0.192678  0.00182616
           6    0.198569    0.193659  0.00176614
           7    0.181091    0.191864  0.00224834
           8    0.193639    0.192086  0.00197822
           9    0.193153    0.192204  0.00176196
          10    0.200822    0.193066   0.0017841
          11    0.187838    0.192591  0.00168403
          12    0.189195    0.192308   0.0015673
          13    0.182653    0.191565  0.00161314
          14    0.192016    0.191597  0.00149823
          15    0.182008    0.190958  0.00152866
          16    0.199619    0.191499  0.00152594
          17    0.186601    0.191211  0.00146313
          18    0.199545    0.191674  0.00145325
          19    0.189924    0.191582  0.00137968
          20    0.199725    0.191989  0.00136946
          21    0.197383    0.192246  0.00132812
          22    0.206107    0.192876   0.0014093
          23    0.196958    0.193054  0.00135915
          24    0.198673    0.193288  0.00132253
          25    0.196407    0.193413   0.0012755
          26    0.196079    0.193515  0.00123056
          27    0.204406    0.193918  0.00124935
          28    0.204889     0.19431  0.00126467
          29    0.200525    0.194525  0.00123908
          30    0.190328    0.194385  0.00120565
          31    0.183903    0.194046  0.00121325
          32    0.186781    0.193819  0.00119639
          33    0.183341    0.193502  0.00120153
          34    0.188858    0.193365  0.00117393
          35    0.201325    0.193593  0.00116221
          36    0.181429    0.193255  0.00117802
          37    0.192166    0.193225  0.00114655
          38    0.197105    0.193328  0.00112091
          39    0.195859    0.193392  0.00109405
          40    0.194799    0.193428  0.00106726
          41    0.196456    0.193501  0.00104379
          42    0.196038    0.193562  0.00102068
          43    0.191448    0.193513 0.000998127
          44    0.200388    0.193669 0.000987597
          45    0.189104    0.193568 0.000970846
          46    0.183262    0.193343 0.000975247
          47    0.193228    0.193341   0.0009545
          48     0.19831    0.193445 0.000940211
          49    0.187687    0.193327 0.000928335
          50    0.196815    0.193397 0.000912386
           1    0.218546    0.218546           0
           2    0.215133     0.21684  0.00120677
           3    0.209906    0.214528  0.00205152
           4    0.210753    0.213585  0.00174224
           5    0.212454    0.213359  0.00140837
           6    0.215312    0.213684   0.0012107
           7    0.206803    0.212701  0.00138026
           8     0.21178    0.212586  0.00121251
           9    0.213673    0.212707  0.00108379
          10    0.225208    0.213957  0.00153553
          11    0.211421    0.213726  0.00141314
          12    0.214223    0.213768  0.00129599
          13    0.212948    0.213705  0.00119783
          14    0.212544    0.213622  0.00111513
          15     0.21373    0.213629  0.00104082
          16    0.215036    0.213717 0.000979473
          17     0.21504    0.213795 0.000924945
          18     0.20988    0.213577 0.000898767
          19     0.21584    0.213696 0.000859319
          20    0.214176     0.21372 0.000816688
          21    0.211357    0.213608 0.000785514
          22     0.21962    0.213881 0.000795934
          23    0.215201    0.213939 0.000763396
          24    0.216689    0.214053 0.000740141
          25    0.217065    0.214174 0.000720276
          26    0.209607    0.213998 0.000713668
          27    0.204325     0.21364 0.000771945
          28    0.218004    0.213796 0.000759948
          29    0.216269    0.213881 0.000738515
          30    0.208976    0.213717  0.00073177
          31    0.210911    0.213627 0.000713743
          32    0.209491    0.213498 0.000703042
          33    0.204047    0.213211 0.000737761
          34    0.213328    0.213215  0.00071607
          35    0.213139    0.213213 0.000695614
          36    0.208463    0.213081 0.000688689
          37    0.215283     0.21314 0.000672644
          38    0.210713    0.213076 0.000657968
          39    0.212838     0.21307 0.000641126
          40    0.219962    0.213242 0.000647837
          41    0.211731    0.213206 0.000633084
          42    0.218659    0.213335 0.000631184
          43    0.217648    0.213436 0.000624424
          44    0.211047    0.213381 0.000612588
          45    0.219604     0.21352 0.000614385
          46     0.21673    0.213589 0.000604981
          47    0.217867     0.21368 0.000598915
          48    0.213648     0.21368 0.000586438
          49    0.216002    0.213727 0.000576381
          50     0.21419    0.213736 0.000564928
           1    0.215037    0.215037           0
           2    0.216828    0.215932 0.000633469
           3    0.211033    0.214299  0.00139862
           4    0.216474    0.214843  0.00114976
           5    0.213294    0.214533 0.000960639
           6    0.220399    0.215511  0.00119887
           7    0.207634    0.214385  0.00146335
           8    0.219943     0.21508  0.00143589
           9    0.210966    0.214623  0.00134714
          10    0.222864    0.215447  0.00144265
          11    0.216037    0.215501  0.00131249
          12    0.213854    0.215364  0.00121027
          13    0.216505    0.215451  0.00112035
          14    0.214652    0.215394  0.00104178
          15    0.212014    0.215169 0.000996406
          16    0.215385    0.215182 0.000934222
          17    0.217719    0.215332 0.000891103
          18    0.216392     0.21539 0.000843543
          19    0.214421    0.215339 0.000800689
          20    0.216244    0.215385  0.00076193
          21    0.217229    0.215472  0.00073069
          22    0.214475    0.215427 0.000698883
          23    0.217538    0.215519 0.000674497
          24    0.216812    0.215573 0.000648541
          25    0.218337    0.215683 0.000631952
          26    0.217548    0.215755 0.000611702
          27     0.21378    0.215682 0.000593404
          28    0.218085    0.215768 0.000578386
          29        0.22    0.215914 0.000576558
          30    0.215619    0.215904 0.000557423
          31     0.21721    0.215946 0.000541032
          32    0.214822    0.215911 0.000525264
          33    0.217744    0.215966 0.000512275
          34    0.214895    0.215935 0.000498177
          35     0.21651    0.215951 0.000484213
          36    0.216404    0.215964 0.000470926
          37    0.216964    0.215991 0.000458973
          38    0.215787    0.215986 0.000446926
          39    0.219544    0.216077 0.000444684
          40     0.22085    0.216196 0.000449289
          41    0.218995    0.216264 0.000443486
          42    0.216451    0.216269 0.000432949
          43    0.216191    0.216267 0.000422884
          44    0.213635    0.216207 0.000417481
          45     0.21671    0.216218 0.000408353
          46    0.214078    0.216172 0.000402118
          47    0.218542    0.216222 0.000396712
          48    0.220589    0.216313 0.000398744
          49    0.216132     0.21631 0.000390623
          50    0.215633    0.216296 0.000383045
           1     0.20898     0.20898           0
           2    0.207543    0.208261  0.00050819
           3     0.20904    0.208521 0.000399624
           4    0.209531    0.208773 0.000371009
           5    0.207378    0.208494 0.000387843
           6    0.212289    0.209127  0.00066171
           7      0.2067     0.20878 0.000651726
           8    0.211096    0.209069 0.000631278
           9    0.206998    0.208839 0.000601638
          10    0.213661    0.209321 0.000708853
          11    0.209122    0.209303 0.000644644
          12     0.21036    0.209391 0.000596912
          13    0.210122    0.209448 0.000553635
          14    0.208263    0.209363 0.000520521
          15    0.210305    0.209426 0.000489597
          16     0.20863    0.209376 0.000461519
          17     0.21022    0.209426 0.000437031
          18    0.208079    0.209351 0.000419109
          19    0.211225     0.20945 0.000408496
          20    0.207267     0.20934 0.000402377
          21    0.209979    0.209371 0.000384362
          22    0.212026    0.209491 0.000385369
          23    0.211213    0.209566 0.000375812
          24     0.20911    0.209547 0.000360633
          25    0.209116     0.20953 0.000346619
          26    0.211606     0.20961 0.000342363
          27    0.204853    0.209434 0.000372271
          28    0.210687    0.209479 0.000361658
          29    0.213579     0.20962 0.000375807
          30    0.210976    0.209665 0.000365991
          31    0.210968    0.209707 0.000356588
          32    0.208781    0.209678 0.000346617
          33    0.208674    0.209648 0.000337447
          34    0.207633    0.209589 0.000332683
          35     0.21041    0.209612 0.000324006
          36    0.210472    0.209636 0.000315886
          37    0.208493    0.209605 0.000308856
          38    0.208044    0.209564 0.000303448
          39    0.211439    0.209612 0.000299453
          40    0.212407    0.209682  0.00030001
          41    0.211258     0.20972 0.000295147
          42    0.212393    0.209784   0.0002949
          43    0.211041    0.209813 0.000289487
          44    0.207523    0.209761 0.000287548
          45    0.208509    0.209733   0.0002825
          46    0.209743    0.209734 0.000276359
          47     0.20895    0.209717 0.000270981
          48    0.210239    0.209728 0.000265554
          49    0.209775    0.209729 0.000260137
          50     0.20758    0.209686 0.000258458
           1     0.19907     0.19907           0
           2    0.199547    0.199309  0.00016874
           3    0.196492     0.19837 0.000774653
           4    0.199734    0.198711 0.000651769
           5    0.198041    0.198577 0.000535006
           6    0.200788    0.198945 0.000558485
           7    0.197306    0.198711 0.000525496
           8    0.198072    0.198631 0.000465851
           9     0.19746    0.198501 0.000431883
          10    0.200306    0.198682 0.000424722
          11    0.199039    0.198714 0.000387354
          12    0.198548      0.1987 0.000355321
          13    0.199359    0.198751 0.000331587
          14    0.199393    0.198797 0.000311056
          15    0.198174    0.198755 0.000293077
          16    0.199094    0.198777 0.000275524
          17    0.197842    0.198722 0.000264745
          18    0.198178    0.198691 0.000251752
          19    0.199386    0.198728 0.000241143
          20    0.196314    0.198607 0.000257518
          21    0.196716    0.198517 0.000260534
          22    0.200293    0.198598 0.000260899
          23    0.198123    0.198577 0.000250371
          24    0.197875    0.198548 0.000241641
          25     0.19775    0.198516 0.000234072
          26    0.199181    0.198542  0.00022646
          27    0.197629    0.198508  0.00022058
          28    0.198277      0.1985 0.000212856
          29    0.198508      0.1985 0.000205516
          30    0.199092     0.19852 0.000199612
          31    0.198657    0.198524 0.000193222
          32    0.198658    0.198528 0.000187229
          33    0.198896    0.198539 0.000181887
          34    0.198968    0.198552 0.000176973
          35    0.198971    0.198564 0.000172321
          36    0.199952    0.198603 0.000171791
          37    0.198732    0.198606 0.000167183
          38    0.198265    0.198597 0.000163024
          39     0.19945    0.198619 0.000160305
          40    0.200943    0.198677 0.000166498
          41     0.19831    0.198668 0.000162678
          42    0.199621    0.198691 0.000160379
          43    0.199561    0.198711  0.00015792
          44    0.197745    0.198689 0.000155849
          45    0.197464    0.198662 0.000154744
          46    0.199686    0.198684 0.000152972
          47    0.198162    0.198673 0.000150121
          48    0.198907    0.198678 0.000147072
          49    0.199071    0.198686  0.00014429
          50    0.197362    0.198659 0.000143812
           1    0.186017    0.186017           0
           2    0.186008    0.186012 3.00583e-06
           3    0.185057    0.185694 0.000259914
           4    0.186484    0.185891 0.000259266
           5     0.18577    0.185867 0.000208551
           6    0.186422     0.18596 0.000193237
           7      0.1854     0.18588 0.000181402
           8    0.185477    0.185829 0.000165566
           9    0.184854    0.185721  0.00017914
          10    0.188245    0.185973  0.00028866
          11    0.185501     0.18593 0.000265588
          12    0.186648     0.18599  0.00025009
          13    0.186136    0.186001 0.000231103
          14    0.184461    0.185891 0.000239373
          15    0.185244    0.185848 0.000227276
          16    0.184451    0.185761 0.000229231
          17    0.185345    0.185736 0.000217048
          18    0.186613    0.185785 0.000210389
          19    0.186594    0.185828 0.000203577
          20    0.185407    0.185807 0.000194482
          21    0.185954    0.185814 0.000185348
          22    0.186336    0.185837 0.000178437
          23    0.184809    0.185793 0.000176197
          24    0.185971      0.1858 0.000169012
          25    0.185246    0.185778 0.000163701
          26    0.186397    0.185802 0.000159126
          27    0.185415    0.185787 0.000153877
          28    0.186354    0.185808 0.000149705
          29     0.18573    0.185805 0.000144567
          30    0.185107    0.185782 0.000141608
          31    0.185602    0.185776 0.000137158
          32     0.18652    0.185799  0.00013483
          33    0.186197    0.185811 0.000131282
          34    0.186174    0.185822 0.000127853
          35    0.185589    0.185815 0.000124374
          36    0.184379    0.185775 0.000127153
          37    0.186488    0.185795 0.000125166
          38    0.185682    0.185792 0.000121907
          39    0.186872    0.185819 0.000121889
          40    0.187257    0.185855  0.00012403
          41    0.185259    0.185841 0.000121856
          42    0.186975    0.185868 0.000121909
          43    0.185286    0.185854 0.000119822
          44    0.186441    0.185868 0.000117838
          45    0.184531    0.185838 0.000118901
          46    0.186073    0.185843 0.000116426
          47    0.184029    0.185804 0.000120175
          48    0.185267    0.185793 0.000118192
          49    0.186298    0.185803 0.000116228
          50    0.184692    0.185781 0.000116009
           1    0.172229    0.172229           0
           2    0.171582    0.171905 0.000228959
           3    0.171981    0.171931 0.000154014
           4    0.171982    0.171944  0.00011605
           5    0.172256    0.172006 0.000108379
           6     0.17297    0.172167 0.000172219
           7    0.173114    0.172302 0.000193633
           8    0.172795    0.172364  0.00017895
           9    0.171513    0.172269 0.000182336
          10    0.172486    0.172291 0.000165387
          11    0.172772    0.172334 0.000156027
          12    0.173186    0.172405 0.000158338
          13     0.17295    0.172447 0.000151601
          14    0.171399    0.172372 0.000158199
          15    0.172157    0.172358 0.000148306
          16    0.172201    0.172348  0.00013936
          17    0.172639    0.172365 0.000132206
          18    0.173224    0.172413  0.00013319
          19    0.172129    0.172398 0.000127016
          20    0.172307    0.172394 0.000120747
          21    0.172227    0.172386 0.000115256
          22    0.173765    0.172448 0.000125923
          23    0.172241    0.172439 0.000120771
          24    0.172713    0.172451 0.000116277
          25    0.172609    0.172457 0.000111798
          26     0.17298    0.172477 0.000109295
          27    0.171872    0.172455  0.00010752
          28    0.172823    0.172468 0.000104482
          29    0.172824     0.17248 0.000101599
          30    0.171802    0.172458 0.000100694
          31    0.172418    0.172456 9.74543e-05
          32    0.173408    0.172486  9.8842e-05
          33    0.172771    0.172495 9.62244e-05
          34    0.173447    0.172523 9.73864e-05
          35    0.173296    0.172545 9.70805e-05
          36    0.171822    0.172525 9.64353e-05
          37    0.171513    0.172497 9.76316e-05
          38    0.171272    0.172465 0.000100243
          39    0.173118    0.172482 9.90597e-05
          40    0.174364    0.172529 0.000107172
          41    0.171699    0.172509 0.000106451
          42    0.173088    0.172522 0.000104806
          43    0.171191    0.172491 0.000106846
          44    0.171741    0.172474  0.00010577
          45    0.172013    0.172464 0.000103916
          46    0.173088    0.172478 0.000102537
          47    0.172167    0.172471 0.000100569
          48    0.172019    0.172462 9.89142e-05
          49    0.173491    0.172483 9.90997e-05
          50    0.170769    0.172448 0.000102875
           1    0.158789    0.158789           0
           2    0.158642    0.158716 5.20122e-05
           3     0.15902    0.158817 8.97678e-05
           4    0.159563    0.159004 0.000174852
           5    0.159547    0.159112  0.00017039
           6    0.159403    0.159161 0.000148711
           7    0.159379    0.159192  0.00013068
           8    0.158876    0.159152 0.000120178
           9    0.159652    0.159208 0.000118951
          10    0.159768    0.159264 0.000119512
          11    0.159779    0.159311 0.000117458
          12    0.160111    0.159377 0.000125165
          13    0.159986    0.159424 0.000123993
          14    0.158947     0.15939 0.000119729
          15     0.15944    0.159393 0.000111792
          16    0.159099    0.159375 0.000106313
          17     0.15942    0.159378 0.000100093
          18    0.159453    0.159382 9.46187e-05
          19    0.158873    0.159355 9.33444e-05
          20    0.159337    0.159354 8.86814e-05
          21    0.159892     0.15938 8.80848e-05
          22    0.160386    0.159426 9.52252e-05
          23    0.158976    0.159406 9.30725e-05
          24    0.159213    0.159398   8.954e-05
          25    0.159813    0.159415 8.74849e-05
          26    0.159525    0.159419 8.42234e-05
          27    0.159816    0.159434 8.23808e-05
          28    0.159548    0.159438 7.95402e-05
          29    0.160375     0.15947 8.31002e-05
          30    0.158649    0.159443 8.47176e-05
          31    0.159477    0.159444  8.1992e-05
          32    0.159383    0.159442 7.94516e-05
          33    0.159895    0.159455 7.82205e-05
          34    0.159691    0.159462 7.62262e-05
          35    0.159255    0.159457 7.42779e-05
          36    0.159237     0.15945 7.24642e-05
          37     0.15944     0.15945 7.05063e-05
          38    0.158912    0.159436 7.00604e-05
          39    0.159442    0.159436 6.82641e-05
          40     0.16058    0.159465 7.23016e-05
          41    0.158774    0.159448 7.24729e-05
          42    0.159725    0.159454 7.10471e-05
          43    0.158782    0.159439 7.10965e-05
          44    0.158833    0.159425 7.08035e-05
          45    0.158844    0.159412  7.0399e-05
          46    0.159735    0.159419 6.92182e-05
          47    0.158537      0.1594 7.02418e-05
          48     0.15974    0.159407 6.91349e-05
          49    0.160106    0.159422 6.91773e-05
          50    0.158503    0.159403   7.019e-05
           1    0.146532    0.146532           0
           2    0.146273    0.146403 9.15024e-05
           3    0.147132    0.146646 0.000207721
           4    0.147091    0.146757 0.000183203
           5    0.146995    0.146805 0.000152637
           6     0.14725    0.146879 0.000144074
           7    0.147485    0.146965 0.000147217
           8    0.146119     0.14686 0.000162461
           9    0.146767    0.146849 0.000144732
          10    0.147697    0.146934 0.000153073
          11     0.14779    0.147012 0.000157697
          12    0.146998    0.147011  0.00014456
          13    0.147226    0.147027 0.000134381
          14    0.147044    0.147029 0.000124787
          15    0.147396    0.147053 0.000118854
          16    0.147096    0.147056 0.000111457
          17    0.147159    0.147062 0.000105065
          18    0.147235    0.147071 9.96668e-05
          19    0.146858     0.14706 9.50545e-05
          20     0.14696    0.147055 9.04325e-05
          21    0.147705    0.147086 9.12686e-05
          22    0.147019    0.147083 8.71714e-05
          23    0.147165    0.147087 8.34542e-05
          24    0.147371    0.147099  8.0813e-05
          25    0.147267    0.147105 7.78608e-05
          26    0.147046    0.147103 7.48993e-05
          27    0.146981    0.147098 7.22625e-05
          28    0.146652    0.147083 7.14168e-05
          29     0.14794    0.147112 7.48306e-05
          30    0.146514    0.147092 7.49469e-05
          31    0.146947    0.147087 7.26749e-05
          32    0.146811    0.147079 7.09149e-05
          33    0.146913    0.147074  6.8943e-05
          34    0.147618     0.14709 6.87449e-05
          35    0.147041    0.147088  6.6795e-05
          36    0.146569    0.147074 6.64795e-05
          37    0.146988    0.147072 6.47236e-05
          38    0.146312    0.147052 6.60373e-05
          39    0.147204    0.147056 6.44591e-05
          40    0.147367    0.147063 6.33169e-05
          41     0.14721    0.147067 6.18734e-05
          42    0.147579    0.147079 6.15917e-05
          43    0.146398    0.147063 6.21637e-05
          44    0.147448    0.147072 6.13619e-05
          45    0.146153    0.147052 6.33049e-05
          46    0.147293    0.147057 6.21453e-05
          47    0.147022    0.147056 6.08274e-05
          48    0.147395    0.147063 5.99681e-05
          49    0.147882     0.14708 6.10274e-05
          50    0.146747    0.147073 6.01689e-05
           1    0.135143    0.135143           0
           2    0.135183    0.135163 1.40051e-05
           3    0.135615    0.135313 0.000123425
           4    0.134879    0.135205  0.00013197
           5    0.135483    0.135261 0.000116737
           6    0.135779    0.135347  0.00012524
           7    0.135948    0.135433  0.00013354
           8    0.134419    0.135306 0.000166429
           9     0.13506    0.135279 0.000150164
          10    0.135823    0.135333 0.000144657
          11    0.135736     0.13537 0.000136066
          12    0.135061    0.135344  0.00012713
          13    0.136001    0.135395 0.000126988
          14    0.135429    0.135397 0.000117941
          15    0.136076    0.135442 0.000118447
          16    0.135534    0.135448 0.000111183
          17    0.135537    0.135453 0.000104767
          18    0.135466    0.135454 9.89489e-05
          19     0.13531    0.135446 9.40304e-05
          20     0.13542    0.135445 8.93379e-05
          21     0.13531    0.135439  8.5314e-05
          22    0.135446    0.135439 8.14368e-05
          23    0.135036    0.135422 7.97573e-05
          24    0.135864     0.13544 7.85346e-05
          25    0.135962    0.135461 7.81162e-05
          26    0.135637    0.135468 7.54037e-05
          27    0.135461    0.135467 7.26113e-05
          28    0.135065    0.135453 7.14291e-05
          29    0.135254    0.135446 6.92933e-05
          30    0.134844    0.135426 6.98274e-05
          31    0.135322    0.135423 6.76553e-05
          32    0.135157    0.135414 6.60491e-05
          33    0.134967    0.135401 6.54243e-05
          34    0.135622    0.135407 6.38234e-05
          35    0.135517     0.13541 6.20761e-05
          36    0.135443    0.135411 6.03583e-05
          37    0.135497    0.135414 5.87709e-05
          38     0.13518    0.135408  5.7544e-05
          39    0.135676    0.135414   5.648e-05
          40    0.135448    0.135415 5.50743e-05
          41    0.135521    0.135418 5.37919e-05
          42    0.135723    0.135425 5.29995e-05
          43    0.135311    0.135422 5.18333e-05
          44    0.136013    0.135436 5.23619e-05
          45    0.135265    0.135432 5.13362e-05
          46    0.135897    0.135442  5.1207e-05
          47    0.135611    0.135446 5.02434e-05
          48     0.13565     0.13545  4.9377e-05
          49    0.136129    0.135464 5.02775e-05
          50    0.134957    0.135454  5.0285e-05
           1    0.125041    0.125041           0
           2    0.124195    0.124618 0.000299137
           3    0.124776    0.124671 0.000203987
           4    0.124393    0.124601 0.000164368
           5    0.125057    0.124692  0.00015471
           6    0.125226    0.124781 0.000152361
           7    0.125258     0.12485 0.000145022
           8    0.124244    0.124774 0.000145284
           9    0.124375     0.12473 0.000135747
          10    0.124634     0.12472 0.000122511
          11    0.125147    0.124759 0.000117372
          12    0.124841    0.124766 0.000107788
          13    0.125013    0.124785 0.000101166
          14    0.124772    0.124784  9.3944e-05
          15     0.12543    0.124827 9.70523e-05
          16    0.125082    0.124843 9.22858e-05
          17    0.125055    0.124855 8.76944e-05
          18    0.125203    0.124875 8.49287e-05
          19     0.12494    0.124878 8.05277e-05
          20    0.124684    0.124868  7.7083e-05
          21    0.125077    0.124878 7.40514e-05
          22    0.124688     0.12487  7.1186e-05
          23    0.124955    0.124873 6.81869e-05
          24    0.124874    0.124873 6.53458e-05
          25    0.124997    0.124878 6.29193e-05
          26    0.124707    0.124872 6.08447e-05
          27    0.124479    0.124857 6.03062e-05
          28    0.124172    0.124833 6.29228e-05
          29    0.125134    0.124843 6.16057e-05
          30    0.124546    0.124833 6.03416e-05
          31    0.124486    0.124822 5.94227e-05
          32    0.124633    0.124816 5.78597e-05
          33    0.124579    0.124809 5.65503e-05
          34    0.125046    0.124816 5.53162e-05
          35    0.124386    0.124804 5.50844e-05
          36    0.125017    0.124809 5.38721e-05
          37    0.124876    0.124811 5.24457e-05
          38    0.124686    0.124808  5.1169e-05
          39    0.125274     0.12482  5.1233e-05
          40    0.124818     0.12482 4.99522e-05
          41    0.125286    0.124831 5.00102e-05
          42    0.125055    0.124837 4.91021e-05
          43    0.125007    0.124841 4.81198e-05
          44    0.125368    0.124853  4.8495e-05
          45     0.12483    0.124852 4.74198e-05
          46    0.125624    0.124869 4.92672e-05
          47    0.124761    0.124867 4.82726e-05
          48    0.125024     0.12487 4.73787e-05
          49    0.124901     0.12487 4.64162e-05
          50     0.12485     0.12487 4.54896e-05
           1    0.115396    0.115396           0
           2    0.114721    0.115058 0.000238625
           3    0.115025    0.115047 0.000159341
           4    0.114976    0.115029 0.000120481
           5    0.115246    0.115073 0.000103875
           6    0.115475     0.11514 0.000106022
           7    0.115242    0.115154 9.18727e-05
           8    0.114777    0.115107 9.16946e-05
           9    0.114963    0.115091 8.28915e-05
          10    0.115052    0.115087 7.46967e-05
          11    0.115062    0.115085 6.79406e-05
          12    0.114987    0.115077 6.27708e-05
          13    0.114998    0.115071 5.82333e-05
          14    0.114966    0.115063 5.45488e-05
          15    0.115794    0.115112 6.93458e-05
          16    0.115184    0.115116 6.51568e-05
          17     0.11541    0.115134  6.3578e-05
          18    0.115601     0.11516 6.51221e-05
          19    0.115143    0.115159 6.17007e-05
          20    0.115241    0.115163 5.87522e-05
          21    0.115674    0.115187 6.07811e-05
          22    0.114697    0.115165 6.19713e-05
          23    0.115249    0.115169 5.93837e-05
          24    0.115308    0.115174 5.71912e-05
          25    0.115088    0.115171 5.50088e-05
          26    0.115134    0.115169 5.29112e-05
          27    0.114914     0.11516 5.17901e-05
          28    0.114977    0.115153 5.03499e-05
          29    0.115076    0.115151 4.86843e-05
          30    0.115018    0.115146  4.7263e-05
          31    0.115052    0.115143 4.58372e-05
          32     0.11515    0.115144 4.44053e-05
          33    0.115104    0.115142 4.30759e-05
          34    0.115357    0.115149 4.22672e-05
          35    0.115109    0.115148 4.10744e-05
          36    0.115198    0.115149 3.99574e-05
          37    0.115118    0.115148 3.88864e-05
          38    0.115013    0.115145  3.8025e-05
          39    0.115121    0.115144 3.70548e-05
          40     0.11524    0.115146 3.62067e-05
          41    0.115349    0.115151 3.56601e-05
          42    0.115053    0.115149 3.48873e-05
          43     0.11532    0.115153 3.43011e-05
          44    0.115688    0.115165 3.56133e-05
          45    0.115151    0.115165 3.48232e-05
          46    0.115614    0.115175 3.54072e-05
          47    0.115183    0.115175 3.46544e-05
          48    0.115357    0.115179 3.41409e-05
          49    0.115992    0.115195 3.72636e-05
          50     0.11537    0.115199 3.66824e-05
           1    0.106449    0.106449           0
           2    0.106135    0.106292 0.000111052
           3     0.10653    0.106371 9.82112e-05
           4    0.105874    0.106247 0.000130421
           5    0.106367    0.106271 0.000106518
           6    0.106628    0.106331 0.000104061
           7    0.106532    0.106359 9.30751e-05
           8    0.106203     0.10634 8.34776e-05
           9    0.106256    0.106331 7.47143e-05
          10     0.10637    0.106334 6.73462e-05
          11    0.106509     0.10635 6.30645e-05
          12    0.106279    0.106344 5.80851e-05
          13    0.106543     0.10636 5.55829e-05
          14    0.106541    0.106373 5.30978e-05
          15    0.106896    0.106408 5.99355e-05
          16    0.106393    0.106407 5.61962e-05
          17    0.106665    0.106422 5.49025e-05
          18    0.106836    0.106445 5.64633e-05
          19    0.106682    0.106457 5.48507e-05
          20    0.106284    0.106449 5.27915e-05
          21    0.106919    0.106471 5.48306e-05
          22    0.105949    0.106447 5.72398e-05
          23    0.106353    0.106443  5.4899e-05
          24    0.106557    0.106448 5.28165e-05
          25    0.106307    0.106442 5.10036e-05
          26    0.106377     0.10644 4.91035e-05
          27    0.106106    0.106427 4.88177e-05
          28    0.106079    0.106415 4.86307e-05
          29    0.106466    0.106417 4.69851e-05
          30    0.106203     0.10641 4.59574e-05
          31     0.10618    0.106402 4.50677e-05
          32    0.106336      0.1064 4.37069e-05
          33    0.106462    0.106402 4.24231e-05
          34    0.106454    0.106404 4.12026e-05
          35    0.106458    0.106405 4.00553e-05
          36    0.106451    0.106406 3.89629e-05
          37    0.106285    0.106403  3.8047e-05
          38    0.106279      0.1064 3.71857e-05
          39    0.106531    0.106403 3.63849e-05
          40    0.106512    0.106406 3.55772e-05
          41    0.106697    0.106413 3.54085e-05
          42    0.106373    0.106412 3.45781e-05
          43    0.106622    0.106417 3.41184e-05
          44    0.106969    0.106429  3.5577e-05
          45    0.106327    0.106427 3.48595e-05
          46    0.106747    0.106434  3.4786e-05
          47    0.106704     0.10644 3.45152e-05
          48    0.106513    0.106441 3.38295e-05
          49    0.106916    0.106451  3.4496e-05
          50    0.105917     0.10644 3.54231e-05
           1   0.0984517   0.0984517           0
           2    0.098213   0.0983323 8.44241e-05
           3   0.0981643   0.0982763 7.25157e-05
           4   0.0981861   0.0982538 5.77908e-05
           5   0.0982571   0.0982545 4.62365e-05
           6   0.0983746   0.0982745 4.26438e-05
           7   0.0985474   0.0983135 5.13722e-05
           8    0.098439   0.0983292 4.72863e-05
           9   0.0981283   0.0983068 4.70047e-05
          10   0.0982137   0.0982975 4.32166e-05
          11   0.0987014   0.0983342 5.26212e-05
          12   0.0983924   0.0983391 4.84587e-05
          13    0.098555   0.0983557 4.74914e-05
          14   0.0985724   0.0983712 4.65533e-05
          15   0.0989544   0.0984101 5.74376e-05
          16   0.0980946   0.0983903 5.71321e-05
          17   0.0985077   0.0983972 5.41867e-05
          18   0.0986043   0.0984087 5.23831e-05
          19   0.0983993   0.0984082 4.96285e-05
          20   0.0982828    0.098402 4.75416e-05
          21   0.0984564   0.0984046 4.53484e-05
          22   0.0981539   0.0983932 4.46956e-05
          23   0.0984499   0.0983956 4.28204e-05
          24   0.0985864   0.0984036 4.17671e-05
          25   0.0984887    0.098407  4.0235e-05
          26   0.0986128   0.0984149 3.94585e-05
          27   0.0982179   0.0984076 3.86655e-05
          28   0.0981998   0.0984002 3.79902e-05
          29   0.0984604   0.0984023 3.67368e-05
          30   0.0986528   0.0984106 3.64489e-05
          31   0.0983711   0.0984093 3.52955e-05
          32    0.098308   0.0984062 3.43343e-05
          33   0.0985186   0.0984096 3.34624e-05
          34    0.098424     0.09841 3.24809e-05
          35   0.0985094   0.0984128 3.16768e-05
          36   0.0984123   0.0984128 3.07969e-05
          37   0.0982247   0.0984077 3.03812e-05
          38   0.0981574   0.0984012 3.02876e-05
          39   0.0981476   0.0983947 3.02008e-05
          40   0.0987185   0.0984028 3.05116e-05
          41   0.0986643   0.0984091 3.04272e-05
          42   0.0984299   0.0984096 2.97067e-05
          43   0.0986139   0.0984144 2.93932e-05
          44    0.099013    0.098428 3.17177e-05
          45   0.0983774   0.0984269 3.10327e-05
          46   0.0987255   0.0984334 3.10299e-05
          47   0.0985106    0.098435 3.04131e-05
          48   0.0984827    0.098436 2.97958e-05
          49   0.0986986   0.0984413 2.96657e-05
          50   0.0982182   0.0984369  2.9406e-05
