           1     44.8263     44.8263           0
           2      44.246     44.5361    0.205183
           3     45.8606     44.9776    0.385566
           4     44.0902     44.7558    0.347183
           5     43.4472     44.4941    0.363237
           6     46.8514     44.8869    0.469314
           7     43.7462      44.724    0.429632
           8     44.3522     44.6775    0.378433
           9     43.6723     44.5658    0.352483
          10     40.1491     44.1241    0.525554
          11     46.7677     44.3645    0.529882
          12     46.8761     44.5738    0.525438
          13     45.5856     44.6516     0.49075
          14     45.4627     44.7095    0.459104
          15     43.2139     44.6098     0.43919
          16     44.5049     44.6033     0.41179
          17     45.7356     44.6699    0.392917
          18     45.0645     44.6918    0.371699
          19     45.3027     44.7239    0.353524
          20      44.692     44.7223    0.335851
          21     44.0857      44.692    0.321224
          22     47.0691     44.8001    0.324287
          23     44.6774     44.7947    0.310231
          24     43.5186     44.7416    0.301827
          25     46.6447     44.8177    0.299201
          26     46.7448     44.8918    0.296731
          27      46.358     44.9461    0.290668
          28      45.551     44.9677    0.281089
          29     46.3353     45.0149    0.275323
          30     45.2759     45.0236    0.266283
          31     44.9842     45.0223    0.257696
          32      46.335     45.0633    0.252887
          33     47.2133     45.1285    0.253478
          34     43.5955     45.0834        0.25
          35     45.7463     45.1023    0.243574
          36     45.9959     45.1272    0.238069
          37     46.2393     45.1572    0.233525
          38     47.7689     45.2259    0.237278
          39     45.2348     45.2262    0.231194
          40     45.1927     45.2253    0.225415
          41     46.3292     45.2523    0.221519
          42      47.356     45.3023    0.221836
          43     46.4771     45.3297    0.218353
          44      41.005     45.2314    0.234471
          45     43.2407     45.1871    0.233396
          46     42.2723     45.1238    0.236768
          47     42.7888     45.0741    0.236885
          48     44.8996     45.0705    0.231978
          49     46.5889     45.1014    0.229304
          50      46.103     45.1215    0.225591
           1     32.3637     32.3637           0
           2     31.4276     31.8956     0.33094
           3     32.8601     32.2171    0.342901
           4     32.3558     32.2518    0.258923
           5     33.6645     32.5344     0.32676
           6     36.1077     33.1299    0.608045
           7     33.7481     33.2182    0.527556
           8     31.2179     32.9682    0.517485
           9     33.4352     33.0201    0.462581
          10      32.241     32.9422    0.422832
          11     35.5518     33.1794    0.446007
          12     35.4208     33.3662     0.44624
          13      36.632     33.6174    0.477418
          14     33.4098     33.6026    0.443546
          15      39.516     33.9968    0.562522
          16     35.8404      34.112    0.539036
          17     30.8191     33.9183    0.541013
          18     32.9637     33.8653     0.51355
          19     33.8257     33.8632    0.486525
          20     32.1113     33.7756    0.470018
          21     31.5467     33.6695    0.459464
          22     29.4843     33.4792    0.476337
          23     32.2275     33.4248    0.458725
          24     33.5718     33.4309    0.439652
          25     31.0891     33.3373     0.43193
          26     31.7645     33.2768    0.419531
          27     31.7852     33.2215    0.407614
          28     31.3404     33.1543    0.398555
          29     38.3647      33.334    0.423376
          30     32.5467     33.3078    0.410077
          31       33.97     33.3291    0.397404
          32     37.6492     33.4641    0.407271
          33     36.9054     33.5684    0.408062
          34     34.6286     33.5996     0.39725
          35     33.5047     33.5969    0.385909
          36     34.6028     33.6248    0.376199
          37     34.1363     33.6387    0.366286
          38     36.0091      33.701    0.361919
          39      35.053     33.7357    0.354296
          40     37.1633     33.8214     0.35565
          41      30.789     33.7474    0.354582
          42     36.6859     33.8174    0.352975
          43     34.3354     33.8294    0.344971
          44     33.4759     33.8214    0.337225
          45     30.8858     33.7562    0.335981
          46     35.3379     33.7906    0.330432
          47     35.7544     33.8323    0.326033
          48      29.585     33.7439     0.33103
          49     31.5548     33.6992    0.327275
          50     31.9999     33.6652    0.322489
           1     21.4202     21.4202           0
           2     23.3493     22.3847    0.682041
           3     22.0698     22.2797    0.462703
           4     23.8523     22.6729    0.486164
           5     23.7447     22.8872    0.433624
           6     21.6887     22.6875    0.404757
           7     23.4003     22.7893    0.359515
           8     22.1784      22.713    0.322585
           9     21.8178     22.6135    0.301687
          10     21.6836     22.5205    0.285489
          11     23.4001     22.6005    0.270503
          12     23.2136     22.6516     0.25274
          13     25.1468     22.8435    0.297381
          14     20.4015     22.6691    0.323274
          15      25.031     22.8265    0.337903
          16     20.8527     22.7032    0.338556
          17     23.3363     22.7404    0.320682
          18     19.0167     22.5335    0.363519
          19     23.6881     22.5943    0.349428
          20     21.7202     22.5506    0.334679
          21     21.3575     22.4938    0.323528
          22     20.0956     22.3848     0.32667
          23     21.7271     22.3562    0.313716
          24     22.0993     22.3455    0.300827
          25     21.8018     22.3237    0.289579
          26     20.9533      22.271    0.283198
          27     19.9773     22.1861    0.285166
          28     19.6974     22.0972    0.288501
          29     21.8813     22.0897    0.278649
          30     22.3021     22.0968    0.269451
          31     23.5843     22.1448    0.264997
          32     23.8788      22.199    0.262197
          33     23.8936     22.2504    0.259232
          34     23.6872     22.2926    0.255029
          35     19.4988     22.2128    0.259934
          36     24.8261     22.2854    0.262655
          37     22.9278     22.3027    0.256129
          38     21.5739     22.2836    0.250106
          39     22.0432     22.2774    0.243769
          40     23.6268     22.3111    0.239998
          41     22.4966     22.3157    0.234187
          42     20.6627     22.2763    0.231894
          43     22.7872     22.2882    0.226805
          44     19.1697     22.2173    0.232461
          45     24.4209     22.2663    0.232396
          46     24.4301     22.3133    0.232056
          47     22.6909     22.3213    0.227257
          48     20.4434     22.2822    0.225865
          49     22.7753     22.2923     0.22148
          50     22.3783      22.294    0.217057
           1     15.0569     15.0569           0
           2     14.7634     14.9101    0.103772
           3     15.3286     15.0496    0.133258
           4      15.703      15.213    0.173206
           5     15.4374     15.2578    0.144262
           6     16.0153     15.3841    0.166531
           7     16.6429     15.5639    0.219309
           8     15.2482     15.5244    0.195415
           9     14.2906     15.3873    0.216516
          10     11.7529     15.0239    0.396051
          11     14.6247     14.9876    0.361705
          12     15.3263     15.0158    0.332662
          13     15.2835     15.0364    0.307709
          14     14.0673     14.9672    0.293413
          15     14.8012     14.9561    0.274061
          16     14.4695     14.9257    0.258614
          17     14.7081     14.9129    0.243718
          18     15.3769     14.9387    0.231537
          19     13.8144     14.8795    0.226786
          20     14.5297      14.862     0.21612
          21     14.9894     14.8681    0.205914
          22     14.5334     14.8529    0.197116
          23     15.0274     14.8605    0.188691
          24      14.594     14.8494    0.181156
          25     15.2886     14.8669    0.174759
          26     15.3563     14.8858    0.169048
          27     17.0918     14.9675     0.18146
          28     14.7898     14.9611    0.175091
          29     14.0621     14.9301    0.171775
          30     16.5765      14.985    0.174596
          31     14.9745     14.9847    0.168964
          32     14.4919     14.9693    0.164384
          33      17.975     15.0603    0.182904
          34     15.3552      15.069     0.17773
          35     15.3025     15.0757    0.172777
          36     14.6887     15.0649    0.168312
          37     14.3643      15.046    0.164824
          38     15.5998     15.0606     0.16113
          39     15.4148     15.0697    0.157254
          40     14.9327     15.0662     0.15336
          41     16.4258     15.0994    0.153163
          42     13.3058     15.0567    0.155356
          43     14.1006     15.0345    0.153326
          44     14.1641     15.0147    0.151112
          45     13.2697     14.9759    0.152648
          46     14.8284     14.9727    0.149363
          47     13.6267     14.9441    0.148906
          48     14.5666     14.9362    0.146011
          49     14.2934     14.9231    0.143619
          50     14.5209      14.915    0.140972
           1     10.9887     10.9887           0
           2     10.2806     10.6346    0.250358
           3     11.2789     10.8494    0.242094
           4      10.664      10.803    0.185957
           5     11.1614     10.8747    0.161988
           6     9.55653      10.655    0.241752
           7     12.0905     10.8601    0.281039
           8      10.614     10.8293    0.247586
           9     11.2094     10.8716     0.22365
          10      9.7617     10.7606    0.227159
          11     10.8875     10.7721    0.206801
          12     11.3236     10.8181    0.194609
          13     10.6248     10.8032    0.180206
          14     10.5225     10.7831    0.168446
          15     11.5342     10.8332    0.164489
          16     11.9174      10.901    0.167587
          17     10.3996     10.8715    0.160303
          18     11.5215     10.9076    0.155412
          19     10.6725     10.8952    0.147724
          20     10.1498     10.8579    0.144964
          21     11.0723     10.8682     0.13842
          22     10.8756     10.8685    0.132128
          23     10.6606     10.8595    0.126692
          24     10.6821     10.8521    0.121629
          25     10.2641     10.8285    0.119016
          26     10.8395      10.829    0.114439
          27     10.7377     10.8256    0.110251
          28      10.285     10.8063     0.10799
          29     9.94258     10.7765    0.108295
          30     10.5158     10.7678    0.105034
          31     10.6522     10.7641    0.101712
          32     10.4125     10.7531   0.0991247
          33     10.4553     10.7441    0.096531
          34     11.3507     10.7619   0.0953265
          35     11.5461     10.7843   0.0951992
          36     10.8891     10.7872   0.0925993
          37     10.1849     10.7709   0.0915163
          38     9.96573     10.7498   0.0915283
          39       9.955     10.7294   0.0914219
          40     10.2932     10.7185   0.0897843
          41     10.6099     10.7158   0.0876334
          42     10.3272     10.7066   0.0860341
          43     11.2396      10.719   0.0849218
          44     11.0102     10.7256   0.0832494
          45     10.0379     10.7103     0.08279
          46     11.5901     10.7294     0.08317
          47     11.0159     10.7355   0.0816234
          48     9.19578     10.7035   0.0859956
          49     10.7299      10.704   0.0842422
          50     10.2295     10.6945   0.0830902
           1     8.50047     8.50047           0
           2     9.14937     8.82492    0.229419
           3      8.8632     8.83768    0.153301
           4     8.27005     8.69577    0.168294
           5     8.43026     8.64267    0.142767
           6     7.68869     8.48367    0.187673
           7     8.63192     8.50485    0.162053
           8     7.86701     8.42512    0.160214
           9     8.20202     8.40033    0.144318
          10     7.99603      8.3599    0.135431
          11     7.90987     8.31899     0.12915
          12     8.29464     8.31696    0.118404
          13     8.63909     8.34174    0.111859
          14     7.20305      8.2604    0.130121
          15     8.21811     8.25758    0.121477
          16     9.30965     8.32334    0.130473
          17     8.24714     8.31886    0.122875
          18     8.48797     8.32825    0.116407
          19     8.36638     8.33026    0.110298
          20     7.58442     8.29297    0.110908
          21     7.77186     8.26815    0.108367
          22     7.82773     8.24813    0.105274
          23     7.95058     8.23519    0.101489
          24     8.18046     8.23291   0.0972859
          25     8.28492     8.23499   0.0934167
          26     7.97875     8.22514   0.0903421
          27     9.40866     8.26897   0.0970495
          28     8.40542     8.27385   0.0937057
          29     7.53971     8.24853   0.0938317
          30     8.14981     8.24524   0.0907616
          31       8.426     8.25107   0.0880209
          32     8.15101     8.24794   0.0853258
          33     8.66433     8.26056   0.0836679
          34     8.18465     8.25833   0.0812369
          35     8.15303     8.25532   0.0789715
          36     8.32522     8.25726   0.0768017
          37     8.43388     8.26204   0.0748742
          38     7.90124     8.25254   0.0735033
          39     8.13786      8.2496   0.0716774
          40     8.53556     8.25675   0.0702411
          41     8.16349     8.25448   0.0685647
          42     7.76138     8.24273     0.06793
          43     7.79158     8.23224   0.0671556
          44     7.99959     8.22696   0.0658372
          45     8.60498     8.23536   0.0649078
          46     8.15082     8.23352   0.0635228
          47     8.50212     8.23923   0.0624278
          48      7.8158     8.23041   0.0617474
          49     7.88381     8.22334    0.060891
          50     8.79333     8.23474   0.0607309
           1     6.68741     6.68741           0
           2      6.6894      6.6884 0.000704278
           3     6.74953     6.70878   0.0166425
           4     6.42648      6.6382    0.062381
           5      6.4959     6.60974   0.0560226
           6     6.11602     6.52746   0.0884425
           7      6.6131     6.53969   0.0766496
           8     7.52873     6.66332    0.133686
           9     6.89977     6.68959    0.121386
          10     6.13782     6.63442     0.12114
          11     6.93795     6.66201    0.113227
          12     6.38371     6.63882     0.10614
          13      7.0443     6.67001    0.102456
          14      6.5859       6.664   0.0953134
          15     6.62922     6.66168   0.0889874
          16     6.85495     6.67376   0.0842415
          17     6.33279      6.6537   0.0816389
          18     7.13159     6.68025   0.0813059
          19     6.82031     6.68763     0.07736
          20     6.56837     6.68166   0.0737215
          21     7.11113     6.70211   0.0729924
          22     6.75682      6.7046   0.0697169
          23      6.4779     6.69474   0.0673789
          24     6.88498     6.70267    0.065036
          25     6.52702     6.69564    0.062813
          26     6.40404     6.68443   0.0613902
          27     6.39968     6.67388   0.0600155
          28     6.30254     6.66062   0.0593193
          29     6.77146     6.66444   0.0573968
          30     6.68954     6.66528   0.0554897
          31     6.72549     6.66722   0.0537337
          32     6.44234     6.66019    0.052512
          33     6.24927     6.64774   0.0523763
          34     6.82617     6.65299   0.0510981
          35     6.91509     6.66048   0.0501839
          36     6.68491     6.66116   0.0487945
          37     6.75896      6.6638   0.0475472
          38     6.35472     6.65567   0.0469865
          39     6.07602      6.6408    0.048075
          40     6.77799     6.64423   0.0469953
          41     6.63678     6.64405   0.0458495
          42     6.82249      6.6483   0.0449542
          43     6.21746     6.63828   0.0450115
          44     6.68699     6.63939   0.0440021
          45     6.55649     6.63755   0.0430628
          46     6.94879     6.64431    0.042655
          47      6.5047     6.64134   0.0418507
          48     6.24104       6.633   0.0418015
          49     6.58057     6.63193   0.0409621
          50     7.29955     6.64528   0.0422631
           1     5.39219     5.39219           0
           2     5.90962     5.65091     0.18294
           3       5.598     5.63327    0.122807
           4     5.46271     5.59063   0.0992321
           5     5.26165     5.52484   0.0988203
           6     5.78203      5.5677   0.0911747
           7      5.5144     5.56009   0.0784671
           8     5.87014     5.59884   0.0776421
           9     5.59795     5.59874   0.0690153
          10     4.99217     5.53809   0.0846731
          11     5.87063     5.56832   0.0821954
          12     5.51985     5.56428    0.075445
          13      5.3991     5.55157   0.0707033
          14     5.26759     5.53129    0.068501
          15     5.42917     5.52448   0.0642717
          16     5.75695     5.53901   0.0618752
          17     5.84742     5.55715    0.060837
          18     5.85131     5.57349   0.0596118
          19     5.71165     5.58077    0.056916
          20     5.49908     5.57668   0.0542166
          21     5.89785     5.59197   0.0537486
          22     5.41033     5.58372   0.0519358
          23     5.42072     5.57663   0.0501589
          24     5.77054     5.58471   0.0487153
          25     5.70806     5.58964   0.0470159
          26     5.20986     5.57504   0.0474225
          27     5.70127     5.57971    0.045896
          28     5.99734     5.59463   0.0466175
          29     6.07877     5.61132   0.0479061
          30     5.44449     5.60576   0.0466309
          31     5.55016     5.60397   0.0451612
          32      5.6099     5.60415   0.0437502
          33     5.64487     5.60539   0.0424419
          34     5.40523      5.5995   0.0415999
          35     5.74228     5.60358   0.0406108
          36     5.95584     5.61336   0.0406445
          37      5.8058     5.61857   0.0398774
          38      5.4841     5.61503   0.0389846
          39     5.50258     5.61214   0.0380915
          40     5.49511     5.60922   0.0372514
          41      5.9766     5.61818    0.037405
          42     5.32705     5.61125   0.0371511
          43      5.3587     5.60537   0.0367485
          44     5.65777     5.60656   0.0359326
          45     6.15872     5.61883     0.03717
          46     5.89046     5.62474   0.0368281
          47     5.51036     5.62231   0.0361248
          48     5.73898     5.62474   0.0354539
          49      5.3879      5.6199   0.0350582
          50     5.73124     5.62213   0.0344277
           1     4.94766     4.94766           0
           2     5.02018     4.98392   0.0256397
           3     4.80809     4.92531   0.0508175
           4      4.9298     4.92643   0.0381255
           5     4.62412     4.86597   0.0620876
           6     4.87557     4.86757   0.0517603
           7     4.95195     4.87963   0.0457481
           8     4.90378     4.88265   0.0401292
           9      4.9518     4.89033   0.0363986
          10      4.4809     4.84939   0.0508119
          11     5.08222     4.87055   0.0504088
          12     4.85319     4.86911   0.0462288
          13     4.78147     4.86236   0.0431615
          14     4.95327     4.86886    0.040564
          15      5.0776     4.88277    0.040176
          16     4.85963     4.88133    0.037691
          17     4.97514     4.88685   0.0358756
          18     4.67121     4.87487    0.035827
          19     4.85172     4.87365    0.033962
          20     5.02135     4.88103   0.0330571
          21     4.90314     4.88209   0.0314997
          22     4.95034     4.88519   0.0302203
          23     4.99677     4.89004   0.0292932
          24     4.81071     4.88673   0.0282585
          25     4.83988     4.88486   0.0271902
          26     4.92116     4.88626   0.0261803
          27     4.89809     4.88669   0.0252143
          28     4.58922     4.87607   0.0264575
          29     4.96216     4.87904   0.0257112
          30     4.91115     4.88011   0.0248764
          31     5.02158     4.88467   0.0244889
          32     4.76635     4.88098   0.0240012
          33     4.63159     4.87342   0.0244346
          34     4.87554     4.87348    0.023716
          35     4.85186     4.87286   0.0230465
          36     4.64915     4.86665    0.023229
          37     4.89602     4.86744   0.0226147
          38     5.09667     4.87347     0.02281
          39     4.65349     4.86783   0.0229119
          40     4.61121     4.86142     0.02322
          41      4.9799     4.86431   0.0228328
          42     4.55135     4.85686   0.0234735
          43     4.70572     4.85334   0.0231893
          44     4.94341     4.85539   0.0227524
          45     4.96418     4.85781   0.0223749
          46      4.7103      4.8546    0.022117
          47     4.92691     4.85614   0.0216999
          48     4.85987     4.85622    0.021248
          49      4.7304     4.85365   0.0209689
          50     5.04708     4.85752   0.0209033
           1     4.61196     4.61196           0
           2     4.48774     4.54985    0.043917
           3     4.44801      4.5159   0.0403176
           4     4.41281     4.49013   0.0375842
           5     4.07302     4.40671   0.0804459
           6     4.29006     4.38727   0.0693478
           7     4.17852     4.35744   0.0655398
           8     4.37262     4.35934   0.0573748
           9     4.18398     4.33986   0.0542073
          10     4.10011     4.31588   0.0538278
          11     4.49124     4.33182   0.0512406
          12     4.15158      4.3168   0.0491229
          13     4.40491     4.32358   0.0458093
          14     4.36368     4.32645   0.0426267
          15     4.54138     4.34077   0.0421244
          16     4.23867     4.33439    0.039972
          17     4.21292     4.32725   0.0382541
          18      4.0211     4.31024   0.0397303
          19     4.31854     4.31068   0.0376416
          20     4.44712      4.3175   0.0363725
          21     4.21317     4.31253   0.0349781
          22     4.43897     4.31828   0.0338571
          23     4.35046     4.31968   0.0324139
          24     4.26882     4.31756   0.0311325
          25     4.05534     4.30707   0.0316048
          26      4.3867     4.31013   0.0305373
          27     4.22886     4.30712   0.0295542
          28     4.26271     4.30554   0.0285412
          29     4.28307     4.30476   0.0275676
          30     4.36519     4.30678   0.0267222
          31     4.13015     4.30108   0.0264606
          32     4.18978      4.2976   0.0258613
          33     4.27925     4.29704   0.0250836
          34     4.70371       4.309   0.0270476
          35      4.1679     4.30497   0.0265736
          36     4.41389       4.308   0.0260071
          37     4.32742     4.30852   0.0253095
          38     4.39738     4.31086   0.0247512
          39     4.23526     4.30892   0.0241924
          40     4.24203     4.30725   0.0236453
          41     4.67048     4.31611   0.0246725
          42     4.34923      4.3169   0.0240976
          43     4.18253     4.31377    0.023739
          44     4.29635     4.31338   0.0232028
          45     4.24694      4.3119   0.0227341
          46     4.37325     4.31323   0.0222789
          47     4.22214      4.3113   0.0218891
          48     4.30959     4.31126   0.0214331
          49     4.12528     4.30747   0.0213291
          50     4.30342     4.30738   0.0209027
           1     4.14524     4.14524           0
           2     4.05633     4.10078   0.0314351
           3     3.89976     4.03378   0.0585881
           4     3.85902     3.99009   0.0579865
           5     3.90019     3.97211   0.0490973
           6     4.00082     3.97689   0.0411469
           7     4.09431     3.99367   0.0385366
           8      3.8902     3.98073   0.0358241
           9     3.85649     3.96693   0.0344009
          10     4.02795     3.97303   0.0314974
          11     3.96609      3.9724   0.0286403
          12     3.87086     3.96394   0.0274751
          13     3.99667     3.96646   0.0254767
          14     3.96895     3.96663   0.0236576
          15     3.86143     3.95962   0.0230966
          16      3.8468     3.95257    0.022704
          17     3.89493     3.94918   0.0216201
          18     3.81587     3.94177   0.0216503
          19     3.95271     3.94235   0.0205185
          20     3.87393     3.93893   0.0197757
          21     3.86087     3.93521   0.0191801
          22      3.6485     3.92218   0.0223005
          23     3.86293      3.9196   0.0214792
          24     3.99555     3.92277    0.020816
          25     3.89518     3.92166   0.0200126
          26      3.7673     3.91573   0.0201043
          27     3.74591     3.90944   0.0203197
          28     3.81776     3.90616    0.019856
          29      3.8569     3.90446   0.0192438
          30      3.8383     3.90226   0.0187283
          31      3.8777     3.90147   0.0181409
          32     3.99608     3.90442   0.0178133
          33     4.00038     3.90733   0.0175092
          34     3.81813     3.90471   0.0171897
          35     3.72794     3.89966   0.0174248
          36     3.92658      3.9004   0.0169568
          37     3.55896     3.89118    0.018843
          38     4.05777     3.89556   0.0188502
          39     3.95819     3.89717   0.0184352
          40     4.00938     3.89997   0.0181865
          41      3.8434     3.89859   0.0177952
          42     4.01759     3.90143   0.0175956
          43     3.90534     3.90152   0.0171866
          44     3.88183     3.90107   0.0168018
          45     4.09797     3.90544   0.0169886
          46     4.04411     3.90846   0.0168847
          47     3.95701     3.90949    0.016557
          48     3.82082     3.90764   0.0163148
          49     3.79966     3.90544     0.01613
          50     3.91282     3.90559   0.0158081
           1     3.59448     3.59448           0
           2     3.66958     3.63203   0.0265504
           3     3.45444     3.57283   0.0514724
           4     3.68112      3.5999    0.045166
           5     3.56625     3.59317   0.0366309
           6     3.50357     3.57824   0.0334317
           7     3.49506     3.56636   0.0306947
           8     3.57298     3.56718    0.026869
           9     3.67508     3.57917   0.0264231
          10      3.5268     3.57394   0.0242943
          11     3.49844     3.56707   0.0230347
          12     3.64495     3.57356   0.0220105
          13      3.3959      3.5599   0.0241907
          14     3.46262     3.55295   0.0234395
          15     3.56608     3.55382   0.0218932
          16     3.45841     3.54786   0.0213216
          17     3.55274     3.54815   0.0200693
          18     3.66957     3.55489    0.020056
          19     3.55466     3.55488   0.0190004
          20     3.64094     3.55918   0.0185312
          21     3.49314     3.55604   0.0179137
          22     3.61645     3.55878   0.0173086
          23     3.58518     3.55993   0.0165941
          24     3.53405     3.55885   0.0159376
          25     3.45938     3.55487    0.015789
          26     3.60847     3.55694   0.0153157
          27     3.51574     3.55541   0.0148242
          28      3.6297     3.55806   0.0145303
          29     3.48874     3.55567   0.0142246
          30     3.59589     3.55701   0.0138134
          31     3.57477     3.55759   0.0133797
          32     3.69565      3.5619   0.0136395
          33     3.53156     3.56098   0.0132571
          34     3.43295     3.55722   0.0133913
          35     3.59232     3.55822   0.0130462
          36     3.61671     3.55984   0.0127846
          37     3.45774     3.55708   0.0127334
          38     3.54439     3.55675   0.0124027
          39     3.47136     3.55456   0.0122764
          40     3.85128     3.56198   0.0140328
          41     3.70219      3.5654   0.0141011
          42     3.70949     3.56883   0.0141766
          43     3.65504     3.57083    0.013988
          44     3.64498     3.57252   0.0137712
          45     3.58239     3.57274   0.0134669
          46     3.60749     3.57349   0.0131953
          47     3.52583     3.57248   0.0129535
          48     3.47887     3.57053   0.0128296
          49     3.54306     3.56997     0.01258
          50     3.70885     3.57275   0.0126313
           1     3.52421     3.52421           0
           2     3.21852     3.37136    0.108077
           3      3.5116     3.41811   0.0815362
           4     3.40814     3.41562   0.0611902
           5     3.24832     3.38216   0.0573754
           6     3.23966     3.35841   0.0524988
           7     3.18873     3.33417   0.0502845
           8     3.25677     3.32449   0.0449201
           9     3.34138     3.32637   0.0399681
          10     3.32327     3.32606   0.0359725
          11     3.17482     3.31231   0.0352321
          12     3.25307     3.30737   0.0326401
          13     3.34454     3.31023   0.0302543
          14     3.30994     3.31021   0.0280933
          15      3.4358     3.31858   0.0274397
          16     3.33039     3.31932   0.0257346
          17     3.28693     3.31742   0.0242912
          18     3.20589     3.31122   0.0237188
          19     3.21058     3.30592   0.0230543
          20     3.38367     3.30981   0.0222269
          21     3.23226     3.30612   0.0214731
          22     3.35438     3.30831   0.0206088
          23     3.31196     3.30847   0.0197133
          24     3.25417     3.30621   0.0190213
          25     3.32878     3.30711   0.0182819
          26     3.16114      3.3015   0.0184206
          27     3.19137     3.29742   0.0181843
          28     3.09604     3.29023   0.0189037
          29     3.27604     3.28974   0.0182582
          30     3.24849     3.28836   0.0177013
          31     3.24823     3.28707   0.0171776
          32     3.37331     3.28976   0.0168509
          33     3.24522     3.28841   0.0163942
          34     3.26754      3.2878   0.0159235
          35     3.39972       3.291   0.0157864
          36     3.32363      3.2919   0.0153739
          37     3.35375     3.29357   0.0150489
          38     3.26299     3.29277   0.0146744
          39     3.48233     3.29763   0.0150816
          40     3.08207     3.29224   0.0156378
          41      3.2366     3.29088   0.0153151
          42     3.25416     3.29001   0.0149754
          43     3.24754     3.28902   0.0146597
          44     3.33446     3.29005   0.0143628
          45       3.181     3.28763   0.0142467
          46     3.24288     3.28666   0.0139701
          47      3.2299     3.28545    0.013725
          48      3.2676     3.28508   0.0134441
          49     3.27794     3.28493   0.0131705
          50     3.28791     3.28499   0.0129072
           1     3.15874     3.15874           0
           2     3.07277     3.11575   0.0303943
           3     3.13474     3.12208   0.0209112
           4     3.02658     3.09821   0.0259508
           5     3.07352     3.09327   0.0212251
           6     3.25807     3.12074   0.0306848
           7     3.00373     3.10402   0.0305163
           8     3.15774     3.11073   0.0274305
           9     3.13969     3.11395   0.0245706
          10     3.03366     3.10592   0.0233886
          11     3.08749     3.10425   0.0213223
          12     3.13576     3.10687   0.0197065
          13     2.94785     3.09464    0.021657
          14     3.10554     3.09542   0.0201241
          15      2.9528     3.08591   0.0209082
          16     3.06391     3.08454   0.0196466
          17     3.07088     3.08373   0.0185074
          18     3.03084     3.08079   0.0177109
          19     3.10155     3.08189   0.0168124
          20     3.08922     3.08225   0.0159758
          21     2.95078     3.07599    0.016396
          22     3.07691     3.07603   0.0156508
          23     3.06498     3.07555   0.0149777
          24     3.08727     3.07604   0.0143616
          25     3.06457     3.07558   0.0137945
          26     3.04067     3.07424   0.0133291
          27     3.14583     3.07689   0.0130965
          28     3.11453     3.07824   0.0126976
          29     2.95916     3.07413   0.0129065
          30     3.15506     3.07683   0.0127551
          31     3.08833      3.0772   0.0123491
          32     3.09566     3.07778   0.0119766
          33     3.14643     3.07986    0.011793
          34     2.99726     3.07743   0.0116937
          35     3.15898     3.07976   0.0115894
          36     2.98899     3.07724   0.0115385
          37     3.08031     3.07732   0.0112269
          38     2.99321     3.07511   0.0111475
          39     3.00432     3.07329   0.0110085
          40     3.08942     3.07369   0.0107406
          41     3.20462     3.07689   0.0109431
          42     3.12886     3.07812   0.0107523
          43     3.18346     3.08057   0.0107777
          44     3.08032     3.08057   0.0105327
          45     3.06622     3.08025   0.0103035
          46     3.09367     3.08054   0.0100836
          47     3.07727     3.08047  0.00986931
          48     3.12534     3.08141  0.00970786
          49     3.05414     3.08085  0.00952567
          50     3.11782     3.08159  0.00936381
           1      2.9433      2.9433           0
           2      3.0125      2.9779   0.0244659
           3     2.82408     2.92663   0.0449306
           4     2.93221     2.92802   0.0337196
           5      2.9307     2.92856     0.02698
           6     3.02802     2.94514   0.0271011
           7      2.8823     2.93616   0.0246716
           8     2.96913     2.94028   0.0219291
           9     2.96044     2.94252   0.0196066
          10     2.89231      2.9375   0.0182775
          11     2.98073     2.94143   0.0170332
          12     2.89346     2.93743    0.016076
          13     2.96686     2.93969   0.0149979
          14     2.83618      2.9323   0.0156433
          15     2.87303     2.92835   0.0150912
          16     2.82625     2.92197   0.0154383
          17     2.86601     2.91868    0.014877
          18     2.87755     2.91639   0.0142248
          19     2.96901     2.91916   0.0137431
          20     2.88346     2.91738   0.0131714
          21      2.7827     2.91096   0.0140189
          22     2.82433     2.90702   0.0139237
          23     2.91868     2.90753   0.0133276
          24     2.88725     2.90669    0.012799
          25      2.9918     2.91009   0.0127318
          26     2.92199     2.91055   0.0122504
          27     2.94974       2.912   0.0118823
          28     2.82974     2.90906   0.0118156
          29     2.95124     2.91052   0.0114973
          30      2.8155     2.90735   0.0115421
          31     2.90358     2.90723   0.0111704
          32     2.88142     2.90642   0.0108504
          33     2.93171     2.90719   0.0105486
          34      2.7993     2.90401    0.010705
          35     2.83482     2.90204   0.0105801
          36     2.85949     2.90086   0.0103521
          37     3.04342     2.90471   0.0107654
          38     2.83266     2.90281   0.0106478
          39     2.88523     2.90236   0.0103843
          40     2.81348     2.90014   0.0103597
          41     2.94525     2.90124   0.0101653
          42     2.99049     2.90337   0.0101429
          43     2.89365     2.90314  0.00990955
          44     2.98195     2.90493  0.00984489
          45     2.83455     2.90337  0.00974955
          46     2.81715     2.90149  0.00971608
          47     2.86214     2.90065  0.00954537
          48      2.9443     2.90156  0.00938971
          49     2.88018     2.90113  0.00920822
          50     2.83562     2.89982  0.00911677
           1     2.72873     2.72873           0
           2     2.71409     2.72141  0.00517602
           3     2.77753     2.74011   0.0156589
           4     2.75717     2.74438   0.0123109
           5     2.78368     2.75224   0.0121006
           6     2.77138     2.75543   0.0104962
           7     2.76937     2.75742  0.00918364
           8     2.75847     2.75755  0.00803663
           9     2.81925     2.76441  0.00963344
          10     2.69446     2.75741   0.0109178
          11     2.72874     2.75481   0.0102316
          12     2.81814     2.76008   0.0106538
          13      2.8471     2.76678   0.0117504
          14     2.68536     2.76096   0.0122661
          15     2.70719     2.75738   0.0119607
          16     2.76646     2.75795   0.0112266
          17     2.71802      2.7556   0.0108092
          18     2.85727     2.76125    0.011591
          19     2.70564     2.75832   0.0113444
          20     2.80791      2.7608   0.0110448
          21     2.74142     2.75988   0.0105574
          22      2.7708     2.76037   0.0100892
          23     2.73095     2.75909  0.00973127
          24      2.7882     2.76031  0.00940107
          25     2.67692     2.75697   0.0095985
          26     2.76916     2.75744  0.00924077
          27     2.76117     2.75758  0.00889955
          28     2.79492     2.75891  0.00868106
          29     2.81715     2.76092  0.00861089
          30     2.81166     2.76261  0.00848832
          31     2.85765     2.76568  0.00875063
          32      2.7053     2.76379  0.00867817
          33     2.79182     2.76464  0.00845665
          34     2.69382     2.76256  0.00846058
          35     2.78524      2.7632  0.00824364
          36     2.71734     2.76193  0.00811251
          37      2.7482     2.76156  0.00790174
          38     2.74594     2.76115  0.00770448
          39     2.73762     2.76054  0.00753051
          40     2.74702     2.76021  0.00734982
          41     2.73465     2.75958  0.00719695
          42     2.73553     2.75901  0.00704834
          43     2.89992     2.76229  0.00760816
          44     2.76536     2.76236  0.00743557
          45     2.83567     2.76399  0.00744669
          46     2.69494     2.76249  0.00743456
          47      2.7417     2.76204  0.00728951
          48      2.7461     2.76171  0.00714521
          49     2.80203     2.76253  0.00704661
          50     2.81062      2.7635  0.00697099
