           1   -0.998603   -0.998603           0
           2   -0.999763   -0.999183 0.000410188
           3    -1.00654    -1.00163  0.00202033
           4   -0.998672    -1.00089  0.00164544
           5   -0.999196    -1.00055  0.00135094
           6     -1.0092      -1.002  0.00173152
           7    -0.99752    -1.00136  0.00159784
           8    -1.00013     -1.0012  0.00140545
           9    -0.99973    -1.00104  0.00125877
          10   -0.991346    -1.00007   0.0014591
          11    -1.00795    -1.00079  0.00149215
          12    -1.00823    -1.00141  0.00149107
          13    -1.00424    -1.00162  0.00139221
          14    -1.00428    -1.00181  0.00130565
          15    -1.00059    -1.00173  0.00122116
          16    -1.00251    -1.00178  0.00114582
          17    -1.00406    -1.00192  0.00108619
          18    -1.00419    -1.00204  0.00103316
          19    -1.00419    -1.00215 0.000984931
          20    -1.00228    -1.00216 0.000935704
          21    -1.00077    -1.00209 0.000893488
          22    -1.00928    -1.00242 0.000910586
          23    -1.00343    -1.00246 0.000872047
          24   -0.997246    -1.00225 0.000862396
          25     -1.0077    -1.00247 0.000855059
          26    -1.00819    -1.00269 0.000850051
          27    -1.00743    -1.00286 0.000836562
          28    -1.00564    -1.00296 0.000812537
          29    -1.00712     -1.0031 0.000797081
          30     -1.0013    -1.00304 0.000772778
          31    -1.00202    -1.00301  0.00074856
          32    -1.00754    -1.00315  0.00073845
          33    -1.01062    -1.00338 0.000749958
          34     -1.0005    -1.00329 0.000732675
          35    -1.00553    -1.00336 0.000714527
          36    -1.00633    -1.00344 0.000699422
          37    -1.00719    -1.00354 0.000687828
          38    -1.01046    -1.00372 0.000693408
          39    -1.00127    -1.00366 0.000678485
          40    -1.00353    -1.00366 0.000661531
          41    -1.00656    -1.00373 0.000649171
          42    -1.00942    -1.00386  0.00064771
          43    -1.00689    -1.00393 0.000636471
          44   -0.995103    -1.00373 0.000652884
          45    -0.99848    -1.00362 0.000648729
          46   -0.995014    -1.00343 0.000661037
          47   -0.994894    -1.00325 0.000671459
          48    -1.00323    -1.00325 0.000657471
          49    -1.00862    -1.00336 0.000653128
          50    -1.00628    -1.00342 0.000642681
           1   -0.959097   -0.959097           0
           2    -0.95441   -0.956753  0.00165729
           3   -0.961507   -0.958338  0.00170144
           4   -0.959292   -0.958577  0.00129269
           5   -0.962352   -0.959332  0.00123513
           6   -0.968909   -0.960928  0.00178398
           7   -0.966704   -0.961753  0.00170932
           8   -0.958593   -0.961358  0.00154062
           9   -0.964924   -0.961754  0.00141946
          10    -0.95997   -0.961576  0.00128868
          11   -0.967884   -0.962149  0.00129286
          12   -0.967741   -0.962615  0.00126631
          13    -0.97392   -0.963485   0.0014368
          14   -0.963829   -0.963509  0.00133438
          15   -0.976509   -0.964376  0.00150069
          16   -0.969567   -0.964701  0.00144155
          17    -0.95458   -0.964105  0.00147457
          18    -0.96033   -0.963895  0.00140749
          19   -0.964086   -0.963905  0.00133345
          20   -0.958409   -0.963631  0.00129478
          21   -0.959586   -0.963438  0.00124737
          22   -0.952183   -0.962926  0.00129132
          23   -0.961299   -0.962856  0.00123711
          24   -0.962835   -0.962855  0.00118557
          25   -0.957258   -0.962631  0.00115909
          26   -0.960034   -0.962531  0.00111881
          27   -0.956862   -0.962321  0.00109689
          28   -0.953109   -0.961992  0.00110595
          29   -0.975283    -0.96245   0.0011589
          30   -0.958543    -0.96232  0.00112757
          31   -0.961634   -0.962298  0.00109141
          32   -0.974393   -0.962676  0.00112084
          33   -0.970921   -0.962926  0.00111438
          34   -0.966141    -0.96302  0.00108561
          35   -0.962951   -0.963018  0.00105459
          36   -0.969982   -0.963212  0.00104289
          37   -0.964835   -0.963256  0.00101562
          38   -0.967783   -0.963375 0.000995859
          39   -0.966525   -0.963456 0.000973593
          40   -0.972143   -0.963673 0.000973177
          41    -0.95432   -0.963445 0.000975812
          42    -0.97326   -0.963678 0.000980162
          43   -0.966683   -0.963748 0.000959855
          44   -0.962724   -0.963725 0.000938322
          45   -0.955578   -0.963544 0.000934773
          46   -0.969448   -0.963672  0.00092322
          47   -0.970048   -0.963808 0.000913488
          48   -0.951896    -0.96356 0.000927553
          49   -0.958069   -0.963448 0.000915368
          50   -0.959504   -0.963369 0.000900453
           1   -0.910056   -0.910056           0
           2   -0.914498   -0.912277  0.00157041
           3   -0.912156   -0.912237  0.00104746
           4   -0.915038   -0.912937 0.000992445
           5   -0.917332   -0.913816  0.00111742
           6   -0.910391   -0.913245  0.00106708
           7   -0.919809   -0.914183  0.00126105
           8   -0.913342   -0.914078  0.00110779
           9   -0.912963   -0.913954   0.0009916
          10   -0.908246   -0.913383  0.00104388
          11   -0.915879    -0.91361 0.000973323
          12   -0.913387   -0.913591 0.000892391
          13   -0.918224   -0.913948 0.000892069
          14   -0.911189   -0.913751 0.000849829
          15   -0.919714   -0.914148 0.000881261
          16   -0.908453   -0.913792 0.000895194
          17   -0.917247   -0.913995 0.000865298
          18   -0.906022   -0.913552  0.00092367
          19   -0.915888   -0.913675 0.000883199
          20   -0.909595   -0.913471 0.000862288
          21   -0.909602   -0.913287 0.000840678
          22   -0.902635   -0.912803 0.000931531
          23   -0.910071   -0.912684  0.00089857
          24   -0.908166   -0.912496 0.000880626
          25   -0.909583   -0.912379 0.000853075
          26   -0.910175   -0.912295 0.000824468
          27   -0.904875    -0.91202 0.000838483
          28   -0.904104   -0.911737 0.000854872
          29   -0.910007   -0.911677 0.000827472
          30   -0.914792   -0.911781 0.000806378
          31   -0.917554   -0.911967 0.000801581
          32   -0.915548   -0.912079 0.000784303
          33   -0.919455   -0.912303 0.000791738
          34   -0.916284    -0.91242 0.000777061
          35   -0.907194   -0.912271  0.00076907
          36   -0.920314   -0.912494 0.000779483
          37   -0.913558   -0.912523 0.000758946
          38   -0.910779   -0.912477  0.00074036
          39   -0.909865    -0.91241   0.0007244
          40    -0.91331   -0.912432  0.00070664
          41   -0.910873   -0.912394 0.000690428
          42   -0.909077   -0.912315 0.000678493
          43   -0.914595   -0.912368 0.000664782
          44   -0.905995   -0.912224 0.000665269
          45   -0.916624   -0.912321 0.000657634
          46   -0.917773    -0.91244 0.000653931
          47   -0.912411   -0.912439 0.000640018
          48   -0.907167   -0.912329  0.00063604
          49   -0.915519   -0.912395 0.000626382
          50   -0.911057   -0.912368 0.000614425
           1   -0.858697   -0.858697           0
           2   -0.860202    -0.85945 0.000531801
           3    -0.86655   -0.861816  0.00196481
           4   -0.864327   -0.862444  0.00157065
           5   -0.863717   -0.862699    0.001277
           6   -0.862372   -0.862644  0.00106533
           7   -0.866078   -0.863135  0.00101983
           8   -0.863455   -0.863175 0.000893136
           9   -0.858666   -0.862674 0.000923755
          10   -0.848323   -0.861239   0.0015952
          11   -0.862955   -0.861395  0.00145779
          12   -0.862419    -0.86148  0.00133881
          13   -0.862847   -0.861585  0.00123994
          14   -0.861392   -0.861571  0.00115145
          15   -0.859499   -0.861433  0.00108295
          16   -0.859699   -0.861325  0.00102067
          17   -0.861016   -0.861307 0.000960795
          18    -0.86449   -0.861484 0.000923549
          19   -0.858423   -0.861323 0.000888875
          20   -0.859829   -0.861248 0.000847563
          21   -0.862968    -0.86133 0.000811153
          22   -0.855884   -0.861082 0.000811177
          23   -0.859436   -0.861011  0.00077906
          24   -0.858656   -0.860913  0.00075275
          25   -0.857725   -0.860785 0.000733362
          26   -0.865328    -0.86096 0.000725675
          27   -0.871053   -0.861334 0.000789229
          28   -0.857425   -0.861194 0.000773285
          29   -0.858565   -0.861103 0.000751916
          30   -0.867202   -0.861307 0.000753834
          31   -0.863157   -0.861366 0.000731876
          32   -0.863574   -0.861435  0.00071225
          33   -0.871819    -0.86175  0.00075699
          34   -0.861304   -0.861737  0.00073484
          35   -0.861526   -0.861731 0.000713869
          36   -0.866399   -0.861861 0.000705721
          37   -0.860273   -0.861818  0.00068795
          38   -0.865163   -0.861906 0.000675455
          39   -0.863872   -0.861956 0.000660015
          40   -0.856127    -0.86181 0.000659408
          41    -0.86499   -0.861888 0.000647868
          42   -0.854647   -0.861715 0.000654982
          43   -0.856241   -0.861588 0.000652006
          44   -0.862556    -0.86161 0.000637558
          45   -0.855785   -0.861481 0.000636393
          46   -0.859335   -0.861434 0.000624267
          47   -0.856226   -0.861323  0.00062074
          48   -0.859999   -0.861296 0.000608421
          49   -0.857613    -0.86122 0.000600628
          50    -0.86002   -0.861196 0.000589095
           1   -0.814859   -0.814859           0
           2   -0.810887   -0.812873  0.00140414
           3   -0.819242   -0.814996  0.00196998
           4   -0.814081   -0.814767   0.0014907
           5   -0.817014   -0.815216  0.00125846
           6   -0.807877   -0.813993  0.00153186
           7   -0.823059   -0.815288  0.00177814
           8   -0.809908   -0.814616  0.00167823
           9   -0.818969     -0.8151  0.00155992
          10   -0.804374   -0.814027  0.00173388
          11   -0.813554   -0.813984  0.00157679
          12   -0.816353   -0.814181  0.00145769
          13   -0.812748   -0.814071  0.00134972
          14   -0.812967   -0.813992  0.00125562
          15   -0.817818   -0.814247  0.00119753
          16   -0.815858   -0.814348  0.00112691
          17   -0.812102   -0.814216  0.00106834
          18   -0.814396   -0.814226  0.00100903
          19   -0.815661   -0.814301  0.00095875
          20   -0.811322   -0.814152 0.000922311
          21   -0.813652   -0.814129 0.000878699
          22    -0.81602   -0.814215 0.000842954
          23   -0.810115   -0.814036 0.000824931
          24   -0.811981   -0.813951  0.00079499
          25   -0.810792   -0.813824 0.000773166
          26   -0.811835   -0.813748 0.000747205
          27   -0.817053    -0.81387 0.000729489
          28   -0.810925   -0.813765 0.000710979
          29   -0.809059   -0.813603 0.000704741
          30    -0.81327   -0.813592 0.000681337
          31   -0.812941   -0.813571 0.000659682
          32   -0.814527   -0.813601 0.000639744
          33   -0.810902   -0.813519 0.000625563
          34   -0.815437   -0.813575 0.000609703
          35   -0.813703   -0.813579 0.000592294
          36   -0.813873   -0.813587 0.000575897
          37   -0.811145   -0.813521 0.000564101
          38   -0.813032   -0.813508 0.000549403
          39   -0.808107    -0.81337 0.000552497
          40   -0.808168    -0.81324 0.000553779
          41    -0.80985   -0.813157 0.000546407
          42   -0.811908   -0.813127 0.000534206
          43   -0.814143   -0.813151 0.000522305
          44   -0.816508   -0.813227 0.000515978
          45   -0.811246   -0.813183 0.000506386
          46   -0.818505   -0.813299 0.000508423
          47   -0.811507   -0.813261 0.000499034
          48   -0.806481    -0.81312 0.000508234
          49   -0.814092   -0.813139 0.000498249
          50   -0.812927   -0.813135 0.000488302
           1   -0.768352   -0.768352           0
           2   -0.771268    -0.76981  0.00103087
           3   -0.768706   -0.769442 0.000750111
           4     -0.7678   -0.769031 0.000665464
           5   -0.769868   -0.769199 0.000553024
           6   -0.764021   -0.768336 0.000912633
           7   -0.771141   -0.768737 0.000865794
           8    -0.76655   -0.768463 0.000799537
           9   -0.772192   -0.768878 0.000810959
          10    -0.76131   -0.768121  0.00102379
          11   -0.768078   -0.768117 0.000930721
          12   -0.767154   -0.768037 0.000856616
          13   -0.767793   -0.768018 0.000790927
          14    -0.76786   -0.768007 0.000734513
          15   -0.766181   -0.767885 0.000695558
          16   -0.771277   -0.768097 0.000683623
          17   -0.767712   -0.768074 0.000643784
          18   -0.769816   -0.768171  0.00061525
          19   -0.766769   -0.768097  0.00058728
          20   -0.769839   -0.768184 0.000564334
          21   -0.766809   -0.768119 0.000541249
          22   -0.765454   -0.767998 0.000530032
          23   -0.764661   -0.767853 0.000526469
          24   -0.767821   -0.767851 0.000504535
          25   -0.768864   -0.767892 0.000485975
          26   -0.765766    -0.76781  0.00047411
          27   -0.776568   -0.768134 0.000556551
          28   -0.766379   -0.768072 0.000540194
          29   -0.759368   -0.767772 0.000599169
          30   -0.767184   -0.767752 0.000579516
          31   -0.766693   -0.767718 0.000561829
          32   -0.768584   -0.767745 0.000544923
          33   -0.770687   -0.767834 0.000535652
          34   -0.770144   -0.767902 0.000524189
          35   -0.767265   -0.767884 0.000509528
          36    -0.76662   -0.767849 0.000496582
          37   -0.770294   -0.767915  0.00048754
          38   -0.769752   -0.767963   0.0004771
          39    -0.76524   -0.767893  0.00046995
          40    -0.76449   -0.767808  0.00046584
          41   -0.765774   -0.767759 0.000457113
          42   -0.762917   -0.767643 0.000460534
          43   -0.765895   -0.767603 0.000451616
          44   -0.769473   -0.767645 0.000443348
          45   -0.770107     -0.7677 0.000436857
          46    -0.76762   -0.767698 0.000427364
          47   -0.767787     -0.7677 0.000418275
          48   -0.767902   -0.767704 0.000409582
          49   -0.768617   -0.767723 0.000401647
          50   -0.771282   -0.767794 0.000399874
           1   -0.725066   -0.725066           0
           2   -0.723339   -0.724202 0.000610582
           3   -0.729794   -0.726066  0.00157537
           4   -0.723236   -0.725358  0.00133098
           5   -0.727306   -0.725748  0.00112036
           6   -0.720655   -0.724899  0.00121333
           7   -0.727312   -0.725244  0.00108787
           8   -0.729533    -0.72578   0.0010759
           9   -0.728052   -0.726032 0.000985536
          10   -0.721302   -0.725559 0.000994029
          11   -0.725987   -0.725598 0.000904423
          12   -0.725184   -0.725564 0.000829714
          13   -0.726171   -0.725611 0.000767205
          14   -0.723352   -0.725449 0.000729166
          15   -0.726076   -0.725491  0.00068175
          16   -0.724678    -0.72544 0.000641033
          17   -0.726975    -0.72553 0.000609649
          18   -0.728841   -0.725714 0.000602888
          19   -0.724498    -0.72565 0.000574547
          20   -0.729164   -0.725826 0.000572044
          21   -0.730996   -0.726072  0.00059543
          22   -0.722855   -0.725926 0.000586043
          23   -0.725652   -0.725914 0.000560684
          24   -0.727805   -0.725993 0.000542827
          25   -0.727766   -0.726064 0.000525729
          26    -0.72345   -0.725963 0.000515027
          27   -0.726547   -0.725985 0.000496405
          28   -0.725926   -0.725983 0.000478681
          29    -0.72577   -0.725975  0.00046223
          30   -0.725204    -0.72595 0.000447537
          31   -0.724523   -0.725904 0.000435461
          32   -0.726112    -0.72591 0.000421902
          33   -0.725378   -0.725894 0.000409425
          34   -0.723623   -0.725827 0.000402796
          35   -0.726173   -0.725837 0.000391409
          36   -0.723031   -0.725759 0.000388222
          37   -0.725651   -0.725756 0.000377741
          38   -0.725488   -0.725749 0.000367866
          39   -0.724581   -0.725719 0.000359652
          40   -0.721871   -0.725623 0.000363303
          41   -0.725757   -0.725626 0.000354456
          42   -0.723872   -0.725585  0.00034847
          43   -0.721617   -0.725492 0.000352373
          44   -0.727614    -0.72554 0.000347647
          45   -0.728621   -0.725609 0.000346598
          46   -0.724001   -0.725574 0.000340822
          47   -0.726454   -0.725593 0.000334084
          48   -0.725494   -0.725591  0.00032713
          49   -0.726129   -0.725602 0.000320639
          50   -0.727781   -0.725645 0.000317176
           1   -0.683283   -0.683283           0
           2   -0.685571   -0.684427 0.000808713
           3   -0.687089   -0.685314 0.000903046
           4   -0.685186   -0.685282 0.000677853
           5   -0.684076   -0.685041 0.000583607
           6   -0.685057   -0.685043 0.000486345
           7   -0.686885   -0.685307 0.000482786
           8   -0.688036   -0.685648 0.000529411
           9    -0.68815   -0.685926 0.000538689
          10   -0.679767    -0.68531 0.000759228
          11   -0.687301   -0.685491 0.000711455
          12   -0.683608   -0.685334 0.000669249
          13   -0.684211   -0.685248 0.000623314
          14   -0.687084   -0.685379 0.000592433
          15    -0.68571   -0.685401 0.000553348
          16    -0.68905   -0.685629   0.0005638
          17    -0.68629   -0.685668 0.000531973
          18   -0.684048   -0.685578 0.000509972
          19    -0.68567   -0.685583 0.000483155
          20   -0.686256   -0.685616 0.000460168
          21    -0.68749   -0.685705 0.000446823
          22   -0.683735   -0.685616   0.0004354
          23   -0.686856    -0.68567 0.000419796
          24   -0.686101   -0.685688  0.00040269
          25   -0.688172   -0.685787  0.00039865
          26    -0.68309   -0.685683 0.000396589
          27   -0.687059   -0.685734 0.000385161
          28   -0.684971   -0.685707 0.000372369
          29   -0.687573   -0.685771 0.000365048
          30   -0.687092   -0.685816 0.000355525
          31   -0.685787   -0.685815 0.000344058
          32    -0.68511   -0.685793 0.000334011
          33   -0.686059   -0.685801 0.000323987
          34   -0.683669   -0.685738 0.000320467
          35    -0.68648   -0.685759 0.000312012
          36   -0.689947   -0.685875 0.000324303
          37   -0.684224   -0.685831 0.000318594
          38   -0.685365   -0.685819 0.000310446
          39   -0.683421   -0.685757 0.000308514
          40   -0.683259   -0.685695 0.000307059
          41   -0.687137    -0.68573 0.000301578
          42   -0.682532   -0.685654 0.000303859
          43   -0.688091    -0.68571 0.000302031
          44   -0.684698   -0.685687 0.000296041
          45   -0.688965    -0.68576 0.000298288
          46   -0.686291   -0.685772 0.000292027
          47   -0.688376   -0.685827 0.000291022
          48   -0.687466   -0.685861 0.000286955
          49   -0.685997   -0.685864 0.000281112
          50   -0.687548   -0.685898 0.000277499
           1   -0.648973   -0.648973           0
           2   -0.650998   -0.649985 0.000716092
           3   -0.648928   -0.649633 0.000557396
           4     -0.6511       -0.65 0.000524994
           5   -0.648619   -0.649724 0.000487217
           6   -0.647972   -0.649432 0.000485664
           7    -0.64926   -0.649407 0.000416905
           8   -0.649722   -0.649446 0.000366649
           9   -0.652303   -0.649764 0.000442424
          10   -0.647956   -0.649583 0.000433556
          11   -0.648381   -0.649474 0.000407689
          12   -0.645567   -0.649148 0.000486664
          13    -0.64859   -0.649105  0.00045112
          14   -0.653006   -0.649384 0.000497546
          15   -0.651385   -0.649517 0.000481934
          16   -0.649107   -0.649492 0.000452493
          17   -0.649959   -0.649519 0.000426712
          18    -0.64658   -0.649356 0.000433122
          19   -0.649435    -0.64936 0.000410347
          20   -0.650017   -0.649393  0.00039114
          21   -0.651171   -0.649477 0.000381565
          22   -0.644303   -0.649242 0.000430647
          23   -0.650847   -0.649312 0.000417535
          24   -0.649541   -0.649322 0.000400247
          25   -0.648889   -0.649304 0.000384611
          26   -0.647174   -0.649222 0.000378445
          27    -0.65106    -0.64929 0.000370497
          28   -0.648148    -0.64925 0.000359506
          29   -0.648025   -0.649207 0.000349582
          30   -0.652105   -0.649304 0.000351016
          31    -0.64914   -0.649299 0.000339733
          32   -0.647228   -0.649234 0.000335224
          33   -0.648573   -0.649214 0.000325663
          34   -0.645978   -0.649119 0.000329696
          35   -0.647048    -0.64906 0.000325539
          36   -0.649574   -0.649074  0.00031681
          37    -0.65155   -0.649141 0.000315237
          38   -0.651884   -0.649213 0.000315098
          39   -0.648081   -0.649184 0.000308353
          40    -0.64341    -0.64904 0.000332715
          41   -0.651058   -0.649089 0.000328221
          42   -0.646442   -0.649026 0.000326399
          43   -0.651959   -0.649094  0.00032586
          44   -0.652935   -0.649181 0.000329941
          45   -0.650442   -0.649209 0.000323795
          46   -0.649781   -0.649222 0.000316995
          47   -0.649577   -0.649229  0.00031034
          48   -0.648684   -0.649218 0.000304083
          49   -0.647073   -0.649174 0.000301012
          50   -0.654376   -0.649278 0.000312452
           1   -0.617891   -0.617891           0
           2    -0.61717    -0.61753 0.000254785
           3   -0.617692   -0.617584 0.000175484
           4   -0.616232   -0.617246 0.000321005
           5   -0.614046   -0.616606 0.000627493
           6   -0.614807   -0.616306 0.000590197
           7   -0.616031   -0.616267 0.000507191
           8   -0.616033   -0.616238 0.000444632
           9   -0.614279    -0.61602 0.000445315
          10   -0.613937   -0.615812 0.000446855
          11   -0.615573    -0.61579 0.000406757
          12    -0.61338   -0.615589  0.00041954
          13   -0.614153   -0.615479 0.000401548
          14   -0.617583   -0.615629      0.0004
          15   -0.617341   -0.615743 0.000389269
          16   -0.616728   -0.615805 0.000369774
          17   -0.614326   -0.615718 0.000358101
          18   -0.615634   -0.615713 0.000338237
          19   -0.617505   -0.615807 0.000333317
          20   -0.616359   -0.615835 0.000317791
          21   -0.614532   -0.615773 0.000308657
          22    -0.61065    -0.61554 0.000372242
          23   -0.616706   -0.615591 0.000359492
          24     -0.6158   -0.615599 0.000344619
          25   -0.613881   -0.615531 0.000337622
          26   -0.614826   -0.615504 0.000325724
          27   -0.614554   -0.615468 0.000315555
          28   -0.614701   -0.615441 0.000305473
          29    -0.61222    -0.61533 0.000314486
          30   -0.617456   -0.615401 0.000311888
          31   -0.615777   -0.615413 0.000302063
          32   -0.615687   -0.615422 0.000292745
          33   -0.614451   -0.615392 0.000285348
          34   -0.614379   -0.615362 0.000278506
          35   -0.614158   -0.615328 0.000272665
          36   -0.617316   -0.615383 0.000270625
          37   -0.616879   -0.615424 0.000266313
          38   -0.616415    -0.61545 0.000260578
          39   -0.615736   -0.615457 0.000254001
          40   -0.612085   -0.615373 0.000261266
          41   -0.619478   -0.615473 0.000273411
          42   -0.615017   -0.615462 0.000267117
          43   -0.617134   -0.615501 0.000263719
          44   -0.618699   -0.615574 0.000267552
          45   -0.616362   -0.615591 0.000262179
          46   -0.615005   -0.615578 0.000256788
          47   -0.617618   -0.615622 0.000254967
          48   -0.614035   -0.615589 0.000251789
          49   -0.612995   -0.615536 0.000252153
          50   -0.617059   -0.615566 0.000248942
           1    -0.58593    -0.58593           0
           2   -0.588562   -0.587246 0.000930845
           3   -0.586361   -0.586951 0.000665651
           4   -0.584634   -0.586372 0.000707716
           5   -0.583599   -0.585817 0.000752683
           6   -0.583468   -0.585426 0.000721949
           7   -0.582644   -0.585028 0.000719901
           8   -0.586015   -0.585152 0.000640396
           9   -0.586957   -0.585352 0.000599821
          10   -0.582778   -0.585095 0.000592499
          11   -0.582747   -0.584882 0.000575799
          12   -0.582514   -0.584684 0.000560588
          13   -0.585385   -0.584738 0.000520051
          14   -0.586116   -0.584837 0.000492135
          15   -0.583805   -0.584768 0.000464105
          16   -0.586078    -0.58485 0.000442264
          17   -0.584077   -0.584804  0.00041858
          18   -0.584132   -0.584767 0.000396986
          19   -0.586069   -0.584835 0.000381964
          20   -0.583899   -0.584789 0.000365725
          21   -0.582408   -0.584675 0.000365459
          22    -0.58138   -0.584525 0.000378297
          23   -0.584099   -0.584507 0.000362303
          24   -0.583436   -0.584462 0.000349946
          25   -0.583631   -0.584429 0.000337523
          26    -0.58451   -0.584432 0.000324556
          27   -0.584554   -0.584437 0.000312567
          28   -0.584794   -0.584449 0.000301664
          29   -0.581205   -0.584338 0.000311316
          30   -0.586718   -0.584417 0.000310883
          31   -0.585905   -0.584465 0.000304536
          32   -0.586703   -0.584535 0.000302942
          33   -0.585881   -0.584576 0.000296496
          34    -0.58166    -0.58449 0.000299918
          35   -0.584024   -0.584477 0.000291645
          36   -0.585699   -0.584511 0.000285512
          37   -0.584988   -0.584523 0.000278087
          38   -0.586767   -0.584582 0.000276967
          39   -0.586571   -0.584633 0.000274516
          40   -0.584307   -0.584625 0.000267775
          41    -0.58448   -0.584622 0.000261267
          42   -0.583866   -0.584604 0.000255665
          43   -0.588007   -0.584683 0.000261683
          44   -0.583429   -0.584654 0.000257282
          45   -0.587593    -0.58472 0.000259719
          46   -0.584924   -0.584724 0.000254111
          47   -0.584011   -0.584709 0.000249157
          48   -0.584576   -0.584706 0.000243981
          49   -0.578952   -0.584589 0.000265765
          50   -0.585445   -0.584606 0.000261001
           1   -0.560025   -0.560025           0
           2   -0.559784   -0.559904 8.52676e-05
           3   -0.556113    -0.55864   0.0010335
           4   -0.558254   -0.558544 0.000779631
           5     -0.5549   -0.557815 0.000902124
           6   -0.554587   -0.557277 0.000897966
           7   -0.553304   -0.556709  0.00093195
           8    -0.56014   -0.557138 0.000908802
           9   -0.560382   -0.557499 0.000876369
          10   -0.554869   -0.557236 0.000827241
          11   -0.553991   -0.556941  0.00080292
          12   -0.557655      -0.557 0.000738212
          13    -0.55485   -0.556835 0.000699702
          14   -0.555887   -0.556767 0.000652991
          15     -0.5534   -0.556543 0.000646888
          16   -0.556637   -0.556548 0.000606485
          17   -0.555749   -0.556501  0.00057263
          18    -0.55797   -0.556583   0.0005466
          19   -0.558054    -0.55666 0.000523282
          20    -0.55612   -0.556633 0.000497815
          21   -0.557057   -0.556654 0.000474518
          22   -0.555509   -0.556602 0.000455793
          23   -0.558806   -0.556697 0.000445942
          24    -0.55472   -0.556615 0.000434906
          25   -0.555508   -0.556571 0.000419756
          26   -0.556017   -0.556549  0.00040415
          27   -0.557119   -0.556571 0.000389732
          28   -0.559147   -0.556663  0.00038652
          29   -0.556602    -0.55666 0.000373198
          30   -0.558784   -0.556731 0.000367407
          31   -0.557909   -0.556769 0.000357513
          32   -0.558302   -0.556817 0.000349534
          33   -0.558118   -0.556857 0.000341157
          34   -0.554461   -0.556786 0.000338319
          35   -0.556448   -0.556776  0.00032879
          36   -0.555427   -0.556739 0.000321785
          37   -0.557747   -0.556766 0.000314239
          38   -0.557539   -0.556787 0.000306627
          39   -0.555005   -0.556741 0.000302149
          40   -0.557855   -0.556769 0.000295877
          41   -0.557227    -0.55678 0.000288871
          42   -0.555702   -0.556754 0.000283132
          43   -0.557974   -0.556783 0.000277966
          44   -0.554854   -0.556739 0.000275083
          45   -0.557107   -0.556747 0.000269092
          46   -0.555605   -0.556722 0.000264384
          47   -0.553338    -0.55665 0.000268386
          48   -0.555452   -0.556625 0.000263952
          49   -0.552667   -0.556544 0.000270643
          50   -0.557843    -0.55657 0.000266474
           1   -0.533224   -0.533224           0
           2   -0.533309   -0.533266 3.01793e-05
           3   -0.531563   -0.532699 0.000463905
           4   -0.532578   -0.532668 0.000348913
           5   -0.528459   -0.531827 0.000803068
           6   -0.528857   -0.531332 0.000807472
           7   -0.527169   -0.530737 0.000884376
           8   -0.530964   -0.530765 0.000774287
           9   -0.532375   -0.530944 0.000708617
          10   -0.530363   -0.530886 0.000640137
          11   -0.528334   -0.530654 0.000622583
          12   -0.527479   -0.530389 0.000624395
          13   -0.528805   -0.530268 0.000588142
          14   -0.529244   -0.530194 0.000550653
          15   -0.528696   -0.530095 0.000522931
          16   -0.529207   -0.530039 0.000493181
          17    -0.52882   -0.529967 0.000469356
          18   -0.528175   -0.529868 0.000453716
          19   -0.529714    -0.52986 0.000429908
          20   -0.531359   -0.529935 0.000414901
          21   -0.529024   -0.529891 0.000397405
          22    -0.53032   -0.529911 0.000379818
          23   -0.530345    -0.52993 0.000363773
          24   -0.529779   -0.529923  0.00034867
          25   -0.529524   -0.529907 0.000335089
          26   -0.528992   -0.529872 0.000324047
          27   -0.530215   -0.529885 0.000312294
          28    -0.53254    -0.52998 0.000315209
          29   -0.528061   -0.529914 0.000311203
          30   -0.529789   -0.529909 0.000300858
          31   -0.532787   -0.530002 0.000305136
          32   -0.531863    -0.53006 0.000301088
          33   -0.531847   -0.530114 0.000296792
          34   -0.528795   -0.530076 0.000290589
          35   -0.532654   -0.530149 0.000291471
          36   -0.529554   -0.530133 0.000283843
          37   -0.531291   -0.530164 0.000277893
          38   -0.528619   -0.530123 0.000273538
          39   -0.530144   -0.530124 0.000266525
          40   -0.529073   -0.530098 0.000261154
          41   -0.526859   -0.530019 0.000266463
          42   -0.530751   -0.530036 0.000260689
          43    -0.52892    -0.53001 0.000255915
          44   -0.528337   -0.529972 0.000252908
          45   -0.529258   -0.529956 0.000247786
          46   -0.528407   -0.529923 0.000244678
          47   -0.528494   -0.529892 0.000241352
          48   -0.529469   -0.529883 0.000236485
          49   -0.526817   -0.529821 0.000239798
          50   -0.529901   -0.529822 0.000235008
           1   -0.506881   -0.506881           0
           2   -0.509182   -0.508031 0.000813427
           3   -0.507097    -0.50772 0.000598932
           4   -0.505181   -0.507085  0.00070981
           5   -0.505427   -0.506754 0.000640626
           6   -0.506293   -0.506677 0.000538443
           7   -0.504403   -0.506352 0.000550881
           8   -0.508565   -0.506629 0.000547105
           9   -0.508108   -0.506793 0.000510404
          10   -0.507476   -0.506861 0.000463919
          11   -0.506422   -0.506821 0.000423461
          12   -0.505095   -0.506677 0.000411894
          13   -0.506597   -0.506671 0.000380256
          14   -0.507195   -0.506709 0.000354933
          15   -0.502477   -0.506427 0.000428979
          16     -0.5055   -0.506369 0.000406061
          17   -0.503695   -0.506211 0.000411516
          18    -0.50355   -0.506063 0.000414357
          19   -0.507164   -0.506121 0.000396576
          20   -0.506862   -0.506158 0.000378474
          21   -0.502442   -0.505981 0.000399687
          22   -0.507246   -0.506039 0.000385632
          23   -0.506251   -0.506048 0.000368975
          24    -0.50562    -0.50603 0.000354032
          25    -0.50548   -0.506008 0.000340553
          26   -0.505755   -0.505999 0.000327594
          27   -0.509438   -0.506126 0.000339321
          28   -0.506684   -0.506146 0.000327786
          29   -0.504164   -0.506078 0.000323529
          30   -0.504866   -0.506037 0.000315254
          31   -0.506869   -0.506064 0.000306224
          32    -0.50725   -0.506101  0.00029889
          33   -0.508277   -0.506167 0.000297018
          34   -0.504326   -0.506113 0.000293175
          35   -0.508131   -0.506171 0.000290416
          36   -0.504219   -0.506116 0.000287366
          37   -0.505531     -0.5061 0.000280035
          38   -0.506827    -0.50612 0.000273318
          39   -0.508087    -0.50617 0.000270925
          40   -0.505566   -0.506155 0.000264572
          41   -0.505309   -0.506134 0.000258922
          42   -0.506386    -0.50614 0.000252826
          43   -0.505869   -0.506134 0.000247025
          44    -0.50362   -0.506077 0.000247929
          45    -0.50641   -0.506084 0.000242529
          46   -0.504808   -0.506057  0.00023884
          47   -0.506065   -0.506057 0.000233758
          48   -0.507403   -0.506085 0.000230566
          49   -0.501993   -0.506001 0.000240509
          50   -0.504123   -0.505964 0.000238614
           1   -0.485441   -0.485441           0
           2    -0.48574   -0.485591 0.000105868
           3   -0.482069   -0.484417 0.000960912
           4   -0.485772   -0.484756 0.000778131
           5   -0.482841   -0.484373 0.000710516
           6   -0.483002   -0.484144 0.000627739
           7   -0.482438   -0.483901 0.000583492
           8   -0.486374    -0.48421 0.000586772
           9   -0.484144   -0.484202 0.000521621
          10    -0.48423   -0.484205 0.000469466
          11   -0.482944    -0.48409 0.000440564
          12   -0.482735   -0.483977 0.000418087
          13   -0.484646   -0.484029 0.000389077
          14     -0.4833   -0.483977 0.000364749
          15   -0.479392   -0.483671 0.000450664
          16   -0.485354   -0.483776 0.000434593
          17   -0.480705   -0.483596 0.000444998
          18   -0.481915   -0.483502 0.000429961
          19   -0.483815   -0.483519 0.000407646
          20   -0.484035   -0.483545  0.00038808
          21   -0.479484   -0.483351  0.00041499
          22   -0.483942   -0.483378 0.000396995
          23   -0.484278   -0.483417 0.000381658
          24    -0.48356   -0.483423 0.000365802
          25   -0.485666   -0.483513 0.000362005
          26    -0.48476   -0.483561 0.000351244
          27   -0.486977   -0.483687 0.000360308
          28   -0.485724    -0.48376 0.000354707
          29   -0.483671   -0.483757 0.000342489
          30   -0.482727   -0.483723  0.00033279
          31   -0.485201    -0.48377 0.000325453
          32   -0.484388    -0.48379 0.000315855
          33   -0.483932   -0.483794 0.000306313
          34    -0.48257   -0.483758 0.000299411
          35   -0.483254   -0.483744 0.000291203
          36   -0.482765   -0.483716  0.00028438
          37   -0.486727   -0.483798 0.000288101
          38   -0.484082   -0.483805 0.000280617
          39   -0.483921   -0.483808 0.000273437
          40   -0.482061   -0.483765 0.000270066
          41   -0.484726   -0.483788 0.000264496
          42   -0.485026   -0.483817 0.000259837
          43   -0.482979   -0.483798 0.000254524
          44   -0.481524   -0.483746 0.000253931
          45   -0.482746   -0.483724 0.000249259
          46   -0.480922   -0.483663 0.000251176
          47   -0.482247   -0.483633 0.000247631
          48   -0.482109   -0.483601   0.0002445
          49   -0.480041   -0.483529 0.000250071
          50   -0.484888   -0.483556 0.000246542
           1   -0.465526   -0.465526           0
           2   -0.462444   -0.463985  0.00108967
           3   -0.463118   -0.463696 0.000763815
           4   -0.464885   -0.463993 0.000628031
           5   -0.462445   -0.463684 0.000573739
           6   -0.464696   -0.463852  0.00050232
           7   -0.462761   -0.463697 0.000454105
           8   -0.462844    -0.46359 0.000409648
           9   -0.465164   -0.463765 0.000399721
          10   -0.464645   -0.463853 0.000369308
          11   -0.463083   -0.463783 0.000342309
          12   -0.464499   -0.463843 0.000318937
          13   -0.465068   -0.463937 0.000308015
          14   -0.461215   -0.463742 0.000341912
          15    -0.45975   -0.463476 0.000409836
          16   -0.466628   -0.463673 0.000428964
          17   -0.461808   -0.463563 0.000417532
          18   -0.464685   -0.463626 0.000398962
          19   -0.463627   -0.463626 0.000377964
          20    -0.46537   -0.463713 0.000368986
          21   -0.462159   -0.463639 0.000358761
          22   -0.463862   -0.463649 0.000342597
          23   -0.463171   -0.463628 0.000328331
          24   -0.463846   -0.463637 0.000314776
          25   -0.462032   -0.463573 0.000308666
          26   -0.461743   -0.463503 0.000304719
          27    -0.46538   -0.463572 0.000301264
          28   -0.465335   -0.463635 0.000297008
          29   -0.462177   -0.463585 0.000290992
          30   -0.462021   -0.463533 0.000285924
          31   -0.464135   -0.463552  0.00027736
          32   -0.465026   -0.463598 0.000272488
          33    -0.46368   -0.463601 0.000264242
          34   -0.461486   -0.463539 0.000263689
          35   -0.463328   -0.463533 0.000256223
          36   -0.463767   -0.463539 0.000249189
          37   -0.464953   -0.463577 0.000245368
          38   -0.465261   -0.463622  0.00024288
          39    -0.46553   -0.463671 0.000241531
          40   -0.460113   -0.463582 0.000251338
          41   -0.463052   -0.463569  0.00024554
          42   -0.465069   -0.463604 0.000242278
          43   -0.461592   -0.463558 0.000241123
          44   -0.459948   -0.463476 0.000249209
          45   -0.462112   -0.463445 0.000245507
          46   -0.460301   -0.463377 0.000249504
          47   -0.462065   -0.463349 0.000245753
          48   -0.462662   -0.463335 0.000241049
          49   -0.459131   -0.463249  0.00025093
          50   -0.464086   -0.463266 0.000246469
