1.87867
1.85375
1.82881
1.80522
1.78305
1.76215
1.74338
1.72882
1.72024
1.71721
1.71668
1.71502
1.71145
1.71002
1.71743
1.73742
1.76694
1.79766
1.82119
1.83348
1.83552
1.83073
1.82263
1.81401
1.80596
1.79726
1.78585
1.77095
1.75413
1.73819
1.72463
1.71214
1.69773
1.6791
1.65627
1.63204
1.61048
1.59477
1.58636
1.58624
1.59483
1.61001
1.62749
1.6441
1.66011
1.67831
1.70143
1.73011
1.76218
1.79328
1.81856
1.83478
1.84145
1.84047
1.83454
1.82573
1.81512
1.80337
1.79116
1.77925
1.76822
1.75828
1.74916
1.74025
1.73098
1.722
1.71545
1.71311
1.71413
1.71548
1.71434
1.70971
1.70249
1.69465
1.68835
1.68537
1.68696
1.6934
1.70331
1.71379
1.72217
1.72722
1.72898
1.7276
1.72316
1.71613
1.70785
1.7001
1.69419
1.69013
1.68664
1.68174
1.67376
1.6624
1.6496
1.63991
1.63878
1.64917
1.66908
1.69231
1.7117
1.72211
1.72207
1.7135
1.70015
1.68545
1.6717
1.66112
1.65698
1.66297
1.68101
1.70963
1.74407
1.77821
1.8076
1.83271
1.8592
1.8916
1.92663
1.95633
1.97534
1.98265
1.97944
1.9674
1.94868
1.92629
1.9037
1.88285
1.86317
1.84358
1.82545
1.81302
1.80975
1.81401
1.81917
1.81847
1.81012
1.79847
1.79068
1.79156
1.80045
1.81164
1.81775
1.81379
1.7998
1.78049
1.76227
1.7493
1.7428
1.74356
1.75171
1.76359
1.77376
1.78043
1.78637
1.7956
1.80992
1.82744
1.8437
1.85483
1.86055
1.8644
1.87053
1.88022
1.89126
1.89933
1.89931
1.88639
1.85789
1.81713
1.776
1.75036
1.74803
1.76423
1.78866
1.81154
1.82561
1.82738
1.81642
1.79366
1.76168
1.72602
1.69475
1.67479
1.66752
1.66791
1.66859
1.66536
1.66034
1.66019
1.67039
1.69053
1.71589
1.74272
1.77099
1.80256
1.83753
1.87246
1.90162
1.91924
1.92144
1.90685
1.87678
1.83541
1.79
1.74979
1.72269
1.71167
1.71431
1.72537
1.73925
1.75032
1.75304
1.74333
1.72077
1.69
1.66049
1.64449
1.65165
1.68205
1.72547
1.76839
1.80106
1.81979
1.82533
1.82039
1.80907
1.79819
1.79614
1.80593
1.82032
1.827
1.81785
1.79257
1.7567
1.7183
1.68598
1.66719
1.66552
1.67889
1.70149
1.72712
1.75117
1.77116
1.78673
1.79961
1.81265
1.82802
1.84555
1.86245
1.87431
1.87657
1.8656
1.83945
1.79854
1.74618
1.68865
1.63477
1.59458
1.57583
1.57941
1.59809
1.62111
1.64012
1.65237
1.66123
1.67427
1.69766
1.72962
1.76081
1.7823
1.79204
1.79488
1.79813
1.80677
1.82184
1.84151
1.8629
1.88317
1.90007
1.91221
1.91896
1.91977
1.91383
1.90033
1.87947
1.85315
1.82435
1.79583
1.76973
1.74848
1.73435
1.72744
1.72495
1.72372
1.72258
1.72255
1.72546
1.73186
1.73926
1.74349
1.74178
1.73461
1.72509
1.71747
1.71543
1.72083
1.73281
1.74782
1.76189
1.77327
1.78292
1.79317
1.80654
1.8248
1.84731
1.86994
1.88695
1.89423
1.89107
1.87998
1.86544
1.85205
1.84268
1.83848
1.84022
1.84852
1.86211
1.87712
1.8888
1.89355
1.88915
1.87464
1.85137
1.82368
1.79738
1.77678
1.76281
1.75419
1.75012
1.75139
1.75787
1.76586
1.76968
1.76622
1.75742
1.74842
1.74383
1.74567
1.75394
1.76739
1.78306
1.79616
1.80141
1.79492
1.77563
1.74581
1.71132
1.68205
1.67197
1.69207
1.73696
1.78678
1.82512
1.84712
1.85543
1.85506
1.85112
1.84869
1.85312
1.86862
1.89495
1.92602
1.953
1.9689
1.97035
1.95709
1.93118
1.89672
1.85939
1.82523
1.79855
1.78076
1.7715
1.77091
1.78003
1.79862
1.82289
1.84594
1.86108
1.8657
1.86231
1.8566
1.85377
1.85618
1.86322
1.87251
1.88166
1.88969
1.89685
1.90236
1.90254
1.89256
1.87018
1.8375
1.80011
1.76554
1.74123
1.73122
1.73354
1.74106
1.74557
1.74151
1.72747
1.70521
1.67832
1.65244
1.63544
1.63432
1.65085
1.68085
1.71714
1.75286
1.78345
1.80727
1.82479
1.83719
1.84537
1.84983
1.85082
1.84825
1.84157
1.82973
1.81132
1.78532
1.75232
1.7157
1.68172
1.65835
1.65245
1.6664
1.69686
1.7363
1.77515
1.80434
1.81782
1.81475
1.80042
1.78335
1.76867
1.75588
1.74415
1.73646
1.73695
1.74564
1.75692
1.76259
1.75656
1.73986
1.72349
1.72206
1.74053
1.7718
1.80665
1.83887
1.86422
1.87929
1.88201
1.87233
1.85226
1.82511
1.79397
1.76065
1.72624
1.69271
1.66408
1.64567
1.64197
1.6537
1.67684
1.70471
1.73116
1.75261
1.7681
1.77823
1.78373
1.78508
1.78294
1.77911
1.77714
1.78145
1.79468
1.8154
1.83915
1.86153
1.88027
1.89529
1.90777
1.91944
1.93174
1.94363
1.9499
1.94339
1.91946
1.87887
1.8277
1.77546
1.73184
1.70258
1.68854
1.68856
1.70197
1.728
1.76365
1.80267
1.83698
1.85986
1.8685
1.86459
1.85251
1.83636
1.81778
1.7962
1.77073
1.74157
1.71109
1.68499
1.67185
1.67782
1.70023
1.72961
1.75757
1.78049
1.79799
1.81072
1.81977
1.827
1.83443
1.84294
1.8515
1.8577
1.85907
1.85384
1.84111
1.82068
1.79335
1.76148
1.7303
1.70841
1.70476
1.72268
1.75683
1.79691
1.83338
1.86024
1.87453
1.87536
1.86358
1.84211
1.8158
1.79048
1.77073
1.758
1.75034
1.7441
1.73633
1.72669
1.71753
1.71196
1.71135
1.71402
1.71659
1.71696
1.7168
1.72147
1.73644
1.76192
1.7913
1.81507
1.82558
1.81932
1.79758
1.76616
1.73378
1.70871
1.69525
1.69309
1.69913
1.71001
1.72389
1.7409
1.76161
1.7842
1.80361
1.81355
1.8096
1.79097
1.76081
1.72576
1.69386
1.67082
1.65734
1.65081
1.64973
1.65611
1.67185
1.69339
1.71381
1.72929
1.73994
1.74644
1.7486
1.74691
1.7438
1.74302
1.74794
1.75952
1.77471
1.7871
1.79073
1.78378
1.76905
1.75173
1.73712
1.72941
1.7316
1.74527
1.77032
1.80469
1.84469
1.88541
1.92131
1.94783
1.96318
1.96883
1.96776
1.96171
1.95023
1.93206
1.90625
1.87206
1.8296
1.78152
1.73376
1.69263
1.6604
1.635
1.6152
1.60431
1.60713
1.62427
1.65083
1.67956
1.70403
1.72033
1.72748
1.72664
1.71985
1.70919
1.69699
1.68566
1.67674
1.67018
1.66563
1.66312
1.66292
1.66539
1.6707
1.67853
1.68831
1.69979
1.71271
1.72622
1.7399
1.75496
1.77303
1.79341
1.81249
1.82631
1.83318
1.83404
1.83131
1.82775
1.82598
1.82827
1.8362
1.85021
1.86939
1.89149
1.91347
1.93232
1.94633
1.95534
1.95954
1.95813
1.94996
1.93508
1.91513
1.89181
1.8661
1.83929
1.81414
1.79392
1.78073
1.77457
1.77362
1.77481
1.77432
1.76826
1.75353
1.72898
1.69691
1.66359
1.63686
1.62239
1.62289
1.63971
1.67224
1.7156
1.76069
1.79877
1.82802
1.85393
1.88005
1.90263
1.91664
1.92068
1.91555
1.90298
1.88587
1.86713
1.84795
1.8283
1.80758
1.78423
1.7572
1.72872
1.70446
1.69004
1.68764
1.6961
1.71237
1.73219
1.75087
1.76493
1.77364
1.77915
1.7853
1.79542
1.80993
1.82458
1.83202
1.82641
1.80712
1.77957
1.75339
1.73777
1.73587
1.7433
1.75194
1.75583
1.75527
1.75617
1.76329
1.77573
1.7914
1.8096
1.82715
1.83852
1.84059
1.83443
1.82334
1.81041
1.79806
1.78921
1.78764
1.79455
1.80518
1.81188
1.81021
1.80065
1.78659
1.77209
1.76079
1.75529
1.75669
1.7644
1.7763
1.78899
1.79841
1.80077
1.79391
1.7788
1.75981
1.74306
1.73382
1.73445
1.74438
1.76141
1.78278
1.80542
1.82523
1.83722
1.83759
1.82594
1.80524
1.78038
1.75692
1.74039
1.73525
1.74299
1.76087
1.7836
1.80631
1.82609
1.84132
1.85069
1.85273
1.84628
1.83134
1.8105
1.78981
1.77717
1.77754
1.7886
1.8026
1.8119
1.81282
1.80606
1.79509
1.78443
1.77824
1.77929
1.7883
1.80362
1.82177
1.83845
1.84989
1.85373
1.84939
1.83795
1.82162
1.8029
1.78404
1.76703
1.75407
1.74745
1.74834
1.75603
1.76861
1.78391
1.79999
1.81524
1.82731
1.83141
1.8229
1.80237
1.77632
1.75366
1.74148
1.74214
1.75293
1.7686
1.78455
1.79932
1.81503
1.83526
1.86173
1.89221
1.92143
1.94353
1.95408
1.951
1.93481
1.90804
1.87419
1.83676
1.79917
1.76555
1.74078
1.72816
1.72731
1.7359
1.75197
1.77273
1.79325
1.8086
1.81649
1.81712
1.81182
1.80215
1.7898
1.77611
1.76103
1.74323
1.72184
1.6983
1.67671
1.66272
1.66153
1.67539
1.70233
1.73705
1.77371
1.80798
1.8372
1.85959
1.87362
1.87835
1.87431
1.86434
1.8532
1.84667
1.84929
1.8601
1.87175
1.87725
1.87573
1.87037
1.8631
1.85255
1.83634
1.81389
1.78757
1.76252
1.74556
1.74257
1.75466
1.77712
1.80198
1.82165
1.8309
1.82754
1.81284
1.79193
1.77343
1.76542
1.76848
1.7756
1.77975
1.77894
1.77535
1.77256
1.77306
1.7769
1.78174
1.7837
1.77839
1.76248
1.73586
1.70266
1.6696
1.64243
1.62355
1.61277
1.60961
1.61382
1.62334
1.63387
1.64112
1.64338
1.64187
1.63959
1.63962
1.6438
1.65275
1.66606
1.68157
1.69472
1.69967
1.69232
1.67267
1.64541
1.61892
1.60297
1.6046
1.62439
1.6568
1.69347
1.72604
1.74785
1.75522
1.74821
1.73078
1.71016
1.69516
1.69301
1.70522
1.72746
1.75423
1.78156
1.80649
1.82629
1.83878
1.84347
1.84273
1.8412
1.84303
1.84924
1.85643
