-1.78504
-1.78473
-1.78548
-1.7848
-1.7859
-1.78567
-1.78494
-1.78575
-1.78653
-1.78656
-1.78721
-1.78702
-1.7868
-1.78751
-1.78899
-1.7908
-1.79147
-1.7909
-1.78889
-1.78855
-1.78727
-1.78594
-1.78615
-1.78743
-1.78731
-1.78703
-1.78651
-1.78667
-1.78661
-1.78707
-1.78769
-1.78762
-1.78771
-1.78761
-1.78609
-1.78561
-1.78677
-1.78764
-1.78867
-1.79044
-1.7918
-1.79155
-1.79232
-1.79197
-1.79117
-1.79251
-1.79427
-1.79424
-1.79352
-1.7916
-1.78844
-1.78652
-1.78444
-1.78397
-1.78252
-1.78204
-1.78258
-1.78322
-1.78352
-1.78483
-1.78544
-1.78529
-1.78537
-1.78474
-1.78409
-1.78383
-1.78484
-1.78608
-1.78757
-1.78796
-1.78776
-1.78666
-1.78673
-1.78576
-1.7869
-1.78797
-1.78766
-1.78741
-1.78832
-1.78892
-1.78846
-1.78779
-1.78883
-1.78806
-1.78883
-1.78868
-1.78773
-1.7884
-1.78841
-1.78921
-1.78974
-1.78937
-1.78839
-1.78722
-1.78702
-1.7884
-1.78988
-1.79158
-1.79272
-1.79246
-1.79123
-1.78952
-1.78743
-1.7875
-1.78815
-1.78815
-1.78816
-1.78766
-1.79
-1.79175
-1.79368
-1.79464
-1.79396
-1.79301
-1.79233
-1.79162
-1.79174
-1.79241
-1.79337
-1.79262
-1.7913
-1.79052
-1.78938
-1.78806
-1.78698
-1.78597
-1.78661
-1.78613
-1.78573
-1.78577
-1.78599
-1.78706
-1.7877
-1.78807
-1.78909
-1.78895
-1.78803
-1.79054
-1.79238
-1.79347
-1.79415
-1.79358
-1.7917
-1.79036
-1.79066
-1.7907
-1.79114
-1.79147
-1.79355
-1.79562
-1.79668
-1.79677
-1.79668
-1.796
-1.79533
-1.79485
-1.79419
-1.79373
-1.79256
-1.79226
-1.79212
-1.79131
-1.79231
-1.79288
-1.79307
-1.79312
-1.79089
-1.78909
-1.78652
-1.7856
-1.78629
-1.79019
-1.79505
-1.79747
-1.79711
-1.79665
-1.79389
-1.79105
-1.7892
-1.78667
-1.78535
-1.78603
-1.78705
-1.79009
-1.79141
-1.79269
-1.79316
-1.79229
-1.79266
-1.79305
-1.79457
-1.79632
-1.79641
-1.79684
-1.796
-1.79598
-1.79494
-1.79554
-1.79373
-1.79222
-1.78973
-1.7865
-1.78459
-1.78387
-1.78355
-1.78567
-1.78787
-1.78974
-1.79124
-1.79265
-1.79216
-1.79113
-1.78857
-1.78701
-1.78548
-1.78583
-1.78715
-1.79043
-1.79436
-1.7975
-1.79786
-1.79594
-1.79456
-1.79261
-1.79052
-1.78893
-1.78739
-1.78772
-1.79074
-1.79246
-1.79395
-1.79074
-1.7883
-1.78608
-1.78543
-1.7856
-1.78703
-1.78904
-1.79262
-1.79446
-1.79409
-1.79367
-1.79151
-1.79022
-1.7898
-1.78962
-1.78866
-1.78952
-1.78952
-1.78879
-1.78779
-1.78769
-1.78504
-1.78288
-1.77981
-1.77944
-1.78039
-1.78145
-1.7835
-1.78731
-1.79084
-1.79223
-1.79269
-1.7914
-1.79037
-1.79103
-1.79214
-1.79379
-1.79336
-1.7933
-1.79389
-1.79285
-1.79303
-1.79344
-1.79367
-1.79529
-1.79545
-1.79561
-1.79509
-1.79369
-1.79382
-1.79358
-1.79278
-1.79305
-1.79038
-1.78894
-1.78881
-1.78732
-1.7883
-1.78779
-1.78737
-1.78913
-1.78913
-1.78951
-1.78878
-1.78899
-1.78991
-1.78986
-1.7889
-1.78886
-1.78778
-1.78685
-1.78578
-1.78517
-1.78699
-1.78714
-1.78856
-1.78991
-1.78971
-1.7895
-1.78957
-1.78979
-1.78964
-1.79165
-1.79302
-1.79234
-1.79203
-1.79123
-1.79038
-1.78865
-1.78659
-1.78813
-1.78724
-1.78887
-1.79015
-1.79051
-1.79146
-1.7929
-1.79271
-1.79067
-1.78806
-1.78551
-1.78388
-1.7827
-1.78252
-1.78285
-1.78387
-1.78523
-1.78683
-1.7874
-1.78902
-1.78989
-1.78935
-1.78986
-1.78941
-1.78809
-1.78925
-1.79059
-1.79189
-1.79369
-1.79353
-1.7932
-1.79449
-1.79248
-1.79086
-1.78888
-1.78679
-1.78527
-1.78607
-1.7895
-1.79365
-1.79512
-1.79424
-1.79231
-1.78861
-1.78741
-1.78607
-1.78685
-1.78797
-1.79031
-1.7912
-1.79275
-1.79365
-1.79359
-1.79216
-1.79052
-1.78737
-1.785
-1.78597
-1.7865
-1.7883
-1.78855
-1.78896
-1.79037
-1.7919
-1.79326
-1.79417
-1.79435
-1.79205
-1.79127
-1.78993
-1.78977
-1.7899
-1.79105
-1.7917
-1.79268
-1.79325
-1.79311
-1.79189
-1.79071
-1.78932
-1.78901
-1.7869
-1.78556
-1.78425
-1.78535
-1.78626
-1.78872
-1.79101
-1.79281
-1.79229
-1.79083
-1.78949
-1.78823
-1.78679
-1.7865
-1.78801
-1.7891
-1.79133
-1.79406
-1.79749
-1.79813
-1.7982
-1.79663
-1.79516
-1.79416
-1.79227
-1.79213
-1.79175
-1.79214
-1.79173
-1.79089
-1.78819
-1.78619
-1.78549
-1.78464
-1.78425
-1.78392
-1.78569
-1.78956
-1.79375
-1.79539
-1.79627
-1.7954
-1.79381
-1.79138
-1.78994
-1.78819
-1.7879
-1.78907
-1.78861
-1.78861
-1.78809
-1.79023
-1.79112
-1.78963
-1.78818
-1.78521
-1.78443
-1.78561
-1.78787
-1.7906
-1.7914
-1.79167
-1.79105
-1.78866
-1.7866
-1.78469
-1.7831
-1.7824
-1.78056
-1.7812
-1.78156
-1.78152
-1.78208
-1.78233
-1.7852
-1.78668
-1.79058
-1.79252
-1.79359
-1.79331
-1.79182
-1.79081
-1.79113
-1.78912
-1.78853
-1.78766
-1.78871
-1.78845
-1.78894
-1.79057
-1.79076
-1.79218
-1.79112
-1.79234
-1.79125
-1.78995
-1.79058
-1.79083
-1.79044
-1.78991
-1.78765
-1.78511
-1.78238
-1.78092
-1.78085
-1.78153
-1.78355
-1.78575
-1.78748
-1.7896
-1.79239
-1.7934
-1.79506
-1.79404
-1.79303
-1.79018
-1.78908
-1.78778
-1.78858
-1.78654
-1.78616
-1.7857
-1.78436
-1.78469
-1.78602
-1.78833
-1.79183
-1.79328
-1.79323
-1.79291
-1.79253
-1.79222
-1.79097
-1.79085
-1.79181
-1.79226
-1.79254
-1.79236
-1.7918
-1.79061
-1.79043
-1.78927
-1.7871
-1.7859
-1.78525
-1.78539
-1.78909
-1.79246
-1.79591
-1.79739
-1.79576
-1.79494
-1.79229
-1.78984
-1.78829
-1.78568
-1.78488
-1.78448
-1.78688
-1.78943
-1.78979
-1.78997
-1.78929
-1.7885
-1.78851
-1.78885
-1.78942
-1.78889
-1.78941
-1.7887
-1.78734
-1.78885
-1.79069
-1.79259
-1.79407
-1.79267
-1.79111
-1.78736
-1.78453
-1.78363
-1.78301
-1.78375
-1.78472
-1.78639
-1.78726
-1.78925
-1.79068
-1.79201
-1.79331
-1.79365
-1.79434
-1.79349
-1.79163
-1.79059
-1.78825
-1.78744
-1.78692
-1.78888
-1.79009
-1.79119
-1.79036
-1.79097
-1.7943
-1.79572
-1.79632
-1.79662
-1.79522
-1.79412
-1.79365
-1.79299
-1.79257
-1.79174
-1.7927
-1.79236
-1.79337
-1.79464
-1.79396
-1.79283
-1.79183
-1.7894
-1.79052
-1.79115
-1.79261
-1.79441
-1.79663
-1.79821
-1.79965
-1.79921
-1.79887
-1.79697
-1.79518
-1.79265
-1.79098
-1.79093
-1.79003
-1.78896
-1.78712
-1.78606
-1.78462
-1.78412
-1.7843
-1.78341
-1.78503
-1.78686
-1.78692
-1.78718
-1.7894
-1.79181
-1.79397
-1.7945
-1.7941
-1.79291
-1.79214
-1.78962
-1.78903
-1.78786
-1.78565
-1.78592
-1.78622
-1.78705
-1.78782
-1.78797
-1.78814
-1.78821
-1.78909
-1.7898
-1.79149
-1.79206
-1.7917
-1.79186
-1.79157
-1.7906
-1.79157
-1.79325
-1.79275
-1.79205
-1.79029
-1.78837
-1.7884
-1.78838
-1.78818
-1.78895
-1.79001
-1.79032
-1.79074
-1.79166
-1.79201
-1.79203
-1.79184
-1.79151
-1.7914
-1.78989
-1.78834
-1.78682
-1.78608
-1.78714
-1.78628
-1.78599
-1.78526
-1.78564
-1.7869
-1.78861
-1.7894
-1.7895
-1.78937
-1.78864
-1.78616
-1.78606
-1.78498
-1.78458
-1.78595
-1.78779
-1.79006
-1.79289
-1.79597
-1.79836
-1.79886
-1.79876
-1.79642
-1.79394
-1.79406
-1.79347
-1.79276
-1.79006
-1.78815
-1.78658
-1.78538
-1.78693
-1.78637
-1.78571
-1.78547
-1.78444
-1.78285
-1.78087
-1.78061
-1.78176
-1.78306
-1.78619
-1.78745
-1.788
-1.78844
-1.78839
-1.78695
-1.78656
-1.78789
-1.78876
-1.78874
-1.78901
-1.78861
-1.78846
-1.7857
-1.78319
-1.78283
-1.78388
-1.78637
-1.78793
-1.78944
-1.78871
-1.78814
-1.78743
-1.78711
-1.78703
-1.78942
-1.78955
-1.78977
-1.78983
-1.78975
-1.78774
-1.78661
-1.78584
-1.78577
-1.78667
-1.78856
-1.79048
-1.79197
-1.79279
-1.79065
-1.78842
-1.78808
-1.78638
-1.78663
-1.78584
-1.78684
-1.78711
-1.78792
-1.78785
-1.78673
-1.78576
-1.78326
-1.78081
-1.7797
-1.78067
-1.78104
-1.78364
-1.78604
-1.78653
-1.78646
-1.78613
-1.78601
-1.78519
-1.78409
-1.78267
-1.78195
-1.78157
-1.78079
-1.78101
-1.7808
-1.78409
-1.78604
-1.78656
-1.7876
-1.78852
-1.78899
-1.78865
-1.78796
-1.7875
-1.78604
-1.78549
-1.78487
-1.78675
-1.78866
-1.79001
-1.79014
-1.79019
-1.78967
-1.78838
-1.7867
-1.78734
-1.7882
-1.78854
-1.7905
-1.79161
-1.79276
-1.79269
-1.79107
-1.79051
-1.78973
-1.78825
-1.78569
-1.78577
-1.78515
-1.7862
-1.7871
-1.7876
-1.78945
-1.79027
-1.7916
-1.7911
-1.79164
-1.79071
-1.7903
-1.78993
-1.78723
-1.78567
-1.78413
-1.78433
-1.78611
-1.78816
-1.78907
-1.79048
-1.79169
-1.78985
-1.78947
-1.79082
-1.79142
-1.79212
-1.79188
-1.79044
-1.78926
-1.78835
-1.78584
-1.7851
-1.78318
-1.78181
-1.78109
-1.78183
-1.78026
-1.78164
-1.78276
-1.78343
-1.78528
-1.78653
-1.78869
-1.7882
-1.78716
-1.78571
-1.78563
-1.78456
-1.78464
-1.78453
-1.78497
-1.78331
-1.78309
-1.7829
-1.78285
-1.7845
-1.78611
-1.78771
-1.78916
-1.79104
-1.79171
-1.79205
-1.79144
-1.79098
-1.78937
-1.78923
-1.78843
-1.78834
-1.78796
-1.789
-1.78954
-1.79057
-1.79221
-1.79179
-1.79124
-1.79103
-1.79009
-1.79021
-1.79026
-1.78824
-1.78727
-1.7878
-1.78868
-1.79045
-1.79279
-1.79419
-1.79512
-1.79497
-1.79384
-1.79081
-1.78833
-1.78619
-1.78636
-1.78824
-1.79132
-1.79251
-1.79184
-1.7914
-1.79015
-1.79003
-1.79101
-1.79082
-1.79194
-1.7915
-1.79146
-1.78959
-1.78773
-1.78546
-1.78545
-1.78571
-1.78734
-1.78648
-1.78643
-1.78788
-1.78979
-1.78936
-1.79139
-1.79007
-1.78951
-1.78902
-1.78933
-1.7885
-1.78874
-1.78946
-1.78999
-1.79001
-1.78917
-1.78828
-1.78541
-1.78278
-1.78225
-1.78378
-1.78667
-1.7912
-1.79343
-1.79391
-1.79339
-1.79293
-1.79138
-1.78836
-1.78538
-1.78464
-1.78427
-1.78535
-1.78773
-1.78962
-1.79185
-1.79217
-1.7914
-1.79172
-1.79089
-1.79106
-1.79136
-1.79135
-1.79117
-1.7911
-1.79207
-1.79171
