2.818
2.78063
2.74322
2.70783
2.67457
2.64322
2.61508
2.59323
2.58036
2.57582
2.57501
2.57253
2.56717
2.56504
2.57615
2.60613
2.6504
2.6965
2.73179
2.75022
2.75328
2.74609
2.73395
2.72101
2.70893
2.6959
2.67877
2.65643
2.6312
2.60729
2.58694
2.56821
2.54659
2.51865
2.4844
2.44805
2.41573
2.39216
2.37954
2.37936
2.39224
2.41501
2.44124
2.46615
2.49016
2.51746
2.55215
2.59516
2.64327
2.68992
2.72783
2.75217
2.76218
2.7607
2.75181
2.7386
2.72268
2.70506
2.68674
2.66888
2.65234
2.63741
2.62375
2.61038
2.59647
2.58299
2.57317
2.56967
2.57119
2.57322
2.57151
2.56456
2.55373
2.54197
2.53253
2.52806
2.53045
2.54011
2.55496
2.57069
2.58326
2.59084
2.59347
2.59141
2.58474
2.5742
2.56177
2.55015
2.54129
2.5352
2.52995
2.52261
2.51065
2.49359
2.4744
2.45987
2.45817
2.47376
2.50361
2.53846
2.56754
2.58316
2.5831
2.57025
2.55023
2.52817
2.50755
2.49168
2.48547
2.49445
2.52151
2.56444
2.6161
2.66731
2.7114
2.74906
2.7888
2.8374
2.88995
2.9345
2.96301
2.97398
2.96916
2.9511
2.92302
2.88944
2.85555
2.82427
2.79476
2.76537
2.73818
2.71953
2.71462
2.72101
2.72875
2.7277
2.71518
2.69771
2.68603
2.68733
2.70067
2.71746
2.72662
2.72068
2.69969
2.67074
2.6434
2.62395
2.6142
2.61534
2.62756
2.64538
2.66064
2.67064
2.67956
2.6934
2.71487
2.74115
2.76555
2.78224
2.79082
2.7966
2.8058
2.82033
2.83689
2.84899
2.84897
2.82958
2.78684
2.72569
2.664
2.62554
2.62204
2.64635
2.68299
2.71731
2.73842
2.74107
2.72462
2.69049
2.64251
2.58903
2.54212
2.51218
2.50127
2.50187
2.50288
2.49804
2.49051
2.49029
2.50559
2.53579
2.57383
2.61409
2.65648
2.70384
2.75629
2.80869
2.85243
2.87887
2.88216
2.86027
2.81517
2.75312
2.685
2.62469
2.58404
2.56751
2.57146
2.58806
2.60887
2.62548
2.62957
2.61499
2.58116
2.535
2.49074
2.46673
2.47747
2.52308
2.5882
2.65258
2.70159
2.72968
2.73799
2.73059
2.7136
2.69729
2.6942
2.70889
2.73048
2.7405
2.72677
2.68886
2.63505
2.57745
2.52897
2.50079
2.49827
2.51834
2.55224
2.59068
2.62676
2.65674
2.68009
2.69941
2.71897
2.74203
2.76833
2.79368
2.81147
2.81485
2.79839
2.75917
2.69781
2.61927
2.53297
2.45216
2.39187
2.36375
2.36912
2.39714
2.43167
2.46019
2.47855
2.49184
2.51141
2.54649
2.59443
2.64122
2.67344
2.68806
2.69233
2.6972
2.71016
2.73276
2.76226
2.79436
2.82476
2.8501
2.86832
2.87844
2.87966
2.87074
2.85049
2.8192
2.77972
2.73653
2.69374
2.6546
2.62272
2.60153
2.59116
2.58743
2.58558
2.58387
2.58382
2.58819
2.59779
2.6089
2.61523
2.61268
2.60191
2.58764
2.57621
2.57314
2.58125
2.59921
2.62174
2.64284
2.65991
2.67438
2.68975
2.70981
2.7372
2.77096
2.80492
2.83043
2.84134
2.8366
2.81997
2.79816
2.77807
2.76403
2.75773
2.76033
2.77278
2.79316
2.81568
2.8332
2.84033
2.83373
2.81196
2.77706
2.73551
2.69608
2.66517
2.64422
2.63128
2.62518
2.62708
2.6368
2.64878
2.65452
2.64933
2.63613
2.62263
2.61575
2.6185
2.6309
2.65108
2.67458
2.69424
2.70211
2.69238
2.66344
2.61872
2.56697
2.52307
2.50796
2.53811
2.60544
2.68017
2.73767
2.77068
2.78314
2.78259
2.77667
2.77303
2.77968
2.80293
2.84243
2.88902
2.9295
2.95335
2.95552
2.93563
2.89677
2.84508
2.78909
2.73784
2.69782
2.67114
2.65725
2.65637
2.67005
2.69793
2.73434
2.7689
2.79163
2.79856
2.79347
2.78489
2.78066
2.78427
2.79482
2.80876
2.82249
2.83454
2.84528
2.85354
2.85382
2.83883
2.80527
2.75625
2.70016
2.64832
2.61184
2.59683
2.60031
2.61159
2.61836
2.61227
2.59121
2.55782
2.51748
2.47866
2.45315
2.45147
2.47628
2.52127
2.57572
2.62929
2.67517
2.71091
2.73719
2.75579
2.76805
2.77474
2.77622
2.77237
2.76235
2.74459
2.71698
2.67798
2.62848
2.57355
2.52258
2.48753
2.47868
2.4996
2.54529
2.60445
2.66272
2.70651
2.72674
2.72212
2.70063
2.67502
2.653
2.63382
2.61623
2.60469
2.60543
2.61846
2.63538
2.64388
2.63484
2.60979
2.58523
2.58309
2.6108
2.6577
2.70997
2.75831
2.79633
2.81893
2.82302
2.80849
2.77839
2.73767
2.69096
2.64098
2.58936
2.53907
2.49611
2.4685
2.46295
2.48055
2.51526
2.55707
2.59674
2.62892
2.65216
2.66734
2.67559
2.67762
2.6744
2.66867
2.66571
2.67218
2.69202
2.7231
2.75872
2.79229
2.8204
2.84293
2.86165
2.87916
2.89761
2.91545
2.92485
2.91508
2.87919
2.8183
2.74155
2.66319
2.59777
2.55387
2.5328
2.53284
2.55296
2.592
2.64548
2.704
2.75548
2.78979
2.80275
2.79688
2.77876
2.75454
2.72667
2.69431
2.6561
2.61235
2.56663
2.52748
2.50778
2.51673
2.55035
2.59442
2.63635
2.67074
2.69699
2.71608
2.72965
2.7405
2.75164
2.76442
2.77725
2.78655
2.7886
2.78077
2.76166
2.73102
2.69003
2.64222
2.59546
2.56261
2.55715
2.58403
2.63525
2.69536
2.75007
2.79036
2.8118
2.81304
2.79537
2.76317
2.7237
2.68572
2.6561
2.637
2.62551
2.61615
2.60449
2.59004
2.57629
2.56794
2.56702
2.57102
2.57488
2.57544
2.5752
2.5822
2.60466
2.64288
2.68695
2.72261
2.73837
2.72898
2.69637
2.64924
2.60067
2.56306
2.54287
2.53963
2.5487
2.56502
2.58583
2.61135
2.64241
2.6763
2.70542
2.72033
2.7144
2.68645
2.64121
2.58865
2.5408
2.50623
2.48601
2.47622
2.47459
2.48416
2.50778
2.54009
2.57072
2.59393
2.60991
2.61966
2.62289
2.62036
2.6157
2.61453
2.62191
2.63928
2.66207
2.68066
2.6861
2.67568
2.65357
2.62759
2.60567
2.59412
2.5974
2.61791
2.65548
2.70703
2.76704
2.82811
2.88196
2.92175
2.94477
2.95325
2.95165
2.94257
2.92534
2.89809
2.85937
2.8081
2.74439
2.67228
2.60064
2.53895
2.49061
2.4525
2.42279
2.40646
2.4107
2.43641
2.47625
2.51934
2.55605
2.5805
2.59122
2.58996
2.57977
2.56379
2.54548
2.52849
2.5151
2.50527
2.49845
2.49468
2.49438
2.49808
2.50605
2.51779
2.53246
2.54968
2.56906
2.58933
2.60985
2.63245
2.65955
2.69011
2.71873
2.73947
2.74977
2.75106
2.74697
2.74162
2.73896
2.7424
2.7543
2.77531
2.80409
2.83724
2.8702
2.89848
2.9195
2.93301
2.9393
2.9372
2.92494
2.90262
2.87269
2.83771
2.79915
2.75894
2.72121
2.69088
2.67109
2.66185
2.66043
2.66222
2.66148
2.65238
2.63029
2.59347
2.54537
2.49539
2.45529
2.43359
2.43434
2.45956
2.50835
2.5734
2.64104
2.69816
2.74203
2.78089
2.82008
2.85394
2.87496
2.88102
2.87333
2.85447
2.8288
2.8007
2.77192
2.74245
2.71137
2.67635
2.6358
2.59308
2.55669
2.53506
2.53146
2.54415
2.56856
2.59828
2.6263
2.6474
2.66046
2.66873
2.67795
2.69313
2.7149
2.73687
2.74803
2.73962
2.71069
2.66936
2.63009
2.60665
2.60381
2.61496
2.62791
2.63374
2.63291
2.63426
2.64493
2.66359
2.68711
2.71441
2.74072
2.75779
2.76089
2.75164
2.73501
2.71562
2.69708
2.68382
2.68146
2.69182
2.70777
2.71781
2.71531
2.70098
2.67988
2.65813
2.64119
2.63294
2.63503
2.6466
2.66445
2.68349
2.69762
2.70115
2.69086
2.66821
2.63971
2.6146
2.60074
2.60167
2.61657
2.64211
2.67417
2.70813
2.73785
2.75583
2.75639
2.73891
2.70785
2.67057
2.63538
2.61058
2.60288
2.61448
2.64131
2.6754
2.70947
2.73913
2.76198
2.77603
2.7791
2.76942
2.74701
2.71575
2.68471
2.66576
2.6663
2.6829
2.70391
2.71784
2.71923
2.70909
2.69264
2.67665
2.66735
2.66894
2.68245
2.70544
2.73266
2.75767
2.77483
2.78059
2.77408
2.75693
2.73243
2.70435
2.67606
2.65054
2.63111
2.62117
2.62251
2.63405
2.65292
2.67587
2.69998
2.72286
2.74096
2.74711
2.73436
2.70355
2.66447
2.63048
2.61222
2.61321
2.6294
2.6529
2.67683
2.69899
2.72254
2.75289
2.79259
2.83832
2.88214
2.9153
2.93111
2.9265
2.90221
2.86206
2.81128
2.75515
2.69875
2.64833
2.61117
2.59224
2.59096
2.60385
2.62795
2.65909
2.68987
2.7129
2.72474
2.72568
2.71773
2.70323
2.6847
2.66416
2.64154
2.61484
2.58276
2.54745
2.51506
2.49408
2.49229
2.51308
2.5535
2.60557
2.66057
2.71197
2.75581
2.78938
2.81043
2.81752
2.81147
2.79651
2.7798
2.77
2.77393
2.79015
2.80763
2.81588
2.81359
2.80556
2.79465
2.77883
2.75451
2.72084
2.68136
2.64377
2.61834
2.61385
2.63199
2.66568
2.70297
2.73248
2.74635
2.74131
2.71926
2.68789
2.66015
2.64813
2.65272
2.66339
2.66963
2.66841
2.66302
2.65884
2.65958
2.66535
2.67261
2.67555
2.66759
2.64372
2.60379
2.55399
2.5044
2.46365
2.43533
2.41915
2.41442
2.42073
2.43502
2.4508
2.46168
2.46507
2.4628
2.45939
2.45943
2.4657
2.47913
2.49908
2.52236
2.54207
2.54951
2.53849
2.50901
2.46812
2.42838
2.40446
2.4069
2.43659
2.4852
2.5402
2.58906
2.62178
2.63283
2.62231
2.59618
2.56524
2.54274
2.53952
2.55782
2.59118
2.63134
2.67235
2.70974
2.73944
2.75818
2.76521
2.76409
2.7618
2.76455
2.77386
2.78465
