-4.60303
-4.56536
-4.5287
-4.49263
-4.46047
-4.42889
-4.40001
-4.37898
-4.3669
-4.36238
-4.36223
-4.35955
-4.35396
-4.35255
-4.36514
-4.39693
-4.44188
-4.4874
-4.52068
-4.53877
-4.54055
-4.53203
-4.5201
-4.50844
-4.49625
-4.48293
-4.46528
-4.44309
-4.4178
-4.39436
-4.37464
-4.35583
-4.3343
-4.30626
-4.2705
-4.23366
-4.2025
-4.1798
-4.1682
-4.1698
-4.18404
-4.20656
-4.23356
-4.25812
-4.28132
-4.30997
-4.34642
-4.3894
-4.4368
-4.48152
-4.51628
-4.53869
-4.54662
-4.54467
-4.53433
-4.52064
-4.50526
-4.48828
-4.47026
-4.45371
-4.43778
-4.42271
-4.40912
-4.39512
-4.38056
-4.36683
-4.35801
-4.35575
-4.35876
-4.36118
-4.35927
-4.35123
-4.34046
-4.32773
-4.31943
-4.31603
-4.3181
-4.32752
-4.34328
-4.3596
-4.37171
-4.37863
-4.3823
-4.37947
-4.37357
-4.36288
-4.3495
-4.33855
-4.32969
-4.32441
-4.3197
-4.31199
-4.29903
-4.28081
-4.26141
-4.24827
-4.24805
-4.26533
-4.29633
-4.33092
-4.35877
-4.37268
-4.37053
-4.35775
-4.33837
-4.31632
-4.2957
-4.27934
-4.27547
-4.2862
-4.31519
-4.35908
-4.41005
-4.46032
-4.50373
-4.54068
-4.58054
-4.62981
-4.68332
-4.72712
-4.75431
-4.7645
-4.75854
-4.73917
-4.71
-4.67541
-4.64216
-4.6104
-4.58049
-4.55114
-4.52417
-4.50659
-4.50232
-4.50907
-4.51784
-4.51666
-4.50322
-4.48825
-4.4784
-4.48081
-4.49482
-4.51104
-4.51832
-4.51104
-4.49035
-4.46144
-4.43454
-4.41542
-4.40775
-4.41096
-4.42425
-4.44215
-4.45732
-4.46664
-4.47489
-4.48825
-4.50906
-4.53488
-4.55811
-4.57449
-4.58294
-4.58791
-4.59811
-4.61322
-4.62996
-4.64211
-4.63986
-4.61867
-4.57336
-4.51129
-4.45029
-4.41572
-4.4171
-4.44382
-4.4801
-4.51396
-4.53231
-4.53212
-4.51382
-4.47716
-4.42787
-4.37506
-4.32917
-4.30227
-4.29268
-4.29456
-4.29604
-4.29033
-4.28317
-4.28333
-4.30016
-4.33211
-4.37024
-4.41093
-4.45249
-4.49982
-4.55122
-4.60423
-4.64616
-4.67109
-4.6719
-4.64677
-4.59976
-4.53699
-4.46855
-4.41036
-4.37191
-4.35725
-4.36271
-4.38071
-4.40103
-4.41661
-4.41814
-4.402
-4.36664
-4.32083
-4.27788
-4.25716
-4.27182
-4.32057
-4.38606
-4.44852
-4.49615
-4.52229
-4.52851
-4.51952
-4.50099
-4.48501
-4.48494
-4.50136
-4.52443
-4.53123
-4.51507
-4.47494
-4.42047
-4.36305
-4.316
-4.28983
-4.2909
-4.3128
-4.34633
-4.38435
-4.41828
-4.44696
-4.4699
-4.48903
-4.50763
-4.53155
-4.55785
-4.58247
-4.59926
-4.60254
-4.58343
-4.54205
-4.47761
-4.39871
-4.31336
-4.23362
-4.17538
-4.15106
-4.15996
-4.18937
-4.22435
-4.25159
-4.26892
-4.28287
-4.30355
-4.34029
-4.38779
-4.43452
-4.46734
-4.48092
-4.48535
-4.49064
-4.50383
-4.52804
-4.55771
-4.58997
-4.61985
-4.64379
-4.66214
-4.67202
-4.67244
-4.66379
-4.64087
-4.60814
-4.56853
-4.52385
-4.48204
-4.44239
-4.41009
-4.39067
-4.3803
-4.37694
-4.37437
-4.37286
-4.37374
-4.37805
-4.38669
-4.39775
-4.40301
-4.39953
-4.38769
-4.37281
-4.3632
-4.36028
-4.36981
-4.38912
-4.41144
-4.43234
-4.44948
-4.46417
-4.47939
-4.50146
-4.53022
-4.5633
-4.59695
-4.62166
-4.63172
-4.62526
-4.60656
-4.58629
-4.56531
-4.55289
-4.54788
-4.55085
-4.56424
-4.58606
-4.60839
-4.62387
-4.62839
-4.61924
-4.59584
-4.55976
-4.51803
-4.47893
-4.44903
-4.42945
-4.41811
-4.41258
-4.4161
-4.4267
-4.43813
-4.44438
-4.43874
-4.42422
-4.41188
-4.40634
-4.41039
-4.4246
-4.44461
-4.46778
-4.48873
-4.49459
-4.48323
-4.45232
-4.40551
-4.35224
-4.30914
-4.29745
-4.33176
-4.40056
-4.47442
-4.52999
-4.5593
-4.57055
-4.56867
-4.56353
-4.561
-4.56999
-4.59412
-4.63518
-4.68267
-4.72309
-4.74551
-4.74604
-4.723
-4.68177
-4.63104
-4.57559
-4.52614
-4.48637
-4.4601
-4.44761
-4.44827
-4.4633
-4.4921
-4.52869
-4.56095
-4.5829
-4.58849
-4.58323
-4.57479
-4.57171
-4.57597
-4.5875
-4.60202
-4.6156
-4.62643
-4.63598
-4.64286
-4.64283
-4.62573
-4.59083
-4.5405
-4.48551
-4.43458
-4.40056
-4.38784
-4.39312
-4.40388
-4.40919
-4.40175
-4.37944
-4.34461
-4.30398
-4.26667
-4.24225
-4.24281
-4.27034
-4.31876
-4.37385
-4.4275
-4.4718
-4.50607
-4.53135
-4.54805
-4.56018
-4.56649
-4.56836
-4.56409
-4.55324
-4.53278
-4.50317
-4.46348
-4.41312
-4.3578
-4.3065
-4.27322
-4.26824
-4.29335
-4.34067
-4.40072
-4.45812
-4.50031
-4.51811
-4.51206
-4.48883
-4.46292
-4.44207
-4.42243
-4.40485
-4.39279
-4.39566
-4.40957
-4.42501
-4.43206
-4.42004
-4.39422
-4.37084
-4.37096
-4.40141
-4.44911
-4.50164
-4.54936
-4.58498
-4.60553
-4.60771
-4.59159
-4.56079
-4.51822
-4.47216
-4.42254
-4.37087
-4.32115
-4.27844
-4.2537
-4.24963
-4.27113
-4.30778
-4.35065
-4.39006
-4.42074
-4.44296
-4.45847
-4.46471
-4.46615
-4.46207
-4.45738
-4.45417
-4.46112
-4.48259
-4.51386
-4.5509
-4.58341
-4.61274
-4.63418
-4.6516
-4.66973
-4.68844
-4.70589
-4.71476
-4.70274
-4.66429
-4.60069
-4.52247
-4.44403
-4.3793
-4.33742
-4.31855
-4.32032
-4.34257
-4.38439
-4.43887
-4.49906
-4.54951
-4.58282
-4.59293
-4.58596
-4.56654
-4.54313
-4.51321
-4.48046
-4.4418
-4.39672
-4.35132
-4.3135
-4.2961
-4.30856
-4.34363
-4.38765
-4.42927
-4.46327
-4.4892
-4.50705
-4.5205
-4.53231
-4.54391
-4.55695
-4.56961
-4.57835
-4.57921
-4.5712
-4.55093
-4.51812
-4.47592
-4.42747
-4.38084
-4.35169
-4.3496
-4.37993
-4.43264
-4.49112
-4.54501
-4.58265
-4.60163
-4.60133
-4.58105
-4.54805
-4.50818
-4.4726
-4.44553
-4.42679
-4.41548
-4.40544
-4.39299
-4.37855
-4.36514
-4.35736
-4.35591
-4.36044
-4.36359
-4.36278
-4.36404
-4.3729
-4.39725
-4.43694
-4.47962
-4.51372
-4.52572
-4.51351
-4.48
-4.43225
-4.38443
-4.34778
-4.32926
-4.32689
-4.33795
-4.3557
-4.37784
-4.40466
-4.43606
-4.47064
-4.49891
-4.51196
-4.50499
-4.4747
-4.42866
-4.37557
-4.32967
-4.29632
-4.2772
-4.26658
-4.26556
-4.27846
-4.3035
-4.3364
-4.36733
-4.38916
-4.40404
-4.4133
-4.41589
-4.41292
-4.40744
-4.40723
-4.41427
-4.43265
-4.45671
-4.47462
-4.47892
-4.4675
-4.44297
-4.41811
-4.39682
-4.38673
-4.39181
-4.41454
-4.45369
-4.50668
-4.56625
-4.62698
-4.67893
-4.71692
-4.73742
-4.74423
-4.74257
-4.7326
-4.7143
-4.68521
-4.64543
-4.59272
-4.52851
-4.45658
-4.38405
-4.32398
-4.27746
-4.23943
-4.20997
-4.19586
-4.20251
-4.23037
-4.27075
-4.31344
-4.34896
-4.37264
-4.38084
-4.37899
-4.36763
-4.34944
-4.3314
-4.31471
-4.30216
-4.29309
-4.28642
-4.28281
-4.28259
-4.28717
-4.29586
-4.30929
-4.32452
-4.34138
-4.36092
-4.3809
-4.40045
-4.42401
-4.4528
-4.48286
-4.51078
-4.52976
-4.53814
-4.53946
-4.53535
-4.5298
-4.52791
-4.53241
-4.54461
-4.56605
-4.59575
-4.62924
-4.66223
-4.69032
-4.71102
-4.72441
-4.72919
-4.72553
-4.71176
-4.6887
-4.65983
-4.62399
-4.58514
-4.5442
-4.50684
-4.47778
-4.4597
-4.45125
-4.44994
-4.45158
-4.45012
-4.43854
-4.41635
-4.37845
-4.32995
-4.28134
-4.24308
-4.22364
-4.22723
-4.25554
-4.30671
-4.37226
-4.43979
-4.49458
-4.53597
-4.57495
-4.61355
-4.6467
-4.66502
-4.66917
-4.65991
-4.63984
-4.61573
-4.58707
-4.55764
-4.52791
-4.49581
-4.4592
-4.41667
-4.37368
-4.33845
-4.31812
-4.31765
-4.3316
-4.35655
-4.38672
-4.41469
-4.43434
-4.44702
-4.45662
-4.46671
-4.48187
-4.50391
-4.52548
-4.53649
-4.52532
-4.49388
-4.45219
-4.41397
-4.39302
-4.39174
-4.40439
-4.41662
-4.42189
-4.42034
-4.42137
-4.43196
-4.45302
-4.47666
-4.50418
-4.53055
-4.54753
-4.54863
-4.53825
-4.52085
-4.50139
-4.48375
-4.47238
-4.47195
-4.48379
-4.50055
-4.50846
-4.50373
-4.48906
-4.46625
-4.44475
-4.42703
-4.41977
-4.42215
-4.43453
-4.4523
-4.47023
-4.48338
-4.48441
-4.47167
-4.44791
-4.42038
-4.39563
-4.38438
-4.38771
-4.40309
-4.42857
-4.4603
-4.49414
-4.52303
-4.53992
-4.53906
-4.52086
-4.48943
-4.45136
-4.41639
-4.39138
-4.38697
-4.40052
-4.42786
-4.46299
-4.49799
-4.52812
-4.55063
-4.56399
-4.56661
-4.55545
-4.53251
-4.50062
-4.47146
-4.45442
-4.45631
-4.47305
-4.49409
-4.50751
-4.5076
-4.4958
-4.47998
-4.46486
-4.4559
-4.45944
-4.47406
-4.4982
-4.52534
-4.54875
-4.56534
-4.57032
-4.56234
-4.54262
-4.5182
-4.4895
-4.46226
-4.43764
-4.41871
-4.41062
-4.41277
-4.42565
-4.44401
-4.46751
-4.49069
-4.51315
-4.5309
-4.53434
-4.52002
-4.48768
-4.4488
-4.4166
-4.40039
-4.40228
-4.41988
-4.44458
-4.46668
-4.48846
-4.51335
-4.54431
-4.58471
-4.6302
-4.67258
-4.70456
-4.71947
-4.71234
-4.68731
-4.64524
-4.59309
-4.53624
-4.48058
-4.42859
-4.39281
-4.37499
-4.37439
-4.38913
-4.41448
-4.44778
-4.47807
-4.50007
-4.51045
-4.5113
-4.50229
-4.48788
-4.46923
-4.44913
-4.42484
-4.39793
-4.36566
-4.33031
-4.29956
-4.28019
-4.27999
-4.30224
-4.34454
-4.39728
-4.45262
-4.50341
-4.54679
-4.57875
-4.59966
-4.60595
-4.59982
-4.58447
-4.5688
-4.55954
-4.56451
-4.58236
-4.59943
-4.60712
-4.60462
-4.59565
-4.58486
-4.56909
-4.54275
-4.50811
-4.46916
-4.43246
-4.40879
-4.40664
-4.42618
-4.4608
-4.49794
-4.52632
-4.53716
-4.52964
-4.50545
-4.47424
-4.44839
-4.43944
-4.44523
-4.45523
-4.46103
-4.45856
-4.45306
-4.44985
-4.45041
-4.45729
-4.46411
-4.46701
-4.45717
-4.43145
-4.38925
-4.33944
-4.29011
-4.25099
-4.22181
-4.20558
-4.2023
-4.21052
-4.22438
-4.24219
-4.25176
-4.25458
-4.25182
-4.24872
-4.24793
-4.25445
-4.26859
-4.28907
-4.31236
-4.33125
-4.33779
-4.3239
-4.29179
-4.25037
-4.21216
-4.19113
-4.1981
-4.23002
-4.27911
-4.33359
-4.38198
-4.41316
-4.4212
-4.40769
-4.38082
-4.34951
-4.32808
-4.32725
-4.34744
-4.38304
-4.42351
-4.46374
-4.50145
-4.53033
-4.54923
-4.55657
-4.55544
-4.55297
-4.55565
-4.56593
-4.57637
