           1    -1.86115    -1.86115           0
           2    -1.90352    -1.88234   0.0149818
           3    -1.87956    -1.88141   0.0100164
           4    -1.84009    -1.87108   0.0116814
           5    -1.87073    -1.87101  0.00934533
           6    -1.85322    -1.86805  0.00824462
           7    -1.91732    -1.87509  0.00961261
           8    -1.91613    -1.88022  0.00968365
           9    -1.87575    -1.87972   0.0086204
          10    -1.89106    -1.88085  0.00783256
          11    -1.93764    -1.88602  0.00865627
          12    -1.92161    -1.88898  0.00842784
          13    -1.85329    -1.88624  0.00821469
          14    -1.92252    -1.88883  0.00802638
          15    -1.89398    -1.88917  0.00749864
          16     -1.8808    -1.88865  0.00704819
          17    -1.89246    -1.88887  0.00663715
          18    -1.88003    -1.88838  0.00628659
          19     -1.8933    -1.88864  0.00596104
          20     -1.8924    -1.88883  0.00566594
          21    -1.89878     -1.8893  0.00541593
          22    -1.87302    -1.88856  0.00522006
          23    -1.90374    -1.88922  0.00503466
          24    -1.92346    -1.89065  0.00502296
          25    -1.87931     -1.8902  0.00484246
          26    -1.85964    -1.88902  0.00479672
          27    -1.92984    -1.89053  0.00485145
          28    -1.89212    -1.89059  0.00467852
          29    -1.92585     -1.8918  0.00467251
          30    -1.88183    -1.89147  0.00452858
          31    -1.90812    -1.89201  0.00441421
          32    -1.85212    -1.89076  0.00444882
          33    -1.90702    -1.89125  0.00434121
          34    -1.88941     -1.8912  0.00421387
          35    -1.91951    -1.89201  0.00417038
          36    -1.89663    -1.89214  0.00405651
          37    -1.89258    -1.89215   0.0039469
          38    -1.94278    -1.89348  0.00406169
          39     -1.9129    -1.89398  0.00398795
          40       -1.89    -1.89388  0.00388949
          41    -1.87786    -1.89349  0.00381421
          42    -1.91415    -1.89398    0.003755
          43    -1.87485    -1.89354  0.00369394
          44    -1.92252     -1.8942  0.00366825
          45    -1.90509    -1.89444  0.00359471
          46     -1.8919    -1.89438  0.00351699
          47    -1.90509    -1.89461  0.00344952
          48    -1.91068    -1.89494  0.00339386
          49    -1.85082    -1.89404  0.00344198
          50    -1.92014    -1.89457  0.00341248
           1    -1.44808    -1.44808           0
           2    -1.43751    -1.44279  0.00373689
           3    -1.44887    -1.44482   0.0029908
           4    -1.43825    -1.44318  0.00265592
           5    -1.42081     -1.4387  0.00452954
           6    -1.43219    -1.43762  0.00390266
           7    -1.49422     -1.4457  0.00820008
           8    -1.47735    -1.44966  0.00807325
           9    -1.45335    -1.45007  0.00718663
          10    -1.43298    -1.44836  0.00666812
          11    -1.43397    -1.44705  0.00618899
          12    -1.46081     -1.4482  0.00577838
          13    -1.46253     -1.4493  0.00543802
          14     -1.4812    -1.45158  0.00550623
          15    -1.46333    -1.45236  0.00519456
          16    -1.45629    -1.45261  0.00487569
          17    -1.44083    -1.45192  0.00463788
          18    -1.46088    -1.45241  0.00440688
          19    -1.44688    -1.45212  0.00418454
          20    -1.49268    -1.45415  0.00443966
          21     -1.4888     -1.4558  0.00452448
          22    -1.43528    -1.45487  0.00441393
          23    -1.44217    -1.45432  0.00425642
          24    -1.48608    -1.45564   0.0042799
          25    -1.45614    -1.45566  0.00410875
          26    -1.46986    -1.45621  0.00398684
          27    -1.46868    -1.45667  0.00386587
          28    -1.46488    -1.45696   0.0037389
          29    -1.46465    -1.45723  0.00361937
          30    -1.42957     -1.4563  0.00361424
          31     -1.4483    -1.45605  0.00350686
          32    -1.45554    -1.45603   0.0033973
          33    -1.45385    -1.45596    0.003295
          34    -1.48676    -1.45687  0.00332024
          35    -1.46061    -1.45698   0.0032271
          36    -1.45534    -1.45693  0.00313777
          37    -1.45801    -1.45696   0.0030531
          38    -1.44741    -1.45671   0.0029831
          39    -1.47181     -1.4571  0.00293163
          40    -1.46058    -1.45718  0.00285964
          41     -1.4642    -1.45735  0.00279501
          42    -1.43051    -1.45672  0.00280061
          43    -1.46148    -1.45683  0.00273767
          44    -1.46423    -1.45699  0.00268061
          45    -1.47783    -1.45746  0.00266074
          46    -1.46866     -1.4577  0.00261401
          47    -1.43595    -1.45724  0.00259904
          48    -1.47725    -1.45765  0.00257813
          49    -1.46283    -1.45776  0.00252768
          50    -1.45861    -1.45778  0.00247718
           1    -1.14569    -1.14569           0
           2    -1.12294    -1.13431  0.00804342
           3     -1.1414    -1.13667  0.00569804
           4    -1.12241    -1.13311  0.00527237
           5    -1.12694    -1.13187  0.00436009
           6    -1.13073    -1.13168  0.00363754
           7    -1.15609    -1.13517  0.00448792
           8    -1.12647    -1.13408  0.00405663
           9    -1.11897     -1.1324  0.00393811
          10    -1.12962    -1.13213  0.00355415
          11    -1.11638    -1.13069  0.00350736
          12    -1.12339    -1.13009  0.00326754
          13    -1.16171    -1.13252  0.00381583
          14    -1.13259    -1.13252  0.00354327
          15    -1.15803    -1.13422  0.00369247
          16     -1.1495    -1.13518  0.00358302
          17    -1.13259    -1.13503   0.0033755
          18    -1.13999     -1.1353   0.0031992
          19    -1.11739    -1.13436  0.00316661
          20    -1.13078    -1.13418  0.00301334
          21    -1.14635    -1.13476    0.002925
          22    -1.12023     -1.1341  0.00286567
          23    -1.13495    -1.13414  0.00274132
          24    -1.12698    -1.13384  0.00264327
          25    -1.13678    -1.13395  0.00254017
          26    -1.13568    -1.13402  0.00244334
          27    -1.13409    -1.13402  0.00235285
          28    -1.15299     -1.1347   0.0023643
          29    -1.16394    -1.13571  0.00248846
          30     -1.1156    -1.13504   0.0024942
          31    -1.13462    -1.13503  0.00241378
          32    -1.12497    -1.13471  0.00235872
          33    -1.14506    -1.13502  0.00230798
          34     -1.1572    -1.13568  0.00233045
          35    -1.11434    -1.13507  0.00234222
          36    -1.13389    -1.13503  0.00227739
          37    -1.15297    -1.13552  0.00226683
          38    -1.14485    -1.13576  0.00222043
          39    -1.14753    -1.13607  0.00218391
          40    -1.12193    -1.13571  0.00215773
          41    -1.14542    -1.13595  0.00211806
          42    -1.12732    -1.13574  0.00207757
          43     -1.1494    -1.13606  0.00205337
          44    -1.15274    -1.13644   0.0020414
          45    -1.13448     -1.1364   0.0019965
          46    -1.14727    -1.13663  0.00196703
          47    -1.13917    -1.13669  0.00192592
          48    -1.15344    -1.13704  0.00191716
          49     -1.1463    -1.13723  0.00188734
          50    -1.12067    -1.13689  0.00187841
           1   -0.897894   -0.897894           0
           2   -0.899624   -0.898759 0.000611578
           3   -0.907599   -0.901706  0.00244025
           4   -0.892309   -0.899357  0.00273651
           5   -0.899285   -0.899342  0.00218924
           6   -0.910089   -0.901134  0.00244985
           7   -0.916209   -0.903287  0.00289567
           8     -0.8962   -0.902401  0.00266578
           9   -0.895624   -0.901648  0.00247364
          10   -0.897539   -0.901237  0.00226016
          11   -0.885311   -0.899789  0.00247539
          12   -0.893577   -0.899272  0.00232261
          13   -0.905521   -0.899753  0.00219314
          14   -0.892698   -0.899249  0.00209357
          15   -0.905811   -0.899686  0.00199919
          16   -0.893087   -0.899274  0.00191631
          17   -0.902154   -0.899443  0.00181106
          18   -0.905062   -0.899755  0.00173714
          19   -0.892309   -0.899363  0.00168934
          20   -0.901152   -0.899453  0.00160724
          21   -0.894761   -0.899229  0.00154615
          22   -0.900065   -0.899267  0.00147634
          23   -0.896539   -0.899149  0.00141691
          24   -0.895946   -0.899015  0.00136414
          25   -0.894338   -0.898828  0.00132234
          26   -0.904517   -0.899047  0.00128946
          27   -0.907719   -0.899368  0.00128107
          28   -0.914036   -0.899892  0.00133814
          29   -0.905079   -0.900071  0.00130389
          30   -0.892445   -0.899817  0.00128497
          31   -0.890232   -0.899508  0.00128018
          32   -0.902494   -0.899601  0.00124357
          33   -0.909919   -0.899914  0.00124457
          34   -0.893729   -0.899732  0.00122118
          35   -0.890266   -0.899461  0.00121587
          36   -0.894829   -0.899333  0.00118889
          37   -0.901797   -0.899399  0.00115862
          38     -0.9165   -0.899849  0.00121238
          39   -0.904943    -0.89998  0.00118831
          40   -0.888916   -0.899703  0.00119035
          41   -0.897827   -0.899657   0.0011622
          42   -0.887669   -0.899372  0.00116906
          43   -0.899998   -0.899387  0.00114196
          44   -0.916654   -0.899779  0.00118152
          45   -0.900456   -0.899794  0.00115536
          46   -0.903463   -0.899874  0.00113299
          47   -0.890148   -0.899667  0.00112762
          48   -0.917939   -0.900047  0.00116662
          49   -0.894423   -0.899933  0.00114844
          50   -0.900558   -0.899945  0.00112554
           1   -0.715054   -0.715054           0
           2   -0.724613   -0.719834  0.00337943
           3    -0.71811   -0.719259   0.0023013
           4   -0.724311   -0.720522  0.00204342
           5   -0.722418   -0.720901  0.00166955
           6   -0.726495   -0.721833  0.00163093
           7   -0.717438   -0.721205    0.001514
           8   -0.715625   -0.720508  0.00147674
           9    -0.71831   -0.720264   0.0013327
          10   -0.717452   -0.719983  0.00122873
          11   -0.711607   -0.719221  0.00133221
          12     -0.7137   -0.718761  0.00129821
          13   -0.723135   -0.719097  0.00124118
          14   -0.720842   -0.719222  0.00115876
          15   -0.722776   -0.719459  0.00110547
          16   -0.719325   -0.719451  0.00103641
          17   -0.716695   -0.719289 0.000988035
          18   -0.727732   -0.719758  0.00103853
          19   -0.725374   -0.720053  0.00102507
          20   -0.716224   -0.719862 0.000991538
          21   -0.713814   -0.719574 0.000985256
          22   -0.726452   -0.719886 0.000988828
          23   -0.725532   -0.720132 0.000975824
          24   -0.718367   -0.720058 0.000937932
          25   -0.724297   -0.720228 0.000915611
          26   -0.714156   -0.719994 0.000909689
          27   -0.726912   -0.720251  0.00091136
          28   -0.724871   -0.720416 0.000893627
          29   -0.719468   -0.720383  0.00086341
          30   -0.721028   -0.720404 0.000834897
          31   -0.711337   -0.720112 0.000857674
          32   -0.719368   -0.720089 0.000831186
          33   -0.721787    -0.72014 0.000807591
          34   -0.706849   -0.719749  0.00087334
          35   -0.718038     -0.7197 0.000849754
          36   -0.712433   -0.719498 0.000849793
          37   -0.727732   -0.719721 0.000855462
          38   -0.725245   -0.719866  0.00084521
          39   -0.723565   -0.719961 0.000828842
          40     -0.7136   -0.719802 0.000823234
          41   -0.711806   -0.719607 0.000825931
          42   -0.715183   -0.719502 0.000812957
          43   -0.717038   -0.719444 0.000796067
          44   -0.721472   -0.719491 0.000779307
          45   -0.714969    -0.71939  0.00076844
          46   -0.720914   -0.719423 0.000752449
          47   -0.713914   -0.719306 0.000745514
          48    -0.72259   -0.719374 0.000733115
          49   -0.709659   -0.719176  0.00074448
          50    -0.71851   -0.719163  0.00072971
           1   -0.581008   -0.581008           0
           2   -0.582973   -0.581991 0.000694798
           3    -0.58356   -0.582514 0.000630029
           4   -0.583377    -0.58273 0.000508103
           5   -0.578267   -0.581837 0.000895752
           6   -0.582277    -0.58191 0.000749458
           7   -0.575594   -0.581008  0.00105387
           8   -0.583364   -0.581303 0.000962417
           9   -0.582863   -0.581476 0.000870967
          10   -0.574951   -0.580824 0.000998845
          11   -0.578486   -0.580611 0.000930362
          12   -0.577647   -0.580364 0.000885013
          13   -0.576541    -0.58007 0.000864415
          14   -0.582253   -0.580226 0.000816613
          15   -0.575169   -0.579889 0.000828845
          16   -0.580923   -0.579953 0.000779558
          17   -0.581447   -0.580041 0.000738638
          18   -0.585223   -0.580329 0.000751618
          19   -0.585223   -0.580587  0.00075491
          20   -0.582583   -0.580687  0.00072373
          21   -0.578961   -0.580604 0.000693915
          22    -0.58367   -0.580744 0.000676219
          23   -0.583364   -0.580858 0.000656348
          24   -0.577015   -0.580698 0.000648236
          25   -0.578462   -0.580608 0.000628444
          26   -0.577805     -0.5805  0.00061345
          27   -0.585101   -0.580671 0.000613939
          28   -0.581911   -0.580715 0.000593608
          29   -0.573883   -0.580479 0.000618117
          30   -0.581984    -0.58053 0.000599545
          31    -0.57985   -0.580508 0.000580605
          32    -0.57755   -0.580415 0.000569772
          33    -0.58185   -0.580459 0.000554163
          34   -0.580972   -0.580474 0.000538069
          35   -0.574211   -0.580295 0.000551649
          36   -0.578401   -0.580242 0.000538828
          37   -0.586326   -0.580407 0.000548775
          38   -0.588165   -0.580611 0.000571048
          39   -0.578438   -0.580555 0.000559118
          40   -0.582766    -0.58061 0.000547864
          41   -0.574963   -0.580473 0.000551547
          42    -0.57789   -0.580411 0.000541831
          43    -0.57352   -0.580251 0.000552423
          44   -0.585199   -0.580363 0.000551196
          45   -0.583169   -0.580426 0.000542461
          46   -0.578572   -0.580385 0.000532164
          47   -0.579083   -0.580358 0.000521562
          48   -0.583792   -0.580429 0.000515581
          49   -0.579302   -0.580406 0.000505572
          50    -0.57845   -0.580367 0.000496972
           1   -0.479581   -0.479581           0
           2   -0.476417   -0.477999   0.0011187
           3   -0.477239   -0.477746 0.000773981
           4   -0.474639   -0.476969 0.000888434
           5   -0.472697   -0.476114  0.00104366
           6   -0.473221   -0.475632 0.000974767
           7    -0.46944   -0.474748  0.00116993
           8   -0.472214   -0.474431  0.00106569
           9   -0.477913   -0.474818  0.00101509
          10   -0.466664   -0.474003  0.00119708
          11   -0.471627   -0.473787  0.00110755
          12   -0.473316   -0.473747  0.00101595
          13    -0.46826   -0.473325  0.00102173
          14   -0.471104   -0.473167 0.000960996
          15   -0.468281   -0.472841 0.000950527
          16   -0.471848   -0.472779 0.000893145
          17   -0.473977   -0.472849 0.000843384
          18   -0.470832   -0.472737 0.000803944
          19    -0.47191   -0.472694 0.000762808
          20   -0.476133   -0.472866 0.000743795
          21   -0.470612   -0.472758 0.000716078
          22   -0.468479   -0.472564 0.000709453
          23   -0.476691   -0.472743  0.00070093
          24   -0.471659   -0.472698  0.00067318
          25   -0.472938   -0.472708 0.000646321
          26   -0.472844   -0.472713 0.000621483
          27   -0.477745   -0.472899 0.000625783
          28   -0.476638   -0.473033 0.000617516
          29   -0.468051   -0.472861 0.000619654
          30   -0.473431    -0.47288  0.00059929
          31   -0.473305   -0.472894 0.000580115
          32   -0.473368   -0.472909 0.000562176
          33   -0.475207   -0.472978 0.000549437
          34   -0.473379    -0.47299 0.000533403
          35     -0.4685   -0.472862 0.000533366
          36   -0.473841   -0.472889 0.000519243
          37   -0.473977   -0.472918 0.000506041
          38   -0.477724   -0.473045 0.000508279
          39   -0.473043   -0.473045 0.000495246
          40    -0.47647    -0.47313  0.00049021
          41   -0.471313   -0.473086 0.000480253
          42   -0.474944    -0.47313 0.000470851
          43   -0.466675    -0.47298 0.000483244
          44    -0.47487   -0.473023 0.000474167
          45   -0.469367   -0.472942 0.000470538
          46   -0.471209   -0.472904 0.000461815
          47   -0.472728     -0.4729 0.000452004
          48   -0.471994   -0.472882 0.000442982
          49   -0.473767     -0.4729  0.00043431
          50   -0.474629   -0.472934 0.000426998
           1   -0.392034   -0.392034           0
           2   -0.392025   -0.392029  3.2336e-06
           3   -0.391659   -0.391906 0.000100803
           4   -0.390079   -0.391449 0.000402636
           5   -0.387966   -0.390753 0.000701471
           6   -0.388703   -0.390411 0.000662529
           7   -0.387739   -0.390029 0.000668907
           8   -0.391166   -0.390171 0.000600188
           9   -0.389159   -0.390059 0.000543947
          10   -0.382427   -0.389296 0.000873978
          11   -0.390216   -0.389379 0.000798523
          12   -0.390134   -0.389442 0.000734452
          13   -0.385595   -0.389146 0.000735164
          14   -0.386285   -0.388942   0.0007105
          15   -0.386648   -0.388789 0.000679394
          16   -0.389587   -0.388839  0.00063876
          17   -0.387229   -0.388744 0.000608162
          18   -0.388539   -0.388733 0.000574481
          19   -0.389788   -0.388788 0.000546921
          20   -0.389888   -0.388843 0.000522331
          21    -0.38945   -0.388872 0.000498257
          22   -0.386239   -0.388753 0.000489771
          23    -0.38803   -0.388721 0.000469484
          24   -0.386948   -0.388647   0.0004557
          25   -0.386312   -0.388554 0.000446944
          26   -0.389113   -0.388575 0.000430271
          27   -0.390244   -0.388637 0.000418748
          28    -0.38987   -0.388681   0.0004061
          29   -0.387084   -0.388626 0.000395813
          30   -0.389295   -0.388648 0.000383248
          31   -0.390947   -0.388722 0.000377987
          32   -0.389004   -0.388731 0.000366277
          33   -0.392025   -0.388831 0.000368526
          34   -0.389113   -0.388839  0.00035778
          35    -0.38334   -0.388682 0.000380498
          36   -0.388321   -0.388672 0.000370061
          37   -0.390189   -0.388713 0.000362323
          38   -0.392821   -0.388821 0.000368561
          39   -0.387484   -0.388787 0.000360703
          40   -0.389979   -0.388817 0.000352914
          41    -0.39144   -0.388881 0.000350057
          42   -0.388539   -0.388873 0.000341817
          43   -0.381958   -0.388712 0.000369766
          44   -0.389222   -0.388723 0.000361545
          45   -0.387448   -0.388695  0.00035462
          46   -0.387138   -0.388661 0.000348522
          47   -0.390901   -0.388709 0.000344349
          48   -0.387484   -0.388683 0.000338119
          49   -0.388885   -0.388688 0.000331244
          50   -0.392098   -0.388756 0.000331568
           1   -0.325743   -0.325743           0
           2   -0.323185   -0.324464 0.000904349
           3   -0.323154   -0.324027 0.000700551
           4   -0.324423   -0.324126 0.000532353
           5   -0.322771   -0.323855 0.000490085
           6   -0.321656   -0.323489 0.000528014
           7   -0.319812   -0.322963 0.000664319
           8   -0.324791   -0.323192 0.000619314
           9   -0.323489   -0.323225 0.000551379
          10   -0.319717   -0.322874 0.000597516
          11   -0.323568   -0.322937 0.000546522
          12   -0.319851    -0.32268 0.000558202
          13   -0.317499   -0.322281 0.000641971
          14   -0.321393   -0.322218 0.000599244
          15   -0.318068   -0.321941 0.000619872
          16   -0.324631   -0.322109 0.000603494
          17   -0.318282   -0.321884 0.000608544
          18   -0.323026   -0.321948 0.000578032
          19   -0.323824   -0.322046  0.00055598
          20   -0.321974   -0.322043 0.000528193
          21   -0.323513   -0.322113 0.000507657
          22    -0.32028    -0.32203 0.000491369
          23   -0.317088   -0.321815 0.000514843
          24   -0.318765   -0.321688  0.00050883
          25   -0.320685   -0.321647 0.000490053
          26   -0.323632   -0.321724 0.000477114
          27   -0.325359   -0.321858 0.000478062
          28   -0.324239   -0.321943  0.00046849
          29   -0.321656   -0.321934  0.00045244
          30   -0.322938   -0.321967 0.000438597
          31   -0.323624   -0.322021 0.000427694
          32   -0.322428   -0.322033 0.000414518
          33   -0.325247   -0.322131 0.000413238
          34   -0.321791   -0.322121 0.000401205
          35   -0.315919   -0.321943 0.000427078
          36   -0.322731   -0.321965 0.000415775
          37   -0.322372   -0.321976 0.000404683
          38   -0.324215   -0.322035   0.0003983
          39   -0.318654   -0.321949  0.00039741
          40   -0.324407    -0.32201 0.000392199
          41   -0.320908   -0.321983 0.000383553
          42   -0.323074   -0.322009 0.000375299
          43   -0.317499   -0.321904 0.000380948
          44   -0.321576   -0.321897 0.000372363
          45   -0.321313   -0.321884 0.000364314
          46   -0.323313   -0.321915 0.000357717
          47   -0.322739   -0.321932 0.000350535
          48    -0.32024   -0.321897    0.000345
          49   -0.320495   -0.321869 0.000339144
          50   -0.325591   -0.321943 0.000340436
           1   -0.269738   -0.269738           0
           2   -0.269773   -0.269756 1.24151e-05
           3   -0.270371   -0.269961 0.000167556
           4   -0.271067   -0.270237 0.000270519
           5   -0.270357   -0.270261 0.000217464
           6   -0.269935   -0.270207 0.000187897
           7   -0.269675   -0.270131 0.000175744
           8   -0.271342   -0.270282 0.000209039
           9   -0.268651   -0.270101  0.00025246
          10   -0.266838   -0.269775 0.000383951
          11   -0.269914   -0.269787 0.000349255
          12    -0.26816   -0.269652 0.000345467
          13   -0.267083   -0.269454 0.000371123
          14   -0.269605   -0.269465 0.000344771
          15   -0.267174   -0.269312 0.000354004
          16   -0.272287   -0.269498 0.000377547
          17   -0.269043   -0.269471 0.000356285
          18   -0.270828   -0.269547  0.00034437
          19   -0.270596   -0.269602 0.000330641
          20   -0.268419   -0.269543 0.000319351
          21   -0.269556   -0.269543 0.000304144
          22   -0.266196   -0.269391 0.000326161
          23   -0.264705   -0.269187 0.000370184
          24   -0.266964   -0.269095 0.000366167
          25   -0.268013   -0.269052 0.000354067
          26   -0.270371   -0.269102 0.000344064
          27   -0.270399    -0.26915 0.000334655
          28   -0.269289   -0.269155 0.000322739
          29   -0.267705   -0.269105  0.00031546
          30   -0.270019   -0.269136 0.000306412
          31    -0.26849   -0.269115 0.000297236
          32   -0.269177   -0.269117 0.000287953
          33   -0.269689   -0.269134 0.000279749
          34   -0.268658    -0.26912 0.000271872
          35   -0.262165   -0.268921 0.000328803
          36   -0.269696   -0.268943 0.000320373
          37   -0.269598   -0.268961 0.000312203
          38   -0.270884   -0.269011 0.000308063
          39   -0.268006   -0.268986  0.00030124
          40   -0.270258   -0.269017 0.000295384
          41   -0.267069    -0.26897 0.000291977
          42   -0.268791   -0.268966 0.000285056
          43   -0.266468   -0.268907 0.000284281
          44   -0.271166   -0.268959 0.000282415
          45   -0.268994    -0.26896  0.00027614
          46   -0.270497   -0.268993 0.000272153
          47   -0.269773    -0.26901 0.000266868
          48   -0.267223   -0.268972 0.000263892
          49   -0.268693   -0.268967 0.000258568
          50   -0.272216   -0.269032 0.000261436
           1   -0.229186   -0.229186           0
           2   -0.227613   -0.228399 0.000556259
           3   -0.225772   -0.227524 0.000805622
           4   -0.226635   -0.227301  0.00063408
           5   -0.228056   -0.227452 0.000524892
           6   -0.225288   -0.227092 0.000547524
           7   -0.226747   -0.227042 0.000471509
           8   -0.228193   -0.227186 0.000433947
           9   -0.226791   -0.227142 0.000387947
          10   -0.226169   -0.227045 0.000361151
          11   -0.226213   -0.226969 0.000336152
          12   -0.225077   -0.226812 0.000343138
          13   -0.226293   -0.226772  0.00031905
          14   -0.226237   -0.226734 0.000298534
          15   -0.225003   -0.226618 0.000300107
          16   -0.227756   -0.226689 0.000289656
          17   -0.226648   -0.226687 0.000272628
          18    -0.22818    -0.22677 0.000269812
          19   -0.227438   -0.226805 0.000257895
          20    -0.22571    -0.22675 0.000250749
          21   -0.226921   -0.226758 0.000238941
          22   -0.223221   -0.226598 0.000276934
          23   -0.223425    -0.22646 0.000297265
          24   -0.223697   -0.226345 0.000306357
          25   -0.225759   -0.226321 0.000294996
          26   -0.227432   -0.226364 0.000286728
          27   -0.227706   -0.226414 0.000280386
          28   -0.226418   -0.226414 0.000270372
          29   -0.225548   -0.226384 0.000262691
          30   -0.228193   -0.226444 0.000260763
          31   -0.225592   -0.226417 0.000253797
          32   -0.224557   -0.226359 0.000252434
          33   -0.227133   -0.226382 0.000245873
          34   -0.227276   -0.226408 0.000240045
          35   -0.220692   -0.226245 0.000283354
          36   -0.228499   -0.226308 0.000282314
          37   -0.228099   -0.226356 0.000278805
          38   -0.229461   -0.226438 0.000283192
          39   -0.226436   -0.226438  0.00027593
          40   -0.227258   -0.226458 0.000269792
          41   -0.225679   -0.226439 0.000263881
          42   -0.225908   -0.226427 0.000257901
          43    -0.22566   -0.226409 0.000252519
          44   -0.228742   -0.226462 0.000252288
          45   -0.226405   -0.226461 0.000246685
          46   -0.228486   -0.226505 0.000245221
          47   -0.226219   -0.226498 0.000240079
          48   -0.225381   -0.226475 0.000236204
          49   -0.225294   -0.226451  0.00023261
          50   -0.229931   -0.226521 0.000238142
           1   -0.194273   -0.194273           0
           2   -0.194033   -0.194153 8.47336e-05
           3   -0.192526    -0.19361 0.000446364
           4    -0.19267   -0.193375 0.000391807
           5   -0.194524   -0.193605 0.000374743
           6   -0.191312   -0.193223 0.000468189
           7   -0.190798   -0.192877 0.000513707
           8   -0.193337   -0.192934 0.000452708
           9   -0.192804    -0.19292 0.000402639
          10   -0.191672   -0.192795  0.00038121
          11   -0.192426   -0.192761 0.000348026
          12   -0.191041   -0.192618 0.000347287
          13   -0.192005   -0.192571 0.000323763
          14   -0.193026   -0.192603 0.000302263
          15   -0.190202   -0.192443 0.000321727
          16   -0.192038   -0.192418 0.000302615
          17   -0.192054   -0.192396 0.000285569
          18   -0.193554   -0.192461  0.00027685
          19    -0.19282    -0.19248 0.000262925
          20   -0.192604   -0.192486 0.000249851
          21   -0.193382   -0.192529 0.000241567
          22   -0.190876   -0.192453  0.00024199
          23   -0.189821   -0.192339 0.000257106
          24   -0.190323   -0.192255 0.000259749
          25   -0.192826   -0.192278  0.00025036
          26   -0.193231   -0.192315 0.000243403
          27   -0.193387   -0.192354 0.000237608
          28   -0.192326   -0.192353 0.000229124
          29   -0.191678    -0.19233 0.000222404
          30   -0.194295   -0.192395 0.000224428
          31   -0.191251   -0.192359 0.000220202
          32   -0.191512   -0.192332 0.000214905
          33   -0.193309   -0.192362 0.000210423
          34   -0.192426   -0.192364 0.000204243
          35   -0.188205   -0.192245 0.000230394
          36   -0.193348   -0.192275 0.000226024
          37   -0.193354   -0.192305 0.000221787
          38   -0.196122   -0.192405  0.00023762
          39   -0.190864   -0.192366 0.000234787
          40   -0.193448   -0.192393 0.000230473
          41   -0.192127   -0.192386 0.000224943
          42   -0.191323   -0.192361 0.000221005
          43   -0.192742    -0.19237 0.000216044
          44   -0.193076   -0.192386 0.000211729
          45   -0.193343   -0.192407 0.000208089
          46   -0.194323   -0.192449 0.000207691
          47   -0.192687   -0.192454 0.000203334
          48   -0.190169   -0.192406 0.000204594
          49   -0.192731   -0.192413 0.000200527
          50   -0.193554   -0.192436 0.000197811
           1    -0.16508    -0.16508           0
           2   -0.165914   -0.165497 0.000294756
           3   -0.163573   -0.164855 0.000559332
           4   -0.164552    -0.16478 0.000424616
           5   -0.165944   -0.165012 0.000398441
           6   -0.163702   -0.164794 0.000387309
           7   -0.163354   -0.164588 0.000382701
           8   -0.165384   -0.164688 0.000347556
           9   -0.164826   -0.164703 0.000309277
          10    -0.16389   -0.164622 0.000288828
          11   -0.164035   -0.164568 0.000267459
          12   -0.163429   -0.164473  0.00026149
          13   -0.164005   -0.164437 0.000243849
          14   -0.164557   -0.164446  0.00022658
          15   -0.162107    -0.16429 0.000259647
          16   -0.163965    -0.16427 0.000244212
          17   -0.164403   -0.164278 0.000229972
          18   -0.164816   -0.164307 0.000219131
          19   -0.165165   -0.164353 0.000212193
          20   -0.164676   -0.164369   0.0002022
          21   -0.164721   -0.164386 0.000193266
          22    -0.16271   -0.164309 0.000198918
          23   -0.162408   -0.164227 0.000206728
          24   -0.163057   -0.164178 0.000203779
          25   -0.164582   -0.164194 0.000196267
          26   -0.165235   -0.164234 0.000192755
          27    -0.16516   -0.164268 0.000188639
          28   -0.165464   -0.164311 0.000186673
          29   -0.163617   -0.164287 0.000181762
          30   -0.164861   -0.164306 0.000176706
          31   -0.163146   -0.164269 0.000174924
          32   -0.164701   -0.164282 0.000169979
          33   -0.165215   -0.164311 0.000167159
          34   -0.164169   -0.164306 0.000162294
          35   -0.160958   -0.164211 0.000183708
          36   -0.164622   -0.164222 0.000178959
          37   -0.165779   -0.164264 0.000178998
          38   -0.167361   -0.164346 0.000191948
          39   -0.163047   -0.164312 0.000189893
          40   -0.165664   -0.164346 0.000188127
          41   -0.163255    -0.16432 0.000185411
          42    -0.16332   -0.164296 0.000182519
          43   -0.163677   -0.164281 0.000178841
          44   -0.165215   -0.164303 0.000176029
          45   -0.165959   -0.164339 0.000175922
          46   -0.165414   -0.164363 0.000173642
          47   -0.166024   -0.164398 0.000173506
          48   -0.162354   -0.164356 0.000175039
          49   -0.164851   -0.164366 0.000171758
          50   -0.166094     -0.1644 0.000171765
           1   -0.142971   -0.142971           0
           2   -0.142872   -0.142922 3.50679e-05
           3   -0.141316   -0.142386 0.000437454
           4   -0.141375   -0.142134 0.000394491
           5   -0.142606   -0.142228 0.000326716
           6   -0.141213   -0.142059 0.000312985
           7    -0.14107   -0.141918 0.000298459
           8   -0.141025   -0.141806 0.000281228
           9    -0.14226   -0.141857 0.000254453
          10   -0.141671   -0.141838 0.000229684
          11   -0.141052   -0.141767 0.000219632
          12   -0.140529   -0.141663 0.000224252
          13   -0.141442   -0.141646 0.000207647
          14   -0.142827   -0.141731 0.000209237
          15   -0.138782   -0.141534 0.000272423
          16   -0.141227   -0.141515 0.000256072
          17   -0.140569   -0.141459 0.000246982
          18   -0.142651   -0.141525 0.000241975
          19   -0.141868   -0.141543 0.000229912
          20   -0.142165   -0.141575 0.000220507
          21   -0.142026   -0.141596 0.000211051
          22   -0.140323   -0.141538  0.00020924
          23   -0.140162   -0.141478 0.000208519
          24   -0.140945   -0.141456 0.000201013
          25   -0.141088   -0.141441 0.000193512
          26   -0.141563   -0.141446 0.000186125
          27    -0.14142   -0.141445 0.000179235
          28   -0.141981   -0.141464 0.000173851
          29   -0.140998   -0.141448 0.000168597
          30   -0.142197   -0.141473 0.000164812
          31   -0.140685   -0.141448 0.000161444
          32   -0.141151   -0.141438 0.000156666
          33   -0.142008   -0.141456 0.000152865
          34   -0.141066   -0.141444 0.000148799
          35   -0.139672   -0.141394 0.000152925
          36   -0.141617     -0.1414 0.000148803
          37   -0.142192   -0.141421 0.000146314
          38   -0.143093   -0.141465  0.00014893
          39   -0.140578   -0.141442 0.000146839
          40   -0.141608   -0.141447 0.000143227
          41   -0.140837   -0.141432 0.000140502
          42    -0.14129   -0.141428 0.000137198
          43   -0.141743   -0.141436 0.000134202
          44   -0.141675   -0.141441 0.000131262
          45   -0.142201   -0.141458 0.000129427
          46   -0.141698   -0.141463 0.000126719
          47    -0.14208   -0.141476   0.0001247
          48   -0.139151   -0.141428 0.000131178
          49   -0.141218   -0.141424 0.000128571
          50    -0.14289   -0.141453 0.000129301
           1   -0.123896   -0.123896           0
           2   -0.123594   -0.123745  0.00010683
           3   -0.122145   -0.123212 0.000441134
           4   -0.122186   -0.122955 0.000398481
           5   -0.123259   -0.123016 0.000323395
           6   -0.121789   -0.122811 0.000327881
           7   -0.122547   -0.122774 0.000283206
           8   -0.122251   -0.122708 0.000255237
           9   -0.123056   -0.122747 0.000229777
          10    -0.12234   -0.122706  0.00021037
          11   -0.122336   -0.122673 0.000193919
          12    -0.12202   -0.122618 0.000185238
          13   -0.122946   -0.122643 0.000172695
          14   -0.123549   -0.122708 0.000172046
          15   -0.120073   -0.122532 0.000233639
          16   -0.121809   -0.122487  0.00022337
          17   -0.122279   -0.122475 0.000210566
          18   -0.124059   -0.122563 0.000216487
          19   -0.123064   -0.122589 0.000206692
          20     -0.1226    -0.12259 0.000196358
          21   -0.123296   -0.122623 0.000189865
          22   -0.122003   -0.122595 0.000183315
          23   -0.121574   -0.122551 0.000180644
          24   -0.122531    -0.12255 0.000173119
          25   -0.122084   -0.122531 0.000167193
          26   -0.122665   -0.122537 0.000160841
          27   -0.123329   -0.122566 0.000157537
          28   -0.122995   -0.122581 0.000152653
          29   -0.122141   -0.122566 0.000148141
          30   -0.123443   -0.122595 0.000146057
          31   -0.121768   -0.122569 0.000143762
          32   -0.122523   -0.122567 0.000139276
          33   -0.123398   -0.122592 0.000137312
          34   -0.122641   -0.122594 0.000133281
          35   -0.121246   -0.122555 0.000134918
          36    -0.12269   -0.122559 0.000131222
          37   -0.123105   -0.122574 0.000128501
          38   -0.123912   -0.122609 0.000129858
          39   -0.121234   -0.122574 0.000131225
          40   -0.122734   -0.122578 0.000128006
          41   -0.123227   -0.122594 0.000125859
          42   -0.122966   -0.122602 0.000123175
          43   -0.122519     -0.1226 0.000120325
          44   -0.122409   -0.122596 0.000117669
          45   -0.123463   -0.122615 0.000116621
          46   -0.122304   -0.122609 0.000114283
          47   -0.122645   -0.122609 0.000111854
          48   -0.121258   -0.122581 0.000113009
          49   -0.121918   -0.122568  0.00011151
          50   -0.123353   -0.122583 0.000110381
           1   -0.107867   -0.107867           0
           2   -0.107136   -0.107501 0.000258364
           3   -0.106526   -0.107176 0.000316483
           4   -0.106781   -0.107077 0.000252329
           5   -0.107818   -0.107225 0.000241505
           6   -0.106256   -0.107064 0.000249486
           7   -0.107269   -0.107093 0.000215563
           8    -0.10643    -0.10701  0.00020395
           9   -0.106869   -0.106995 0.000181889
          10   -0.106718   -0.106967 0.000165793
          11   -0.106614   -0.106935 0.000153789
          12    -0.10667   -0.106913 0.000142552
          13   -0.106707   -0.106897 0.000132465
          14   -0.107518   -0.106941  0.00013021
          15   -0.105465   -0.106843 0.000154309
          16   -0.105902   -0.106784 0.000155454
          17   -0.106607   -0.106774 0.000146658
          18   -0.108023   -0.106843 0.000154055
          19   -0.107414   -0.106873 0.000148846
          20   -0.107904   -0.106925  0.00015006
          21   -0.107937   -0.106973 0.000150462
          22   -0.105844   -0.106921 0.000152126
          23   -0.105954   -0.106879 0.000151215
          24   -0.106699   -0.106872   0.0001451
          25   -0.106426   -0.106854 0.000140388
          26   -0.106526   -0.106841 0.000135556
          27   -0.107818   -0.106878 0.000135277
          28   -0.107443   -0.106898 0.000131946
          29   -0.106194   -0.106873 0.000129612
          30   -0.106515   -0.106862 0.000125842
          31   -0.106688   -0.106856 0.000121907
          32   -0.106489   -0.106844 0.000118637
          33   -0.107707   -0.106871 0.000117884
          34    -0.10681   -0.106869 0.000114431
          35   -0.105914   -0.106842  0.00011437
          36   -0.106603   -0.106835 0.000111385
          37   -0.107358   -0.106849 0.000109268
          38   -0.108372   -0.106889 0.000113509
          39   -0.104793   -0.106835  0.00012266
          40    -0.10626   -0.106821 0.000120434
          41   -0.107088   -0.106827 0.000117672
          42   -0.106862   -0.106828 0.000114873
          43   -0.106699   -0.106825 0.000112241
          44   -0.106422   -0.106816 0.000110063
          45   -0.107473   -0.106831 0.000108581
          46   -0.107028   -0.106835 0.000106305
          47   -0.107443   -0.106848 0.000104828
          48   -0.105186   -0.106813 0.000108214
          49   -0.105899   -0.106795 0.000107603
          50   -0.107195   -0.106803 0.000105748
