           1    0.139101    0.139101           0
           2   0.0978394     0.11847   0.0145883
           3    0.121188    0.119376  0.00975365
           4    0.159307    0.129359   0.0113248
           5    0.130066      0.1295  0.00906075
           6    0.147079     0.13243  0.00801031
           7   0.0843188    0.125557  0.00936122
           8   0.0851316    0.120504  0.00945709
           9    0.125584    0.121068  0.00842313
          10    0.110565    0.120018  0.00764601
          11   0.0641005    0.114935  0.00847392
          12   0.0801131    0.112033  0.00824965
          13     0.14678    0.114706  0.00803641
          14   0.0789336    0.112151  0.00785809
          15    0.106745     0.11179  0.00734247
          16    0.120258     0.11232  0.00690262
          17    0.108676    0.112105  0.00649991
          18    0.121106    0.112605    0.006158
          19    0.108307    0.112379  0.00583805
          20    0.108977    0.112209  0.00554863
          21     0.10294    0.111768  0.00530193
          22     0.12758    0.112486  0.00510942
          23   0.0977704    0.111846  0.00492717
          24    0.078459    0.110455  0.00491434
          25    0.121125    0.110882  0.00473626
          26    0.140126    0.112007  0.00468575
          27   0.0721074    0.110529   0.0047395
          28    0.109537    0.110494  0.00457036
          29   0.0761514    0.109309  0.00456361
          30    0.119362    0.109645  0.00442377
          31   0.0933756     0.10912  0.00431209
          32    0.147729    0.110326  0.00434285
          33   0.0941872    0.109837   0.0042387
          34    0.111511    0.109886  0.00411432
          35   0.0820591    0.109091  0.00407286
          36    0.104522    0.108964   0.0039617
          37    0.108107    0.108941   0.0038547
          38   0.0595536    0.107642  0.00396631
          39   0.0890372    0.107165   0.0038932
          40    0.111129    0.107264  0.00379713
          41    0.122792    0.107642  0.00372335
          42   0.0876531    0.107166    0.003665
          43    0.125573    0.107595  0.00360467
          44   0.0788856    0.106942  0.00358131
          45   0.0965889    0.106712  0.00350911
          46    0.109445    0.106771  0.00343333
          47   0.0965569    0.106554  0.00336715
          48   0.0912719    0.106236  0.00331202
          49    0.149627    0.107121  0.00336073
          50    0.081509    0.106609  0.00333232
           1    0.181856    0.181856           0
           2    0.190683     0.18627  0.00312081
           3    0.181608    0.184716  0.00243686
           4    0.190456    0.186151  0.00221014
           5    0.204216    0.189764  0.00368362
           6    0.194505    0.190554   0.0031533
           7    0.145888    0.184173  0.00649648
           8    0.159804    0.181127  0.00635863
           9    0.177688    0.180745  0.00566359
          10    0.194031    0.182074  0.00525075
          11    0.193438    0.183107  0.00487398
          12    0.173207    0.182282   0.0045371
          13    0.170635    0.181386  0.00427562
          14    0.155975    0.179571  0.00433841
          15    0.170125    0.178941  0.00409463
          16     0.17681    0.178808  0.00384088
          17    0.188549    0.179381  0.00365744
          18     0.17266    0.179008  0.00347325
          19    0.183578    0.179248  0.00329877
          20    0.147843    0.177678  0.00348759
          21     0.15035    0.176377  0.00355602
          22    0.192041    0.177089  0.00346493
          23    0.186862    0.177513  0.00334024
          24    0.152729    0.176481   0.0033569
          25     0.17656    0.176484  0.00322263
          26    0.164532    0.176024  0.00313129
          27    0.166727     0.17568   0.0030342
          28    0.169653    0.175465  0.00293345
          29    0.169184    0.175248  0.00284028
          30    0.197026    0.175974  0.00283686
          31    0.181484    0.176152  0.00275091
          32    0.176479    0.176162  0.00266496
          33    0.177369    0.176199  0.00258446
          34     0.15184    0.175482  0.00260585
          35    0.172696    0.175403  0.00253261
          36    0.176489    0.175433  0.00246244
          37    0.174465    0.175407  0.00239603
          38    0.182497    0.175593  0.00234023
          39    0.163831    0.175292  0.00229957
          40    0.173248     0.17524  0.00224265
          41    0.170234    0.175118  0.00219128
          42    0.195939    0.175614  0.00219446
          43    0.171961    0.175529  0.00214507
          44    0.169381    0.175389  0.00210086
          45    0.159342    0.175033  0.00208423
          46    0.166335    0.174844  0.00204747
          47    0.191805    0.175205  0.00203547
          48    0.159515    0.174878  0.00201914
          49    0.171247    0.174804  0.00197929
          50    0.173401    0.174776   0.0019399
           1    0.202611    0.202611           0
           2    0.218001    0.210306  0.00544124
           3    0.205636    0.208749  0.00384374
           4    0.217684    0.210983  0.00347172
           5    0.214987    0.211784  0.00286823
           6     0.21284     0.21196  0.00239559
           7    0.195605    0.209623  0.00298252
           8    0.215572    0.210367  0.00270081
           9    0.219678    0.211401  0.00259132
          10    0.213776    0.211639  0.00234304
          11     0.22162    0.212546  0.00229903
          12    0.218066    0.213006  0.00215297
          13    0.192767    0.211449  0.00248734
          14    0.210571    0.211387  0.00231047
          15    0.193936    0.210223  0.00243175
          16    0.200539    0.209618   0.0023539
          17    0.212065    0.209762  0.00221983
          18    0.206784    0.209597  0.00210266
          19    0.220911    0.210192  0.00207461
          20    0.212268    0.210296  0.00197348
          21    0.202532    0.209926  0.00191382
          22    0.218572    0.210319  0.00186674
          23    0.209842    0.210298  0.00178569
          24    0.215157    0.210501  0.00172272
          25    0.208642    0.210426  0.00165542
          26    0.208304    0.210345  0.00159376
          27    0.210827    0.210363  0.00153483
          28    0.198298    0.209932  0.00153931
          29    0.191325     0.20929  0.00161442
          30    0.222207    0.209721  0.00161701
          31    0.209115    0.209701  0.00156496
          32    0.215962    0.209897  0.00152824
          33    0.203493    0.209703   0.0014942
          34    0.195038    0.209271  0.00151122
          35    0.222869     0.20966  0.00151716
          36    0.210163    0.209674  0.00147508
          37    0.197952    0.209357  0.00146884
          38    0.202969    0.209189  0.00143977
          39    0.202223     0.20901  0.00141389
          40    0.218534    0.209248  0.00139845
          41    0.202795    0.209091  0.00137317
          42    0.214288    0.209215  0.00134604
          43    0.200987    0.209023  0.00132826
          44    0.197491    0.208761  0.00132368
          45    0.209842    0.208785  0.00129448
          46    0.201379    0.208624  0.00127632
          47    0.207028     0.20859  0.00124961
          48    0.197392    0.208357  0.00124517
          49    0.202076    0.208229  0.00122634
          50    0.218785     0.20844  0.00121985
           1    0.219479    0.219479           0
           2    0.219067    0.219273 0.000145755
           3    0.214186    0.217577  0.00138806
           4    0.222936    0.218917  0.00155872
           5    0.219041    0.218942  0.00124717
           6    0.214142    0.218142  0.00127021
           7    0.209724    0.216939  0.00155724
           8    0.221172    0.217468  0.00144969
           9    0.220398    0.217794  0.00132465
          10    0.220943    0.218109  0.00122905
          11    0.226822    0.218901  0.00134861
          12    0.222638    0.219212  0.00127169
          13    0.215777    0.218948  0.00120101
          14    0.221893    0.219158   0.0011335
          15    0.215128     0.21889  0.00108932
          16    0.222314    0.219104  0.00104205
          17    0.217942    0.219035 0.000982989
          18    0.216076    0.218871 0.000942025
          19    0.223198    0.219099 0.000919562
          20     0.21802    0.219045 0.000875165
          21    0.221421    0.219158 0.000840772
          22    0.219072    0.219154 0.000802564
          23    0.220511    0.219213 0.000769836
          24    0.221352    0.219302 0.000742901
          25    0.222099    0.219414 0.000721563
          26    0.216469    0.219301 0.000702642
          27    0.214968     0.21914 0.000694704
          28    0.211259    0.218859 0.000724675
          29    0.216536    0.218779 0.000704098
          30    0.223392    0.218932 0.000697215
          31    0.223145    0.219068 0.000687837
          32    0.217355    0.219015 0.000668423
          33    0.213574     0.21885 0.000668191
          34    0.221636    0.218932 0.000653542
          35    0.223859    0.219073 0.000649853
          36    0.220942    0.219125 0.000633873
          37    0.217569    0.219083 0.000618133
          38    0.209341    0.218826 0.000652864
          39      0.2168    0.218774 0.000638188
          40     0.22579     0.21895 0.000645883
          41    0.219795     0.21897 0.000630459
          42    0.224755    0.219108 0.000630315
          43    0.218494    0.219094 0.000615819
          44    0.209167    0.218868 0.000641819
          45    0.218684    0.218864 0.000627569
          46    0.216975    0.218823 0.000615268
          47    0.223638    0.218925 0.000610646
          48    0.208586     0.21871  0.00063478
          49    0.221256    0.218762 0.000623949
          50     0.21805    0.218748 0.000611632
           1    0.219439    0.219439           0
           2    0.214981     0.21721  0.00157599
           3    0.218015    0.217478  0.00107323
           4    0.215529    0.216991 0.000908889
           5    0.215766    0.216746 0.000759419
           6    0.214959    0.216448 0.000688746
           7    0.218331    0.216717 0.000640736
           8     0.21998    0.217125 0.000678159
           9    0.217723    0.217191 0.000606056
          10    0.218942    0.217367 0.000570183
          11    0.220958    0.217693 0.000604641
          12    0.220361    0.217915 0.000593721
          13     0.21614    0.217779 0.000563545
          14    0.216618    0.217696 0.000529355
          15    0.216014    0.217584 0.000505794
          16    0.217756    0.217594 0.000474296
          17    0.218475    0.217646 0.000449214
          18    0.213639    0.217424 0.000476226
          19    0.214654    0.217278 0.000472944
          20    0.219077    0.217368 0.000457774
          21    0.219884    0.217488 0.000451378
          22    0.215155    0.217382 0.000443134
          23    0.214874    0.217273 0.000437078
          24    0.217679     0.21729 0.000419195
          25    0.215619    0.217223  0.00040772
          26    0.220333    0.217342 0.000409214
          27    0.213928    0.217216 0.000413133
          28    0.214304    0.217112 0.000411259
          29    0.217206    0.217115 0.000397091
          30    0.217503    0.217128 0.000384064
          31    0.220621    0.217241 0.000387853
          32    0.217372    0.217245 0.000375754
          33    0.216792    0.217231 0.000364618
          34    0.222921    0.217398 0.000390417
          35    0.218484     0.21743 0.000380492
          36    0.220545    0.217516 0.000379634
          37    0.213872    0.217418 0.000381938
          38    0.213983    0.217327 0.000382432
          39    0.216047    0.217294 0.000374033
          40    0.220472    0.217374 0.000373022
          41    0.220608    0.217453 0.000372172
          42    0.219454      0.2175 0.000366349
          43    0.217877    0.217509 0.000357934
          44    0.216234     0.21748 0.000350971
          45    0.219401    0.217523 0.000345756
          46    0.217487    0.217522 0.000338241
          47    0.219975    0.217574 0.000335048
          48    0.216809    0.217558 0.000328446
          49    0.221507    0.217639 0.000331484
          50    0.218133    0.217649 0.000325001
           1    0.209338    0.209338           0
           2    0.208649    0.208994 0.000243665
           3    0.208362    0.208783 0.000236418
           4    0.208538    0.208722 0.000185105
           5    0.210231    0.209024 0.000307913
           6    0.209785    0.209151 0.000281534
           7    0.211629    0.209505 0.000407004
           8    0.208726    0.209407 0.000367581
           9    0.208727    0.209332 0.000334421
          10     0.21196    0.209594 0.000390837
          11    0.210712    0.209696 0.000368272
          12    0.211111    0.209814 0.000355967
          13    0.210937      0.2099 0.000338912
          14    0.208598    0.209807 0.000327233
          15    0.211661    0.209931 0.000327931
          16      0.2102    0.209948 0.000307865
          17    0.208919    0.209887 0.000295643
          18    0.208231    0.209795 0.000293188
          19    0.208111    0.209707 0.000290849
          20    0.209124    0.209677 0.000277762
          21    0.209785    0.209683 0.000264583
          22    0.209176     0.20966 0.000253554
          23    0.208798    0.209622 0.000245282
          24    0.211232    0.209689 0.000244056
          25    0.210924    0.209739 0.000239243
          26    0.210517    0.209769 0.000231908
          27    0.207481    0.209684 0.000238288
          28    0.208719    0.209649 0.000232254
          29    0.212411    0.209745 0.000242984
          30    0.209746    0.209745 0.000234885
          31    0.209664    0.209742 0.000227322
          32    0.210561    0.209768 0.000221653
          33    0.209616    0.209763 0.000214984
          34    0.209467    0.209754 0.000208837
          35     0.21254    0.209834 0.000217505
          36    0.210593    0.209855 0.000212483
          37    0.207537    0.209792  0.00021578
          38    0.206462    0.209705 0.000227206
          39    0.211213    0.209743 0.000224646
          40    0.208993    0.209725 0.000219813
          41    0.211304    0.209763 0.000217799
          42    0.210928    0.209791 0.000214373
          43    0.211991    0.209842 0.000215404
          44    0.207683    0.209793 0.000216023
          45    0.208042    0.209754   0.0002147
          46    0.210731    0.209775  0.00021108
          47     0.21026    0.209786  0.00020684
          48    0.209282    0.209775 0.000202797
          49    0.209652    0.209773 0.000198674
          50    0.210424    0.209786 0.000195127
           1     0.19587     0.19587           0
           2      0.1976    0.196735 0.000611436
           3    0.196949    0.196806 0.000411748
           4    0.197735    0.197039 0.000368508
           5    0.198235    0.197278 0.000364284
           6    0.199037    0.197571 0.000404739
           7    0.199942     0.19791 0.000467656
           8    0.199073    0.198055 0.000431222
           9    0.196511    0.197884 0.000416063
          10    0.200215    0.198117 0.000434888
          11    0.199114    0.198207 0.000404698
          12    0.198462    0.198229 0.000371529
          13    0.200007    0.198365 0.000367272
          14     0.19884    0.198399 0.000342599
          15    0.200239    0.198522 0.000341011
          16    0.198799    0.198539 0.000320136
          17    0.197563    0.198482 0.000306409
          18    0.199577    0.198543 0.000295361
          19    0.198844    0.198559  0.00028024
          20    0.197002    0.198481 0.000276823
          21    0.198894      0.1985 0.000264339
          22    0.200237    0.198579 0.000263852
          23    0.197239    0.198521  0.00025874
          24    0.198692    0.198528 0.000248058
          25    0.198455    0.198525 0.000238152
          26    0.198557    0.198526 0.000228996
          27    0.196591    0.198455  0.00023146
          28    0.196711    0.198393 0.000231419
          29     0.20026    0.198457 0.000232222
          30    0.198489    0.198458 0.000224483
          31     0.19792    0.198441 0.000217913
          32    0.198441    0.198441 0.000211103
          33    0.197229    0.198404 0.000207875
          34    0.198342    0.198402 0.000201769
          35    0.200701    0.198468 0.000206419
          36    0.198676    0.198474 0.000200766
          37    0.197633    0.198451 0.000196622
          38    0.196154     0.19839 0.000200521
          39    0.198968    0.198405 0.000195926
          40    0.197555    0.198384 0.000192177
          41    0.198478    0.198386 0.000187503
          42     0.19765    0.198369 0.000183857
          43    0.199663    0.198399 0.000182029
          44    0.197036    0.198368 0.000180509
          45    0.198848    0.198379 0.000176813
          46    0.198642    0.198384 0.000173062
          47    0.198623    0.198389 0.000169455
          48    0.199587    0.198414 0.000167753
          49    0.197103    0.198388  0.00016645
          50    0.197563    0.198371 0.000163936
           1    0.184459    0.184459           0
           2    0.184837    0.184648 0.000133313
           3    0.184422    0.184573 0.000108107
           4    0.185419    0.184784 0.000200359
           5    0.185436    0.184914 0.000198179
           6    0.185785     0.18506 0.000211717
           7    0.186061    0.185203 0.000224687
           8    0.184675    0.185137 0.000206066
           9    0.185242    0.185148   0.0001835
          10    0.186893    0.185323 0.000233809
          11    0.185005    0.185294 0.000214334
          12    0.185168    0.185283  0.00019673
          13    0.186025     0.18534 0.000189694
          14    0.185762    0.185371 0.000178514
          15    0.185726    0.185394 0.000168176
          16    0.185201    0.185382 0.000158096
          17    0.185536    0.185391 0.000149054
          18    0.185641    0.185405 0.000141419
          19     0.18484    0.185375 0.000137069
          20    0.184951    0.185354  0.00013185
          21     0.18511    0.185343 0.000126083
          22    0.186408    0.185391 0.000129318
          23    0.185716    0.185405 0.000124465
          24    0.186073    0.185433 0.000122352
          25     0.18642    0.185472  0.00012366
          26     0.18536    0.185468 0.000118979
          27    0.185201    0.185458 0.000114981
          28     0.18521    0.185449 0.000111215
          29    0.186162    0.185474 0.000110064
          30    0.185333    0.185469 0.000106495
          31    0.184102    0.185425 0.000111822
          32    0.185335    0.185422 0.000108363
          33    0.184084    0.185382 0.000112415
          34    0.185285    0.185379 0.000109144
          35     0.18766    0.185444 0.000123968
          36    0.186379     0.18547 0.000123214
          37    0.184767    0.185451 0.000121342
          38    0.183765    0.185407 0.000126001
          39    0.186487    0.185434  0.00012578
          40    0.185444    0.185435 0.000122636
          41    0.184402    0.185409 0.000122204
          42    0.185377    0.185409 0.000119297
          43    0.186673    0.185438 0.000120093
          44    0.185116    0.185431 0.000117585
          45    0.185209    0.185426 0.000115075
          46    0.185595     0.18543 0.000112632
          47    0.184862    0.185417 0.000110881
          48    0.186037     0.18543  0.00010932
          49     0.18442     0.18541 0.000109018
          50    0.183787    0.185377 0.000111566
           1    0.171011    0.171011           0
           2    0.172062    0.171537 0.000371808
           3    0.172011    0.171695 0.000279512
           4    0.171539    0.171656  0.00021234
           5     0.17179    0.171683 0.000171553
           6    0.172437    0.171808 0.000183328
           7    0.173192    0.172006 0.000241261
           8    0.171559     0.17195 0.000217485
           9    0.171469    0.171897 0.000199771
          10    0.172532     0.17196 0.000189626
          11    0.171877    0.171953 0.000172539
          12    0.172708    0.172016  0.00016924
          13    0.172979     0.17209 0.000171679
          14    0.171952     0.17208 0.000159696
          15    0.172886    0.172134  0.00015784
          16    0.171436     0.17209 0.000153885
          17    0.172831    0.172134 0.000150876
          18    0.171953    0.172124 0.000142827
          19    0.171484     0.17209 0.000139223
          20    0.172128    0.172092 0.000132275
          21    0.171744    0.172075 0.000127006
          22    0.172707    0.172104 0.000124434
          23    0.173458    0.172163 0.000132226
          24    0.173098    0.172202 0.000132336
          25    0.172873    0.172229 0.000129739
          26     0.17129    0.172193 0.000129672
          27    0.171209    0.172156 0.000129882
          28    0.171808    0.172144 0.000125837
          29    0.172382    0.172152 0.000121767
          30    0.171869    0.172143 0.000118072
          31    0.170851    0.172101 0.000121387
          32    0.172044    0.172099 0.000117606
          33    0.170754    0.172058 0.000120904
          34    0.171964    0.172056  0.00011738
          35    0.174262    0.172119 0.000129863
          36    0.172554    0.172131 0.000126818
          37    0.171296    0.172108  0.00012538
          38     0.17171    0.172098 0.000122516
          39    0.173998    0.172146 0.000128698
          40    0.171804    0.172138 0.000125764
          41    0.172513    0.172147 0.000123028
          42    0.171644    0.172135  0.00012068
          43    0.172553    0.172145 0.000118264
          44     0.17211    0.172144 0.000115579
          45     0.17203    0.172141 0.000113038
          46    0.171578    0.172129 0.000111241
          47    0.171869    0.172124 0.000109013
          48    0.173104    0.172144 0.000108638
          49    0.171997    0.172141 0.000106463
          50    0.170567     0.17211 0.000108889
           1    0.158482    0.158482           0
           2     0.15898    0.158731 0.000175845
           3    0.158728     0.15873 0.000117232
           4    0.158157    0.158587 0.000151995
           5    0.158463    0.158562 0.000123601
           6    0.158597    0.158568 0.000103136
           7    0.159074     0.15864 0.000110909
           8    0.158506    0.158623 9.83036e-05
           9    0.159053    0.158671 9.82785e-05
          10    0.159643    0.158768 0.000127779
          11    0.159089    0.158798 0.000119449
          12    0.159591    0.158864 0.000126473
          13    0.159405    0.158905 0.000123416
          14    0.158584    0.158882  0.00011672
          15    0.159398    0.158917  0.00011388
          16    0.158393    0.158884 0.000111375
          17    0.159109    0.158897 0.000105608
          18    0.158992    0.158902 9.98709e-05
          19    0.158757    0.158895 9.49056e-05
          20    0.158924    0.158896 9.01717e-05
          21    0.158996    0.158901 8.60034e-05
          22    0.159886    0.158946 9.30131e-05
          23    0.160196       0.159 0.000103632
          24    0.159772    0.159032 0.000104182
          25    0.159392    0.159047 0.000101002
          26    0.158522    0.159027 9.91108e-05
          27    0.159302    0.159037 9.59646e-05
          28     0.15933    0.159047 9.31059e-05
          29    0.159528    0.159064 9.13605e-05
          30    0.158802    0.159055 8.87311e-05
          31    0.158505    0.159037 8.76266e-05
          32     0.15902    0.159037 8.48899e-05
          33    0.159003    0.159036 8.23236e-05
          34    0.159078    0.159037 7.99119e-05
          35    0.161094    0.159096 9.68532e-05
          36    0.159769    0.159114 9.59538e-05
          37    0.158493    0.159098 9.48203e-05
          38    0.158502    0.159082 9.36099e-05
          39    0.159974    0.159105 9.39647e-05
          40    0.159011    0.159103  9.1645e-05
          41    0.159626    0.159115  9.0293e-05
          42    0.158671    0.159105 8.87604e-05
          43    0.159159    0.159106 8.67051e-05
          44    0.158424     0.15909 8.61096e-05
          45    0.159054     0.15909 8.41998e-05
          46     0.15862    0.159079  8.2987e-05
          47    0.158733    0.159072 8.15487e-05
          48    0.159867    0.159089 8.15128e-05
          49      0.1588    0.159083 8.00612e-05
          50    0.157943     0.15906 8.16406e-05
           1    0.146041    0.146041           0
           2     0.14654     0.14629 0.000176621
           3     0.14679    0.146457 0.000179834
           4    0.146411    0.146446 0.000135234
           5    0.146258    0.146408 0.000113296
           6    0.146862    0.146484 0.000116972
           7     0.14684    0.146534 0.000110785
           8    0.146466    0.146526 9.72626e-05
           9    0.146777    0.146554  9.0369e-05
          10    0.146784    0.146577 8.42222e-05
          11    0.147198    0.146633 9.36025e-05
          12    0.147529    0.146708 0.000111637
          13    0.146732     0.14671 0.000103064
          14    0.146703    0.146709 9.57036e-05
          15    0.146935    0.146724 9.04933e-05
          16    0.146791    0.146729  8.4934e-05
          17    0.146711    0.146728 7.99444e-05
          18    0.146478    0.146714 7.66925e-05
          19    0.146578    0.146707 7.29861e-05
          20    0.146826    0.146713 6.95804e-05
          21    0.146606    0.146707 6.64502e-05
          22    0.147365    0.146737 6.98223e-05
          23     0.14757    0.146774 7.55953e-05
          24    0.147666    0.146811 8.10831e-05
          25    0.147043     0.14682 7.83723e-05
          26    0.146478    0.146807 7.64569e-05
          27    0.146915    0.146811 7.37303e-05
          28    0.146745    0.146809 7.11347e-05
          29    0.147101    0.146819  6.9391e-05
          30    0.146589    0.146811 6.74983e-05
          31    0.146405    0.146798 6.65794e-05
          32    0.147138    0.146808   6.534e-05
          33     0.14633    0.146794 6.49475e-05
          34    0.146725    0.146792 6.30686e-05
          35    0.148425    0.146839   7.661e-05
          36    0.147146    0.146847 7.49564e-05
          37    0.146164    0.146829 7.51678e-05
          38    0.145925    0.146805 7.68622e-05
          39    0.147193    0.146815 7.55326e-05
          40    0.146519    0.146807 7.40051e-05
          41    0.146855    0.146809 7.22094e-05
          42     0.14651    0.146802 7.08385e-05
          43    0.146633    0.146798 6.92992e-05
          44    0.146129    0.146782 6.93726e-05
          45    0.146799    0.146783  6.7832e-05
          46     0.14645    0.146776 6.67413e-05
          47    0.146705    0.146774 6.53381e-05
          48    0.147123    0.146781 6.43807e-05
          49    0.146771    0.146781 6.30672e-05
          50    0.145583    0.146757 6.62005e-05
           1    0.134767    0.134767           0
           2    0.134834      0.1348 2.36799e-05
           3    0.134821    0.134807 1.67613e-05
           4    0.134857     0.13482 1.66112e-05
           5    0.134824     0.13482 1.33111e-05
           6    0.135326    0.134905 7.77438e-05
           7    0.135569       0.135 0.000110315
           8    0.135103    0.135013 9.72776e-05
           9    0.135255    0.135039  9.0125e-05
          10    0.135106    0.135046 8.13573e-05
          11    0.135585    0.135095 8.74648e-05
          12     0.13596    0.135167 0.000105761
          13    0.135454    0.135189 9.99082e-05
          14    0.135074    0.135181 9.31104e-05
          15    0.135576    0.135207 9.05576e-05
          16     0.13556    0.135229 8.75419e-05
          17    0.135128    0.135223 8.25956e-05
          18    0.135108    0.135217 7.82561e-05
          19    0.135074     0.13521 7.44967e-05
          20    0.135072    0.135203 7.10876e-05
          21    0.134895    0.135188 6.91922e-05
          22    0.135141    0.135186 6.60796e-05
          23    0.135963     0.13522 7.13159e-05
          24    0.135733    0.135241 7.14842e-05
          25    0.135407    0.135248 6.89316e-05
          26    0.134913    0.135235 6.74742e-05
          27    0.135198    0.135233 6.49889e-05
          28    0.135203    0.135232 6.26767e-05
          29    0.135656    0.135247 6.21913e-05
          30     0.13499    0.135238 6.07046e-05
          31    0.134939    0.135229  5.9509e-05
          32    0.135394    0.135234 5.78724e-05
          33    0.134825    0.135222 5.74305e-05
          34    0.135455    0.135228 5.61507e-05
          35    0.136489    0.135264 6.50767e-05
          36    0.135922    0.135283 6.57862e-05
          37     0.13501    0.135275 6.44208e-05
          38     0.13406    0.135243 7.02114e-05
          39    0.136015    0.135263 7.11475e-05
          40    0.135029    0.135257 6.96099e-05
          41    0.135353     0.13526 6.79514e-05
          42     0.13519    0.135258  6.6354e-05
          43    0.134909     0.13525 6.53056e-05
          44    0.135346    0.135252 6.38578e-05
          45    0.134935    0.135245 6.28253e-05
          46    0.135129    0.135242 6.15102e-05
          47     0.13512     0.13524 6.02564e-05
          48    0.136061    0.135257 6.13824e-05
          49    0.135039    0.135253 6.02903e-05
          50    0.134828    0.135244 5.96788e-05
           1    0.124466    0.124466           0
           2    0.124142    0.124304 0.000114664
           3    0.124596    0.124401  0.00011021
           4    0.124392    0.124399 8.26815e-05
           5    0.124517    0.124422 6.94506e-05
           6    0.124607    0.124453 6.43154e-05
           7    0.124829    0.124507  7.4241e-05
           8    0.124564    0.124514 6.53012e-05
           9    0.124676    0.124532 6.04879e-05
          10    0.124529    0.124532 5.44399e-05
          11     0.12511    0.124584 7.04383e-05
          12    0.125284    0.124643 8.53367e-05
          13    0.124909    0.124663 8.11931e-05
          14    0.124646    0.124662 7.54024e-05
          15    0.125144    0.124694 7.69104e-05
          16    0.124826    0.124702 7.25424e-05
          17    0.124534    0.124692 6.89495e-05
          18    0.124538    0.124684 6.56474e-05
          19    0.124542    0.124676 6.26142e-05
          20    0.124449    0.124665 6.05084e-05
          21    0.124569     0.12466 5.77988e-05
          22     0.12476    0.124665 5.53474e-05
          23    0.125341    0.124694   6.025e-05
          24    0.125149    0.124713 6.06511e-05
          25    0.124838    0.124718 5.84299e-05
          26    0.124559    0.124712  5.6502e-05
          27     0.12498    0.124722 5.52712e-05
          28    0.124417    0.124711 5.43588e-05
          29     0.12502    0.124722 5.35207e-05
          30    0.124682    0.124721  5.1753e-05
          31    0.124495    0.124713 5.05925e-05
          32    0.124473    0.124706 4.95659e-05
          33    0.124282    0.124693  4.9702e-05
          34    0.124781    0.124695  4.8307e-05
          35    0.125539     0.12472 5.25917e-05
          36      0.1253    0.124736 5.35485e-05
          37    0.124438    0.124728 5.27006e-05
          38    0.123871    0.124705 5.59233e-05
          39    0.125216    0.124718 5.60039e-05
          40    0.124435    0.124711 5.50483e-05
          41    0.124906    0.124716 5.39094e-05
          42    0.124672    0.124715 5.26358e-05
          43    0.124581    0.124712 5.15032e-05
          44    0.124791    0.124714 5.03642e-05
          45    0.124587    0.124711 4.93231e-05
          46    0.124449    0.124705 4.85771e-05
          47    0.124471      0.1247 4.77971e-05
          48     0.12511    0.124709 4.75593e-05
          49      0.1246    0.124706 4.66408e-05
          50    0.124113    0.124695 4.71921e-05
           1    0.114721    0.114721           0
           2    0.114644    0.114682 2.72217e-05
           3    0.114913    0.114759 6.53227e-05
           4     0.11471    0.114747 5.01295e-05
           5    0.115078    0.114813  7.1516e-05
           6    0.114905    0.114828 6.12048e-05
           7    0.115142    0.114873 6.69109e-05
           8      0.1151    0.114901 6.43006e-05
           9    0.114917    0.114903 5.71798e-05
          10    0.114718    0.114885 5.43705e-05
          11     0.11553    0.114943  7.4638e-05
          12    0.115378     0.11498 7.66892e-05
          13    0.115153    0.114993 7.19387e-05
          14    0.114646    0.114968 7.09287e-05
          15     0.11546    0.115001 7.34032e-05
          16    0.115098    0.115007 6.90671e-05
          17     0.11517    0.115017 6.56664e-05
          18    0.114877    0.115009 6.24722e-05
          19    0.115133    0.115015 5.95258e-05
          20     0.11482    0.115006 5.73439e-05
          21    0.114808    0.114996 5.53839e-05
          22    0.115066    0.114999 5.29567e-05
          23    0.115343    0.115014 5.27173e-05
          24    0.115217    0.115023 5.11912e-05
          25    0.115332    0.115035 5.06181e-05
          26    0.115131    0.115039 4.88059e-05
          27    0.115489    0.115056 4.97612e-05
          28    0.114799    0.115046 4.88187e-05
          29    0.115426    0.115059 4.88631e-05
          30     0.11502    0.115058  4.7252e-05
          31     0.11492    0.115054 4.59366e-05
          32    0.115109    0.115055  4.4533e-05
          33     0.11479    0.115047 4.39018e-05
          34    0.115124     0.11505 4.26679e-05
          35    0.115492    0.115062 4.32802e-05
          36    0.115458    0.115073  4.3452e-05
          37    0.114794    0.115066 4.29274e-05
          38      0.1145    0.115051 4.43052e-05
          39    0.115418     0.11506 4.41589e-05
          40    0.114825    0.115054 4.34455e-05
          41    0.115078    0.115055 4.23896e-05
          42    0.114958    0.115053 4.14425e-05
          43    0.114768    0.115046 4.10022e-05
          44    0.115182    0.115049 4.01873e-05
          45    0.114998    0.115048 3.93105e-05
          46    0.114998    0.115047 3.84707e-05
          47    0.114952    0.115045 3.77055e-05
          48    0.115484    0.115054  3.8013e-05
          49    0.115232    0.115058 3.74097e-05
          50    0.114694     0.11505 3.73615e-05
           1    0.106078    0.106078           0
           2    0.105956    0.106017  4.2886e-05
           3    0.106338    0.106124 9.18075e-05
           4    0.105848    0.106055 9.12194e-05
           5    0.106248    0.106093 8.07168e-05
           6    0.106176    0.106107 6.84377e-05
           7    0.106272    0.106131 6.25934e-05
           8    0.106158    0.106134 5.48614e-05
           9    0.106196    0.106141 4.91991e-05
          10    0.106008    0.106128 4.60463e-05
          11    0.106536    0.106165 5.48326e-05
          12    0.106498    0.106193 5.68543e-05
          13    0.106345    0.106204 5.36761e-05
          14    0.105883    0.106181 5.45445e-05
          15    0.106666    0.106214 5.97118e-05
          16    0.106445    0.106228 5.77014e-05
          17    0.106254     0.10623  5.4327e-05
          18    0.106171    0.106226  5.1406e-05
          19    0.106202    0.106225 4.87164e-05
          20    0.106176    0.106223 4.63429e-05
          21     0.10588    0.106206 4.69146e-05
          22    0.106195    0.106206 4.47849e-05
          23     0.10645    0.106216 4.40771e-05
          24    0.106479    0.106227 4.35787e-05
          25    0.106494    0.106238 4.31178e-05
          26    0.106214    0.106237 4.14697e-05
          27    0.106445    0.106245 4.06419e-05
          28     0.10598    0.106235 4.02732e-05
          29    0.106572    0.106247 4.05268e-05
          30    0.106259    0.106247 3.91777e-05
          31    0.106125    0.106243 3.81125e-05
          32    0.106311    0.106246 3.69793e-05
          33    0.105954    0.106237 3.68976e-05
          34    0.106234    0.106237 3.58124e-05
          35    0.106446    0.106243 3.52861e-05
          36    0.106436    0.106248  3.4711e-05
          37    0.106221    0.106247 3.37808e-05
          38    0.105866    0.106237 3.43469e-05
          39    0.106695    0.106249 3.54171e-05
          40    0.106009    0.106243 3.50369e-05
          41     0.10594    0.106236 3.49521e-05
          42    0.106198    0.106235 3.41313e-05
          43    0.106137    0.106232 3.34137e-05
          44    0.106417    0.106237 3.29167e-05
          45    0.106108    0.106234 3.23086e-05
          46    0.106276    0.106235 3.16196e-05
          47    0.106273    0.106235 3.09574e-05
          48    0.106551    0.106242 3.10008e-05
          49    0.106497    0.106247 3.08016e-05
          50    0.106011    0.106243 3.05458e-05
           1   0.0981804   0.0981804           0
           2   0.0982678   0.0982241 3.08946e-05
           3   0.0984099   0.0982861 5.45937e-05
           4   0.0979434   0.0982004 8.47308e-05
           5   0.0982626   0.0982128 6.86915e-05
           6   0.0983016   0.0982276 5.88142e-05
           7   0.0983091   0.0982393 5.15522e-05
           8   0.0980719   0.0982184  4.9171e-05
           9   0.0982931   0.0982267 4.44026e-05
          10   0.0981458   0.0982186 4.06909e-05
          11   0.0984336   0.0982381 4.14211e-05
          12   0.0985309   0.0982625 4.45784e-05
          13   0.0984744   0.0982788  4.4028e-05
          14   0.0981679   0.0982709 4.15893e-05
          15   0.0984973    0.098286 4.14655e-05
          16   0.0985005   0.0982994 4.09835e-05
          17   0.0983423   0.0983019 3.86502e-05
          18   0.0982494    0.098299  3.6613e-05
          19   0.0981579   0.0982916 3.54315e-05
          20   0.0981339   0.0982837 3.45262e-05
          21   0.0977881   0.0982601 4.01442e-05
          22   0.0983469    0.098264  3.8513e-05
          23   0.0983707   0.0982687 3.71167e-05
          24   0.0985341   0.0982797 3.71812e-05
          25   0.0984757   0.0982876 3.65113e-05
          26   0.0981929   0.0982839 3.52881e-05
          27   0.0985206   0.0982927 3.50528e-05
          28    0.098173   0.0982884 3.40605e-05
          29   0.0988149   0.0983066 3.74133e-05
          30   0.0986474   0.0983179 3.78521e-05
          31   0.0981226   0.0983116 3.71517e-05
          32   0.0982904    0.098311 3.59967e-05
          33   0.0981563   0.0983063 3.52097e-05
          34   0.0982566   0.0983048 3.42044e-05
          35   0.0983969   0.0983075 3.33282e-05
          36   0.0985171   0.0983133 3.29074e-05
          37   0.0983357   0.0983139 3.20235e-05
          38   0.0979185   0.0983035 3.28279e-05
          39     0.09874   0.0983147 3.38402e-05
          40   0.0982777   0.0983137 3.30068e-05
          41   0.0981239   0.0983091 3.25249e-05
          42   0.0984148   0.0983116 3.18476e-05
          43   0.0982871   0.0983111 3.11121e-05
          44   0.0985266    0.098316 3.07882e-05
          45   0.0980892   0.0983109 3.05136e-05
          46   0.0982605   0.0983098 2.98699e-05
          47    0.098175    0.098307 2.93718e-05
          48   0.0985798   0.0983126 2.93048e-05
          49   0.0984193   0.0983148 2.87875e-05
          50   0.0980412   0.0983093 2.87272e-05
