-0.317321   -0.0207638   -0.329466
0.0306024   0.273007   -0.15605
-0.245418   -0.0232506   -0.107631
-0.193904   0.423642   -0.464908
-0.227437   0.199278   -0.388266
-0.378702   -0.249469   0.351852
0.273445   0.134714   0.121346
0.457536   -0.123676   -0.46519
-0.427179   -0.22538   0.496608
0.235605   0.480049   -0.310794
0.468397   0.116771   0.325199
-0.37899   0.230562   0.33987
-0.410557   -0.331978   -0.288072
-0.323934   -0.358186   -0.0126084
-0.236159   -0.45821   0.119458
-0.406579   0.122634   0.489224
-0.350917   0.270497   -0.276736
-0.192925   0.319167   -0.156605
0.381111   0.356225   -0.441781
0.300948   -0.449916   -0.218359
-0.286215   0.0282101   0.240924
-0.177445   0.23365   -0.206305
-0.139049   0.152401   0.0876291
0.0969382   0.000287994   0.408366
-0.415058   -0.357503   -0.16475
-0.0845663   -0.410582   -0.454577
0.324633   0.21281   -0.306803
-0.394874   0.418054   -0.105095
0.306779   -0.101574   -0.401857
0.443919   0.139802   0.17831
0.3314   -0.146271   -0.337434
-0.25006   -0.213387   -0.423375
0.145385   0.30603   0.499544
0.0660259   -0.49303   0.244329
-0.115213   0.37067   -0.0265232
0.376974   0.192183   -0.103787
-0.322291   -0.236836   0.416585
-0.451543   0.419524   -0.439655
0.140156   -0.414857   -0.141436
0.338003   -0.402698   0.2867
0.409359   -0.313595   -0.364186
-0.426497   0.149118   0.345003
-0.221249   -0.300109   -0.0120174
-0.321299   0.190299   0.198333
0.404108   -0.00248928   -0.150352
0.0444257   0.353749   -0.247371
-0.43818   0.374265   -0.0440085
0.14478   -0.204958   -0.292844
0.228628   0.224256   0.397424
0.027617   -0.282276   0.479168
0.3754   0.193498   0.267983
-0.0592288   -0.351487   -0.396903
0.490536   0.26231   -0.235024
0.334075   -0.0803795   0.179795
-0.208726   -0.228308   -0.270688
-0.134366   0.459012   -0.220621
0.309716   -0.36823   -0.430454
-0.454094   -0.0112418   -0.311072
0.206256   -0.118686   -0.496496
0.475223   0.258444   -0.452787
-0.1929   0.201222   0.299354
0.350024   -0.240242   -0.471116
-0.476694   -0.114053   0.103655
0.328154   -0.105525   -0.000364675
0.306633   0.354586   0.219582
0.278169   -0.294639   -0.145889
-0.0144312   -0.363999   -0.477728
-0.0406983   0.467918   -0.352223
0.445206   0.00686736   0.0167084
0.498442   -0.378469   -0.383616
-0.409929   -0.0581229   -0.452435
-0.388285   0.218407   0.471226
0.366787   0.283481   -0.35219
-0.15587   -0.130232   0.218491
-0.25638   0.0344437   0.0282894
0.0468027   -0.35458   0.406511
-0.280706   -0.286283   0.476853
-0.381854   0.44764   -0.482259
0.0264578   0.0105415   0.453212
0.446735   0.24502   0.364044
-0.151794   0.303291   -0.264633
0.114159   0.269607   0.416882
0.277205   0.0297316   0.492237
0.0328616   -0.0503847   -0.0416862
-0.176062   0.389305   -0.229624
0.19084   -0.223588   -0.478314
-0.216335   0.248693   0.16614
0.443141   -0.467582   0.29379
0.111665   -0.0862514   0.129523
0.0626803   0.273718   -0.305544
-0.0310397   -0.121547   0.0358665
0.0998535   0.122996   -0.089257
-0.485216   0.218502   0.172061
0.404342   -0.202075   0.0314602
-0.404106   -0.40611   -0.29405
-0.0517374   0.258255   -0.250705
-0.0758238   -0.392711   0.110788
0.0378929   -0.284439   -0.170631
-0.2218   -0.0827504   0.0981778
-0.0982758   0.356418   -0.260936
0.0987492   -0.437927   0.30036
-0.235903   0.224113   0.465406
0.430024   -0.364517   -0.427523
0.18131   0.347111   -0.0732367
-0.412973   -0.223152   -0.324623
0.308525   0.321384   0.317159
-0.136701   0.342691   -0.378466
0.230856   0.107446   -0.20149
