-0.317381   -0.0206924   -0.329517
0.0305813   0.273017   -0.156055
-0.245368   -0.0232969   -0.107616
-0.193826   0.423658   -0.464952
-0.227393   0.199178   -0.388286
-0.378682   -0.249496   0.351879
0.27344   0.134759   0.121338
0.457472   -0.123717   -0.465217
-0.427226   -0.225409   0.496597
0.235647   0.480108   -0.310796
0.468361   0.116831   0.325126
-0.378939   0.230603   0.339894
-0.410509   -0.331896   -0.288045
-0.323997   -0.358192   -0.0126876
-0.236186   -0.4582   0.119468
-0.406568   0.122604   0.489205
-0.350997   0.27051   -0.276741
-0.193012   0.319125   -0.156571
0.381156   0.356202   -0.441773
0.300896   -0.449842   -0.218305
-0.286134   0.0282762   0.240939
-0.177427   0.233692   -0.206311
-0.139054   0.152466   0.0877056
0.096923   0.000194171   0.408395
-0.415028   -0.357481   -0.164828
-0.0845928   -0.410585   -0.454632
0.324632   0.21273   -0.30685
-0.39495   0.418032   -0.105038
0.306665   -0.101649   -0.401853
0.443846   0.139829   0.178414
0.331409   -0.146268   -0.337456
-0.250067   -0.21335   -0.423403
0.145316   0.305952   0.499456
0.0661515   -0.492943   0.244377
-0.115166   0.370722   -0.026558
0.377003   0.192131   -0.103867
-0.322194   -0.236864   0.416632
-0.45163   0.419455   -0.439632
0.140209   -0.414816   -0.141393
0.338014   -0.402752   0.286722
0.409378   -0.31356   -0.364186
-0.426534   0.149105   0.345029
-0.221203   -0.300157   -0.0120554
-0.321331   0.190358   0.198302
0.404114   -0.00249945   -0.150379
0.0444927   0.353799   -0.247412
-0.438162   0.374275   -0.0439608
0.144854   -0.204921   -0.292857
0.228639   0.224273   0.39747
0.0275948   -0.282226   0.479216
0.375395   0.193399   0.268044
-0.0592413   -0.351486   -0.396948
0.490553   0.262384   -0.23499
0.334022   -0.0803577   0.17978
-0.208765   -0.228312   -0.270752
-0.134283   0.459105   -0.220584
0.309713   -0.368265   -0.430419
-0.454104   -0.0113127   -0.311048
0.206212   -0.118702   -0.496477
0.475241   0.258406   -0.452712
-0.192898   0.201219   0.299399
0.350004   -0.240176   -0.471066
-0.476613   -0.114069   0.103608
0.328254   -0.105533   -0.000374807
0.306623   0.354609   0.219577
0.27821   -0.29467   -0.145899
-0.0144308   -0.364067   -0.477739
-0.040718   0.467916   -0.35222
0.445185   0.00688318   0.0167918
0.49847   -0.378421   -0.383634
-0.409974   -0.05811   -0.452418
-0.388306   0.218437   0.471189
0.366791   0.28351   -0.352206
-0.155756   -0.13028   0.218521
-0.256461   0.0343567   0.0283036
0.0467369   -0.354618   0.406568
-0.280688   -0.286298   0.476963
-0.381849   0.447549   -0.48227
0.0264475   0.0106397   0.453167
0.44677   0.244987   0.363987
-0.151759   0.303269   -0.264621
0.114122   0.269552   0.416908
0.27723   0.0297853   0.492289
0.0329223   -0.0504264   -0.0416648
-0.176171   0.389289   -0.229595
0.190851   -0.223589   -0.478321
-0.216293   0.248721   0.166188
0.443201   -0.467582   0.293743
0.111662   -0.0862007   0.129497
0.062718   0.273665   -0.30557
-0.0310747   -0.121615   0.0358675
0.0998325   0.12302   -0.0893379
-0.485162   0.218496   0.172001
0.404394   -0.20212   0.0314626
-0.404087   -0.406071   -0.294006
-0.0517236   0.258207   -0.250655
-0.0758251   -0.392706   0.110803
0.0379045   -0.284394   -0.170649
-0.221766   -0.0827812   0.0981277
-0.0983184   0.356351   -0.260882
0.0987533   -0.437881   0.300316
-0.23596   0.224227   0.465369
0.430045   -0.36454   -0.427539
0.181251   0.347082   -0.0732875
-0.413024   -0.223084   -0.324632
0.308487   0.321355   0.317161
-0.136784   0.342691   -0.378498
0.230797   0.10748   -0.20155
