1.90747
1.90759
1.90774
1.90791
1.90805
1.90807
1.90789
1.90752
1.90708
1.90674
1.90661
1.90668
1.90688
1.90711
1.90735
1.90755
1.90774
1.90791
1.90806
1.90816
1.90821
1.90814
1.90794
1.90764
1.9073
1.90703
1.90686
1.90682
1.90688
1.907
1.90712
1.90722
1.90729
1.90731
1.90731
1.9073
1.90726
1.90723
1.9072
1.90718
1.90717
1.90718
1.90718
1.9072
1.90722
1.90723
1.90726
1.90727
1.9073
1.90732
1.90736
1.9074
1.90745
1.90751
1.90759
1.90769
1.9078
1.90793
1.90807
1.90822
1.90836
1.90842
1.90839
1.90825
1.90803
1.9078
1.90761
1.90748
1.90739
1.90729
1.90713
1.90692
1.90675
1.90665
1.90665
1.90674
1.90686
1.90698
1.9071
1.90717
1.90723
1.90726
1.90731
1.90736
1.90743
1.90754
1.90768
1.90783
1.90802
1.90822
1.90839
1.90855
1.90865
1.90868
1.90863
1.9085
1.9083
1.90801
1.90762
1.90718
1.90675
1.90644
1.90631
1.90636
1.90652
1.90673
1.90694
1.90712
1.90728
1.90739
1.90748
1.90754
1.90759
1.9076
1.90762
1.90761
1.90762
1.90761
1.90762
1.90762
1.90763
1.90762
1.90762
1.90762
1.90762
1.90763
1.90762
1.90761
1.9076
1.9076
1.90759
1.90758
1.90757
1.90756
1.90755
1.90757
1.90759
1.90763
1.90769
1.90776
1.90784
1.90793
1.908
1.90805
1.90804
1.908
1.90788
1.90771
1.90751
1.90734
1.9072
1.90711
1.90707
1.90706
1.9071
1.90717
1.90725
1.90735
1.90746
1.9076
1.90778
1.90797
1.90818
1.90835
1.90842
1.90831
1.90798
1.90751
1.90707
1.90677
1.90668
1.90674
1.90688
1.90705
1.90719
1.90729
1.90737
1.90742
1.90744
1.90745
1.90745
1.90742
1.90741
1.9074
1.90737
1.90736
1.90735
1.90735
1.90734
1.90734
1.90734
1.90734
1.90734
1.90734
1.90735
1.90735
1.90735
1.90735
1.90735
1.90734
1.90735
1.90735
1.90736
1.90736
1.90735
1.90736
1.90735
1.90734
1.90733
1.90732
1.90731
1.90729
1.90727
1.90725
1.90723
1.9072
1.90717
1.90714
1.90711
1.9071
1.90708
1.90707
1.90709
1.90711
1.90716
1.90724
1.90735
1.90751
1.90772
1.90794
1.90816
1.90831
1.90831
1.90808
1.90766
1.90722
1.9069
1.90681
1.90691
1.90711
1.9073
1.90744
1.90749
1.90744
1.90732
1.90715
1.90701
1.9069
1.90686
1.90687
1.90694
1.90703
1.90713
1.90722
1.90728
1.90732
1.90734
1.90735
1.90734
1.90733
1.90731
1.90728
1.90726
1.90725
1.90725
1.90728
1.90735
1.90745
1.90758
1.90776
1.90797
1.90817
1.90832
1.9084
1.90836
1.9082
1.90798
1.90777
1.90764
1.90756
1.90748
1.90732
1.90704
1.90675
1.90657
1.90658
1.90674
1.90696
1.90718
1.90735
1.90747
1.90756
1.90763
1.9077
1.90782
1.90797
1.90812
1.90815
1.908
1.90767
1.90728
1.90701
1.90695
1.90707
1.90723
1.90735
1.90738
1.90734
1.90728
1.90725
1.90728
1.90733
1.90738
1.90743
1.90746
1.90746
1.90746
1.90747
1.90749
1.90753
1.90756
1.90759
1.90761
1.9076
1.90758
1.90753
1.90748
1.90743
1.90741
1.90741
1.90743
1.9075
1.90758
1.90768
1.90778
1.90789
1.90799
1.90805
1.90808
1.90807
1.908
1.90789
1.90775
1.90758
1.90742
1.9073
1.9072
1.90714
1.9071
1.9071
1.90712
1.90714
1.90718
1.90724
1.9073
1.90739
1.90749
1.90762
1.90776
1.9079
1.90806
1.90823
1.90836
1.90845
1.90844
1.90833
1.90808
1.90772
1.90735
1.90706
1.90691
1.90692
1.90703
1.90719
1.90735
1.9075
1.90761
1.90767
1.90769
1.90767
1.90761
1.90753
1.90744
1.90734
1.90728
1.90727
1.90731
1.90738
1.90747
1.90757
1.90766
1.90774
1.90776
1.90775
1.9077
1.90761
1.9075
1.90739
1.9073
1.90724
1.90724
1.90725
1.90729
1.90735
1.90741
1.90748
1.90754
1.9076
1.90765
1.90768
1.90768
1.90765
1.90762
1.90756
1.90751
1.90746
1.90742
1.90739
1.90738
1.90738
1.90739
1.90741
1.90743
1.90743
1.90743
1.90743
1.90743
1.90743
1.90744
1.90745
1.90748
1.9075
1.90752
1.90752
1.9075
1.90745
1.9074
1.90736
1.9073
1.90726
1.90723
1.90722
1.90723
1.90726
1.90728
1.90731
1.90735
1.90737
1.90738
1.90737
1.90734
1.9073
1.90726
1.90722
1.9072
1.90721
1.90725
1.90731
1.9074
1.90751
1.90763
1.90778
1.9079
1.90797
1.90802
1.90801
1.90793
1.90778
1.9076
1.90742
1.90732
1.90728
1.90729
1.90727
1.90718
1.90702
1.90681
1.90661
1.90646
1.90637
1.90637
1.90645
1.90659
1.90676
1.90693
1.90709
1.90722
1.90731
1.9073
1.90721
1.90704
1.90685
1.9067
1.90663
1.90666
1.90679
1.90695
1.90716
1.90738
1.9076
1.90779
1.90791
1.90792
1.9078
1.90753
1.90718
1.9068
1.90652
1.90639
1.90639
1.90651
1.90666
1.90681
1.90697
1.90711
1.90723
1.90734
1.90744
1.90752
1.90758
1.90763
1.90766
1.90768
1.90768
1.90764
1.90759
1.90753
1.90747
1.90742
1.90741
1.90742
1.90743
1.90747
1.90749
1.90748
1.90743
1.90735
1.90725
1.90718
1.90713
1.9071
1.90708
1.90706
1.90701
1.90696
1.90692
1.90692
1.90696
1.90709
1.90727
1.90751
1.90775
1.9079
1.90787
1.90763
1.90724
1.90684
1.9066
1.90656
1.9067
1.90692
1.90716
1.90735
1.9075
1.90758
1.90761
1.9076
1.90755
1.90747
1.9074
1.90733
1.90726
1.90722
1.90722
1.90726
1.90733
1.90744
1.90763
1.90784
1.90812
1.90841
1.90871
1.909
1.90922
1.90928
1.90913
1.90873
1.90816
1.90756
1.90706
1.90674
1.90657
1.90651
1.90654
1.90663
1.90678
1.90696
1.90717
1.90739
1.9076
1.90779
1.90793
1.90799
1.90801
1.90797
1.90794
1.90795
1.90802
1.90807
1.90805
1.90791
1.90768
1.90741
1.90718
1.90704
1.90699
1.90701
1.90708
1.90719
1.90734
1.90751
1.90767
1.9078
1.90785
1.9078
1.90765
1.90743
1.90724
1.90714
1.90714
1.90723
1.90739
1.90755
1.90766
1.90771
1.90767
1.90755
1.90739
1.90724
1.90714
1.90711
1.90712
1.90718
1.90726
1.90733
1.90738
1.90741
1.90741
1.90739
1.90737
1.90734
1.90733
1.90733
1.90733
1.90735
1.90737
1.9074
1.90742
1.90744
1.90746
1.90748
1.90749
1.90751
1.90753
1.90754
1.90758
1.90759
1.9076
1.9076
1.90759
1.90754
1.90748
1.90742
1.90734
1.90729
1.90727
1.90728
1.90736
1.9075
1.90772
1.908
1.9083
1.9086
1.90881
1.90885
1.9087
1.90834
1.90784
1.90723
1.90668
1.9063
1.90614
1.90617
1.90626
1.90633
1.90636
1.9064
1.90648
1.90662
1.90683
1.90705
1.90727
1.90746
1.90764
1.90778
1.9079
1.90799
1.90804
1.90807
1.90805
1.90798
1.90784
1.90765
1.90742
1.90719
1.90699
1.90685
1.90678
1.90677
1.9068
1.90686
1.90695
1.90706
1.90718
1.90733
1.90746
1.90759
1.90774
1.90786
1.90796
1.908
1.90796
1.90785
1.90768
1.90749
1.90732
1.9072
1.90715
1.90715
1.9072
1.90726
1.90733
1.90739
1.90743
1.90747
1.90748
1.9075
1.90754
1.9076
1.90767
1.90773
1.90778
1.90778
1.9077
1.90757
1.90741
1.90724
1.90712
1.90707
1.9071
1.90717
1.90729
1.90741
1.90752
1.90758
1.90758
1.90752
1.90737
1.90718
1.90699
1.90687
1.90684
1.90694
1.90714
1.90741
1.90768
1.90796
1.90818
1.90829
1.90825
1.90804
1.90768
1.90725
1.90685
1.90658
1.90647
1.9065
1.90663
1.90682
1.90703
1.90723
1.9074
1.90753
1.90758
1.9076
1.90756
1.90751
1.90746
1.9074
1.90735
1.9073
1.90727
1.90725
1.90729
1.90738
1.9075
1.90765
1.90777
1.90783
1.90783
1.90774
1.90759
1.90743
1.90729
1.90721
1.90716
1.90712
1.9071
1.90706
1.90701
1.90696
1.90692
1.90689
1.9069
1.90695
1.90702
1.90712
1.90724
1.90735
1.90747
1.90758
1.90768
1.90774
1.90778
1.90779
1.90778
1.90776
1.90774
1.90774
1.90773
1.90773
1.9077
1.90765
1.9076
1.90752
1.90745
1.90737
1.9073
1.90726
1.90723
1.90725
1.90729
1.90735
1.90741
1.90747
1.90752
1.90755
1.90755
1.90752
1.90747
1.90741
1.90734
1.9073
1.90728
1.90729
1.90733
1.90739
1.90746
1.90754
1.9076
1.90764
1.90768
1.9077
1.90772
1.90773
1.90774
1.90771
1.90767
1.9076
1.90751
1.90742
1.90732
1.90722
1.90714
1.90705
1.90699
1.90699
1.90703
1.90711
1.90721
1.90731
1.90739
1.90747
1.90752
1.90756
1.90758
1.90759
1.9076
1.90762
1.90766
1.90772
1.90776
1.90781
1.90783
1.90781
1.90777
1.90768
1.90757
1.90744
1.90731
1.90718
1.90708
1.90702
1.90699
1.90699
1.90702
1.90706
1.9071
1.90714
1.90719
1.90722
1.90726
1.90728
1.90728
1.90728
1.90728
1.90728
1.90728
1.90727
1.90728
1.90728
1.90731
1.90736
1.90741
1.90749
1.90761
1.90776
1.90797
1.90817
1.90833
1.90839
1.90828
1.90799
1.90759
1.90719
1.90692
1.90682
1.90684
1.90694
1.90705
1.90713
1.90717
1.90718
1.90716
1.90713
1.90709
1.90703
1.90698
1.90693
1.90691
1.90689
1.90691
1.90692
1.90694
1.90696
1.90701
1.90704
1.90707
1.9071
1.90714
1.90719
1.90723
1.90728
1.90734
1.90741
1.9075
1.9076
1.90771
1.90783
1.90794
1.908
1.90801
1.90793
1.90777
1.90757
1.90735
1.90718
1.90706
1.907
1.90698
1.90698
1.90699
1.907
1.90701
1.90702
1.90703
1.90704
1.90706
1.9071
1.90712
