-0.3435
-0.343412
-0.341881
-0.338627
-0.33374
-0.328048
-0.323245
-0.321364
-0.323747
-0.330091
-0.338696
-0.347418
-0.354646
-0.359623
-0.362205
-0.362587
-0.360995
-0.357644
-0.352734
-0.346544
-0.339601
-0.332832
-0.32745
-0.324655
-0.325159
-0.328779
-0.334567
-0.341229
-0.347634
-0.353085
-0.357365
-0.360576
-0.362984
-0.36494
-0.366736
-0.368617
-0.370739
-0.373136
-0.375805
-0.378687
-0.381696
-0.384741
-0.387751
-0.390656
-0.393407
-0.395988
-0.398354
-0.400517
-0.402429
-0.404087
-0.405444
-0.406463
-0.40706
-0.407135
-0.406551
-0.405125
-0.402667
-0.398947
-0.393785
-0.387089
-0.379004
-0.369987
-0.360831
-0.352551
-0.346096
-0.341955
-0.34
-0.339671
-0.340444
-0.342231
-0.345411
-0.350465
-0.35742
-0.365732
-0.374423
-0.382568
-0.389591
-0.395299
-0.399802
-0.403386
-0.406297
-0.408747
-0.410776
-0.412332
-0.413218
-0.413151
-0.411866
-0.409074
-0.404547
-0.398149
-0.389898
-0.379962
-0.36875
-0.356909
-0.345255
-0.334626
-0.325842
-0.319675
-0.316951
-0.318416
-0.324323
-0.333943
-0.345679
-0.357667
-0.368466
-0.377318
-0.384029
-0.388774
-0.391855
-0.393628
-0.394408
-0.394473
-0.394066
-0.393379
-0.39254
-0.391652
-0.390734
-0.389809
-0.388847
-0.387826
-0.386726
-0.38554
-0.384269
-0.382919
-0.381515
-0.380083
-0.378656
-0.377251
-0.375898
-0.374613
-0.373429
-0.372361
-0.371409
-0.37057
-0.369777
-0.368919
-0.367898
-0.366557
-0.364729
-0.362255
-0.359013
-0.354937
-0.350072
-0.344598
-0.338882
-0.333421
-0.328859
-0.325764
-0.324505
-0.325128
-0.327375
-0.330763
-0.334753
-0.33886
-0.342663
-0.345911
-0.348401
-0.349964
-0.350407
-0.349504
-0.34698
-0.342583
-0.336141
-0.327821
-0.318371
-0.309284
-0.302579
-0.300015
-0.302144
-0.308015
-0.315751
-0.323521
-0.330145
-0.335169
-0.338664
-0.340896
-0.342204
-0.342923
-0.343314
-0.343548
-0.34376
-0.344054
-0.344437
-0.344957
-0.345614
-0.346376
-0.347247
-0.348189
-0.349198
-0.350228
-0.351289
-0.352343
-0.353383
-0.354399
-0.355386
-0.356352
-0.357288
-0.358206
-0.359104
-0.360002
-0.360877
-0.361751
-0.362611
-0.363468
-0.364317
-0.365143
-0.365975
-0.36682
-0.367701
-0.368643
-0.369677
-0.370874
-0.372264
-0.373898
-0.37581
-0.378035
-0.380585
-0.383474
-0.386661
-0.390107
-0.39377
-0.397535
-0.401277
-0.404848
-0.408018
-0.41055
-0.412098
-0.412257
-0.410613
-0.406802
-0.40068
-0.392641
-0.383914
-0.376492
-0.372469
-0.372892
-0.377142
-0.383287
-0.389235
-0.39362
-0.396023
-0.396773
-0.396629
-0.396521
-0.397283
-0.399506
-0.403289
-0.408365
-0.414148
-0.420007
-0.425393
-0.429985
-0.433683
-0.436533
-0.438682
-0.440308
-0.441614
-0.442772
-0.443912
-0.44514
-0.446529
-0.448112
-0.449889
-0.451806
-0.45375
-0.455527
-0.456859
-0.4574
-0.456742
-0.454482
-0.450303
-0.444109
-0.436135
-0.427016
-0.417794
-0.409641
-0.403434
-0.399413
-0.397134
-0.395918
-0.395454
-0.396268
-0.399404
-0.405458
-0.413838
-0.422951
-0.431091
-0.437189
-0.441006
-0.442865
-0.443299
-0.442779
-0.44156
-0.439585
-0.436529
-0.432071
-0.42616
-0.419472
-0.413517
-0.410151
-0.410522
-0.414187
-0.419356
-0.42405
-0.427177
-0.428803
-0.429749
-0.43088
-0.432596
-0.434742
-0.436848
-0.438535
-0.439627
-0.440188
-0.440429
-0.440562
-0.440685
-0.44079
-0.440785
-0.440538
-0.43998
-0.439084
-0.437935
-0.436709
-0.435602
-0.434835
-0.434537
-0.434725
-0.435279
-0.435986
-0.436547
-0.436644
-0.436003
-0.434423
-0.431764
-0.427988
-0.423153
-0.41749
-0.411291
-0.405012
-0.399156
-0.394225
-0.39063
-0.38861
-0.388183
-0.389162
-0.391277
-0.394162
-0.397492
-0.400981
-0.404429
-0.407686
-0.410594
-0.413025
-0.414845
-0.415883
-0.415992
-0.414977
-0.41269
-0.408969
-0.403683
-0.396778
-0.388396
-0.37886
-0.368868
-0.359488
-0.352082
-0.34786
-0.347387
-0.350222
-0.355123
-0.360576
-0.36534
-0.368696
-0.370422
-0.370624
-0.369592
-0.367721
-0.365434
-0.363163
-0.361341
-0.36027
-0.360118
-0.360857
-0.362225
-0.363865
-0.365367
-0.366337
-0.366476
-0.365599
-0.363687
-0.360886
-0.357508
-0.353959
-0.350729
-0.348242
-0.34679
-0.346449
-0.347093
-0.348412
-0.35004
-0.351639
-0.352926
-0.353686
-0.353809
-0.353244
-0.351994
-0.350137
-0.347805
-0.345193
-0.34254
-0.340064
-0.33796
-0.336393
-0.335396
-0.334949
-0.334941
-0.335239
-0.335678
-0.33612
-0.336479
-0.336719
-0.336861
-0.336947
-0.337024
-0.337128
-0.337251
-0.337366
-0.337407
-0.337318
-0.337022
-0.336535
-0.335883
-0.335172
-0.334537
-0.33415
-0.334137
-0.334602
-0.335603
-0.337076
-0.338896
-0.34089
-0.342871
-0.344668
-0.346152
-0.347248
-0.347947
-0.348324
-0.348512
-0.348696
-0.349064
-0.349781
-0.350918
-0.352474
-0.354311
-0.356192
-0.357829
-0.358935
-0.359208
-0.358424
-0.356431
-0.353162
-0.348714
-0.343277
-0.337163
-0.330882
-0.325077
-0.320421
-0.317411
-0.316125
-0.316127
-0.316773
-0.317525
-0.318333
-0.31964
-0.32218
-0.326591
-0.333123
-0.341507
-0.351066
-0.360904
-0.370223
-0.378403
-0.385062
-0.390025
-0.39329
-0.395053
-0.395749
-0.396096
-0.396971
-0.399225
-0.403341
-0.409222
-0.416207
-0.423343
-0.429664
-0.434468
-0.437248
-0.437782
-0.436059
-0.432299
-0.426999
-0.421068
-0.415763
-0.412545
-0.412608
-0.416426
-0.423456
-0.432461
-0.442021
-0.450968
-0.458625
-0.464735
-0.469246
-0.472319
-0.47413
-0.474854
-0.474634
-0.473598
-0.471866
-0.46954
-0.466754
-0.463706
-0.46064
-0.457806
-0.455428
-0.45364
-0.45248
-0.451846
-0.451514
-0.451242
-0.450803
-0.450031
-0.448984
-0.447875
-0.447058
-0.4469
-0.447605
-0.449135
-0.451298
-0.453848
-0.456638
-0.459677
-0.463119
-0.467066
-0.471538
-0.476312
-0.480933
-0.484692
-0.48686
-0.486775
-0.484213
-0.479662
-0.474511
-0.470828
-0.470514
-0.474284
-0.481221
-0.489407
-0.496931
-0.502586
-0.505966
-0.507225
-0.506804
-0.505285
-0.503221
-0.501112
-0.499363
-0.498246
-0.497904
-0.498363
-0.499537
-0.501227
-0.503141
-0.504932
-0.506192
-0.506454
-0.505192
-0.501965
-0.496264
-0.48776
-0.476242
-0.461764
-0.444838
-0.426577
-0.408829
-0.393973
-0.38415
-0.380379
-0.382123
-0.387829
-0.395855
-0.404871
-0.413942
-0.422358
-0.429553
-0.4351
-0.438676
-0.440079
-0.439277
-0.436422
-0.431929
-0.426421
-0.420563
-0.414924
-0.40965
-0.40448
-0.39894
-0.392831
-0.386505
-0.380939
-0.377289
-0.376269
-0.377779
-0.381087
-0.385263
-0.389532
-0.393288
-0.396073
-0.397495
-0.397312
-0.395458
-0.392183
-0.388067
-0.384014
-0.381065
-0.380015
-0.381033
-0.38357
-0.386633
-0.38915
-0.390325
-0.389875
-0.388001
-0.385261
-0.382503
-0.380567
-0.380021
-0.381035
-0.383299
-0.386234
-0.389208
-0.39173
-0.393532
-0.394592
-0.39502
-0.395025
-0.39485
-0.394695
-0.394697
-0.394914
-0.395309
-0.395816
-0.396319
-0.396713
-0.39692
-0.396892
-0.396633
-0.39614
-0.395446
-0.394602
-0.393634
-0.392549
-0.391361
-0.390042
-0.388556
-0.386944
-0.385202
-0.383423
-0.381736
-0.380323
-0.379365
-0.379024
-0.379388
-0.3804
-0.381843
-0.383346
-0.384332
-0.384165
-0.382129
-0.377567
-0.370052
-0.359486
-0.346397
-0.332023
-0.318203
-0.307055
-0.300415
-0.299502
-0.304398
-0.313948
-0.326052
-0.338614
-0.350455
-0.361428
-0.371901
-0.382061
-0.391674
-0.400143
-0.406869
-0.411496
-0.413913
-0.414268
-0.412782
-0.409741
-0.405431
-0.400109
-0.394051
-0.387544
-0.381008
-0.374945
-0.369994
-0.366749
-0.365664
-0.366891
-0.370269
-0.375314
-0.381439
-0.38803
-0.394547
-0.400577
-0.405786
-0.40997
-0.412964
-0.414644
-0.414952
-0.41383
-0.411268
-0.40738
-0.402428
-0.396863
-0.391351
-0.386645
-0.383423
-0.382075
-0.382551
-0.384443
-0.387115
-0.389942
-0.392449
-0.394378
-0.395644
-0.396302
-0.396476
-0.396288
-0.395848
-0.395141
-0.394091
-0.392557
-0.390405
-0.38756
-0.384122
-0.380443
-0.3771
-0.374757
-0.373968
-0.374932
-0.377355
-0.380595
-0.383895
-0.386595
-0.388254
-0.388703
-0.388004
-0.386451
-0.384523
-0.382933
-0.382495
-0.383843
-0.38719
-0.39214
-0.397791
-0.403
-0.406706
-0.408124
-0.406824
-0.402707
-0.396106
-0.387855
-0.379254
-0.371974
-0.367631
-0.367307
-0.37111
-0.378199
-0.387142
-0.39642
-0.404808
-0.411519
-0.416194
-0.418767
-0.419448
-0.418644
-0.416913
-0.414804
-0.412878
-0.411404
-0.410509
-0.410169
-0.410346
-0.410995
-0.41205
-0.41332
-0.414427
-0.414909
-0.414344
-0.412426
-0.409187
-0.404982
-0.400485
-0.396531
-0.393807
-0.392635
-0.392898
-0.394215
-0.396195
-0.398571
-0.401245
-0.404299
-0.407813
-0.411796
-0.41619
-0.42084
-0.425483
-0.429844
-0.433627
-0.436575
-0.438485
-0.439233
-0.438768
-0.43714
-0.434502
-0.431095
-0.427192
-0.423097
-0.419026
-0.415097
-0.411319
-0.407645
-0.404045
-0.400529
-0.397229
-0.39429
-0.391883
-0.390195
-0.389288
-0.389202
-0.389855
-0.391039
-0.392519
-0.393982
-0.395191
-0.39591
-0.39602
-0.395478
-0.394352
-0.392819
-0.391151
-0.389655
-0.388589
-0.388123
-0.388282
-0.388936
-0.389884
-0.390863
-0.391567
-0.39174
-0.391185
-0.389837
-0.387785
-0.385183
-0.382197
-0.378962
-0.375506
-0.371863
-0.368087
-0.364384
-0.361007
-0.358253
-0.356292
-0.355232
-0.355115
-0.355949
-0.357736
-0.360396
-0.363659
-0.36714
-0.370389
-0.373004
-0.374726
-0.375445
-0.3752
-0.374128
-0.37245
-0.370365
-0.368074
-0.365664
-0.363146
-0.360444
-0.357421
-0.353938
-0.349921
-0.345389
-0.340507
-0.335586
-0.331002
-0.327181
-0.324447
-0.32304
-0.323023
-0.324333
-0.326735
-0.32992
-0.333542
-0.337251
-0.340775
-0.343929
-0.346616
-0.348809
-0.350538
-0.35188
-0.352913
-0.35374
-0.354444
-0.355097
-0.355743
-0.356423
-0.357152
-0.357926
-0.358703
-0.359422
-0.359975
-0.360203
-0.359938
-0.358888
-0.356733
-0.353123
-0.3477
-0.340295
-0.331066
-0.320735
-0.310672
-0.30271
-0.298358
-0.298128
-0.301226
-0.306076
-0.311154
-0.315472
-0.318697
-0.320978
-0.322663
-0.324107
-0.325588
-0.327301
-0.329402
-0.331999
-0.335123
-0.33874
-0.342703
-0.34685
-0.351006
-0.35506
-0.358914
-0.36251
-0.3658
-0.368786
-0.371442
-0.37375
-0.375673
-0.377196
-0.378288
-0.378898
-0.378936
-0.378308
-0.376888
-0.374536
-0.371135
-0.366609
-0.361
-0.354561
-0.347769
-0.341372
-0.336181
-0.332868
-0.331712
-0.332517
-0.334745
-0.33777
-0.341112
-0.344486
-0.347792
-0.351015
-0.354185
-0.357302
-0.360353
-0.363278
-0.366025
-0.368534
-0.370596
