2.25097
2.251
2.24962
2.24654
2.24179
2.23612
2.23113
2.22889
2.23082
2.23684
2.24531
2.2541
2.26152
2.26674
2.26955
2.27014
2.26874
2.26556
2.26079
2.25471
2.24781
2.24097
2.23539
2.2323
2.23246
2.23581
2.24143
2.24805
2.25452
2.26009
2.26449
2.26779
2.27027
2.27225
2.27405
2.27591
2.278
2.28037
2.28301
2.28587
2.28887
2.29192
2.29493
2.29785
2.30063
2.30322
2.30562
2.30779
2.30973
2.31141
2.3128
2.31386
2.31451
2.31465
2.31414
2.31281
2.31046
2.30687
2.30185
2.29531
2.28736
2.27841
2.26922
2.2608
2.25413
2.24976
2.24761
2.24715
2.24784
2.24952
2.25254
2.25738
2.26417
2.27238
2.28108
2.28931
2.29645
2.30228
2.3069
2.31055
2.31352
2.31601
2.31809
2.3197
2.32065
2.3207
2.31954
2.31691
2.31257
2.30637
2.29829
2.28851
2.2774
2.26559
2.25388
2.24313
2.23414
2.22768
2.22457
2.2256
2.23108
2.24039
2.25199
2.26402
2.27499
2.28405
2.29097
2.2959
2.29913
2.30102
2.30189
2.30202
2.30165
2.30098
2.30016
2.29926
2.29835
2.29742
2.29646
2.29545
2.29435
2.29316
2.29189
2.29054
2.28914
2.28771
2.28628
2.28486
2.2835
2.28221
2.28102
2.27994
2.27898
2.27813
2.27733
2.27649
2.27549
2.27419
2.27242
2.27002
2.26686
2.26287
2.25807
2.25265
2.24693
2.24142
2.23674
2.23347
2.23202
2.23246
2.23457
2.23788
2.24183
2.24592
2.24976
2.25308
2.25565
2.25731
2.25787
2.25711
2.25476
2.25056
2.24432
2.23618
2.22679
2.21759
2.21056
2.20753
2.20921
2.21479
2.22243
2.23026
2.23702
2.24222
2.24585
2.24819
2.24958
2.25035
2.25075
2.251
2.25121
2.25148
2.25185
2.25235
2.25299
2.25374
2.2546
2.25554
2.25654
2.25757
2.25863
2.25968
2.26072
2.26174
2.26274
2.2637
2.26464
2.26555
2.26646
2.26735
2.26823
2.2691
2.26997
2.27083
2.27167
2.2725
2.27333
2.27416
2.27503
2.27596
2.27699
2.27817
2.27954
2.28115
2.28304
2.28523
2.28776
2.29061
2.29377
2.29721
2.30085
2.30461
2.30836
2.31196
2.31518
2.31779
2.31944
2.31977
2.31833
2.31474
2.30884
2.30095
2.29222
2.28457
2.28013
2.28011
2.28404
2.2901
2.29614
2.30073
2.30333
2.30421
2.30412
2.30396
2.30461
2.30666
2.3103
2.31527
2.32101
2.32688
2.33233
2.33702
2.34082
2.34375
2.34596
2.34763
2.34896
2.35012
2.35125
2.35247
2.35384
2.3554
2.35715
2.35905
2.361
2.36281
2.3642
2.36485
2.36433
2.36224
2.35827
2.35228
2.34445
2.33541
2.32615
2.31784
2.31141
2.30718
2.30477
2.30348
2.30294
2.30358
2.30644
2.3122
2.32041
2.32953
2.33783
2.34415
2.34818
2.35021
2.35077
2.35034
2.34919
2.34728
2.34435
2.34004
2.33428
2.32763
2.32152
2.31782
2.31781
2.3212
2.32631
2.33112
2.33441
2.33616
2.33713
2.33822
2.33987
2.34199
2.34413
2.34586
2.34701
2.34761
2.34788
2.34802
2.34815
2.34826
2.34828
2.34807
2.34754
2.34668
2.34555
2.34431
2.34318
2.34237
2.34202
2.34216
2.34269
2.34339
2.34398
2.34414
2.34359
2.3421
2.33955
2.33587
2.33114
2.32554
2.31937
2.31308
2.30716
2.30212
2.29838
2.29619
2.29561
2.29646
2.29848
2.3013
2.3046
2.30808
2.31155
2.31483
2.31777
2.32026
2.32215
2.32327
2.32348
2.3226
2.32045
2.31687
2.31174
2.30501
2.29676
2.28731
2.27731
2.26782
2.26016
2.25558
2.25473
2.25728
2.26204
2.26749
2.27237
2.27588
2.27778
2.27812
2.2772
2.27539
2.27312
2.27084
2.26895
2.2678
2.26756
2.26819
2.2695
2.27114
2.27267
2.27371
2.27394
2.27317
2.27135
2.26862
2.26527
2.26171
2.25843
2.25585
2.25429
2.25384
2.25439
2.25566
2.25728
2.25889
2.26021
2.26103
2.26122
2.26072
2.25954
2.25774
2.25545
2.25287
2.25022
2.24772
2.24558
2.24396
2.24291
2.24241
2.24237
2.24263
2.24306
2.2435
2.24387
2.24413
2.24429
2.24438
2.24446
2.24456
2.24468
2.2448
2.24485
2.24477
2.2445
2.24403
2.2434
2.24269
2.24204
2.2416
2.24154
2.24196
2.24291
2.24433
2.24613
2.24811
2.2501
2.25192
2.25343
2.25456
2.25529
2.25569
2.25589
2.25607
2.25641
2.25708
2.25818
2.2597
2.26151
2.2634
2.26508
2.26625
2.26661
2.26593
2.26407
2.26094
2.25661
2.25125
2.24518
2.23889
2.233
2.2282
2.22501
2.22355
2.22345
2.22406
2.22481
2.2256
2.22682
2.2292
2.2334
2.23973
2.24797
2.25743
2.26728
2.27668
2.28499
2.29182
2.29695
2.30038
2.30228
2.30306
2.3034
2.30418
2.30627
2.31019
2.31592
2.32283
2.33
2.33645
2.34142
2.34441
2.34516
2.34366
2.34009
2.33491
2.32899
2.32356
2.32007
2.31978
2.32323
2.32998
2.33885
2.34842
2.35747
2.36529
2.37154
2.37621
2.37942
2.38136
2.38219
2.38207
2.38112
2.37945
2.37717
2.37442
2.37139
2.36832
2.36545
2.36302
2.36117
2.35995
2.35927
2.35892
2.35866
2.35823
2.3575
2.35647
2.35535
2.35449
2.35425
2.35486
2.35631
2.35843
2.36095
2.36372
2.36674
2.37013
2.37403
2.37846
2.38323
2.38789
2.39178
2.39413
2.39429
2.39197
2.38756
2.38238
2.37846
2.37775
2.38113
2.38782
2.39597
2.40363
2.40951
2.41312
2.41458
2.4143
2.41287
2.41083
2.40871
2.40691
2.40572
2.4053
2.40569
2.4068
2.40845
2.41036
2.41219
2.41352
2.4139
2.41282
2.40981
2.40438
2.39617
2.38496
2.37077
2.35405
2.33586
2.31796
2.3027
2.29231
2.28793
2.28918
2.29457
2.30242
2.31138
2.32048
2.32899
2.33633
2.34206
2.34585
2.34747
2.34688
2.34421
2.33986
2.33441
2.32857
2.32289
2.31759
2.31243
2.30696
2.3009
2.29455
2.28885
2.28497
2.28368
2.28496
2.28812
2.29225
2.29654
2.30037
2.30326
2.30484
2.30482
2.30313
2.29998
2.29591
2.29181
2.28871
2.28745
2.28827
2.29071
2.29377
2.29638
2.29771
2.29742
2.29566
2.29297
2.29018
2.28811
2.28742
2.28828
2.29044
2.29334
2.29633
2.29891
2.3008
2.30192
2.3024
2.30243
2.30226
2.30209
2.30207
2.30226
2.30264
2.30314
2.30365
2.30406
2.30429
2.30429
2.30405
2.30358
2.30291
2.30208
2.30113
2.30006
2.29889
2.29758
2.29613
2.29453
2.2928
2.29102
2.28932
2.28787
2.28685
2.28644
2.28673
2.28769
2.28911
2.29062
2.29169
2.29167
2.28984
2.28557
2.27835
2.26808
2.2552
2.24088
2.22691
2.2154
2.20825
2.20673
2.21108
2.22025
2.23219
2.24478
2.25672
2.26776
2.27826
2.28846
2.29815
2.30677
2.3137
2.31854
2.32119
2.32173
2.32042
2.31752
2.31333
2.3081
2.30209
2.29561
2.28906
2.28293
2.27784
2.2744
2.27308
2.27408
2.27726
2.28217
2.28822
2.2948
2.30134
2.30743
2.31274
2.31703
2.32015
2.32197
2.32241
2.32142
2.319
2.31524
2.31038
2.30486
2.29931
2.29449
2.2911
2.28956
2.28987
2.29165
2.29426
2.29709
2.29965
2.30164
2.30297
2.30369
2.3039
2.30375
2.30333
2.30264
2.30163
2.30016
2.29807
2.29529
2.2919
2.28822
2.2848
2.28233
2.28137
2.28217
2.28447
2.28767
2.29099
2.29377
2.29554
2.29612
2.29553
2.29403
2.2921
2.29045
2.28986
2.29102
2.29418
2.29901
2.30463
2.30994
2.31385
2.31553
2.31451
2.31066
2.30429
2.29615
2.28751
2.28002
2.27532
2.27456
2.27796
2.28478
2.29361
2.30292
2.31144
2.31834
2.32322
2.326
2.32685
2.32617
2.32449
2.32241
2.32044
2.31891
2.31796
2.31757
2.31769
2.31829
2.31932
2.32057
2.32171
2.32229
2.32185
2.32008
2.31696
2.31282
2.30831
2.30427
2.3014
2.30006
2.30019
2.30143
2.30335
2.30569
2.30835
2.31136
2.31482
2.31875
2.32311
2.32773
2.33239
2.33679
2.34065
2.3437
2.34572
2.34659
2.34624
2.34472
2.34218
2.33883
2.33497
2.33088
2.3268
2.32286
2.31906
2.31538
2.31178
2.30826
2.30493
2.30195
2.29949
2.29771
2.29674
2.29658
2.29715
2.29829
2.29975
2.30123
2.30248
2.30326
2.30343
2.30295
2.30187
2.30037
2.2987
2.29717
2.29606
2.29553
2.29562
2.29624
2.29717
2.29815
2.2989
2.29913
2.29865
2.29738
2.29539
2.29282
2.28987
2.28666
2.28323
2.27959
2.27582
2.2721
2.26868
2.26585
2.26381
2.26265
2.26243
2.26317
2.26487
2.26744
2.27065
2.27413
2.27742
2.28011
2.28193
2.28275
2.28259
2.2816
2.27997
2.27793
2.27565
2.27325
2.27075
2.26807
2.26508
2.26165
2.25769
2.25319
2.24834
2.2434
2.23877
2.23486
2.23202
2.23048
2.23033
2.23151
2.23381
2.23694
2.24053
2.24424
2.24779
2.25099
2.25372
2.25595
2.25773
2.2591
2.26017
2.26102
2.26173
2.26238
2.26303
2.2637
2.26443
2.2652
2.26598
2.2667
2.26728
2.26756
2.26734
2.26638
2.26434
2.26089
2.25567
2.24847
2.2394
2.22912
2.21896
2.2107
2.20595
2.20532
2.20814
2.21289
2.218
2.22241
2.22574
2.22811
2.22984
2.23129
2.23275
2.23443
2.23649
2.23903
2.24211
2.24567
2.24961
2.25374
2.25791
2.26198
2.26585
2.26947
2.27281
2.27583
2.27851
2.28085
2.28281
2.28438
2.28552
2.28618
2.28628
2.28572
2.28438
2.28214
2.27885
2.27444
2.26894
2.26256
2.25578
2.2493
2.24395
2.24043
2.23907
2.2397
2.24181
2.24478
2.2481
2.25147
2.25478
2.25801
2.26119
2.26432
2.26738
2.27032
2.27308
2.27563
2.27772
