1.50065
1.50067
1.49975
1.49769
1.49453
1.49074
1.48742
1.48593
1.48722
1.49122
1.49687
1.50273
1.50768
1.51116
1.51304
1.51343
1.51249
1.51037
1.50719
1.50314
1.49854
1.49398
1.49026
1.4882
1.48831
1.49054
1.49429
1.4987
1.50301
1.50672
1.50966
1.51186
1.51351
1.51483
1.51603
1.51728
1.51867
1.52024
1.52201
1.52391
1.52591
1.52794
1.52995
1.5319
1.53375
1.53548
1.53708
1.53853
1.53982
1.54094
1.54187
1.54257
1.54301
1.5431
1.54276
1.54187
1.54031
1.53792
1.53457
1.53021
1.52491
1.51894
1.51281
1.5072
1.50275
1.49984
1.49841
1.4981
1.49856
1.49968
1.50169
1.50492
1.50944
1.51492
1.52072
1.52621
1.53097
1.53486
1.53793
1.54037
1.54235
1.54401
1.54539
1.54646
1.5471
1.54713
1.54636
1.54461
1.54171
1.53758
1.53219
1.52567
1.51827
1.51039
1.50259
1.49542
1.48943
1.48512
1.48305
1.48373
1.48739
1.49359
1.50133
1.50935
1.51666
1.5227
1.52731
1.5306
1.53276
1.53401
1.53459
1.53468
1.53443
1.53399
1.53344
1.53284
1.53223
1.53162
1.53098
1.5303
1.52957
1.52878
1.52793
1.52703
1.52609
1.52514
1.52418
1.52324
1.52233
1.52147
1.52068
1.51996
1.51932
1.51875
1.51822
1.51766
1.51699
1.51613
1.51494
1.51334
1.51124
1.50858
1.50538
1.50177
1.49795
1.49428
1.49116
1.48898
1.48801
1.48831
1.48971
1.49192
1.49455
1.49728
1.49984
1.50205
1.50377
1.50487
1.50525
1.50474
1.50317
1.50037
1.49621
1.49078
1.48453
1.47839
1.47371
1.47169
1.47281
1.47653
1.48162
1.48684
1.49135
1.49481
1.49723
1.49879
1.49972
1.50023
1.5005
1.50066
1.50081
1.50099
1.50123
1.50157
1.50199
1.50249
1.50306
1.50369
1.50436
1.50505
1.50575
1.50646
1.50715
1.50783
1.50849
1.50913
1.50976
1.51037
1.51097
1.51156
1.51215
1.51274
1.51331
1.51388
1.51445
1.515
1.51555
1.51611
1.51669
1.51731
1.51799
1.51878
1.51969
1.52077
1.52202
1.52349
1.52517
1.52707
1.52918
1.53147
1.5339
1.53641
1.53891
1.5413
1.54346
1.54519
1.5463
1.54651
1.54555
1.54316
1.53923
1.53397
1.52815
1.52305
1.52009
1.52007
1.5227
1.52673
1.53076
1.53382
1.53555
1.53614
1.53608
1.53597
1.5364
1.53777
1.5402
1.54351
1.54734
1.55125
1.55489
1.55801
1.56054
1.5625
1.56397
1.56509
1.56597
1.56675
1.5675
1.56831
1.56922
1.57026
1.57143
1.5727
1.574
1.57521
1.57614
1.57656
1.57622
1.57483
1.57218
1.56818
1.56297
1.55694
1.55077
1.54523
1.54094
1.53812
1.53652
1.53565
1.53529
1.53572
1.53763
1.54147
1.54694
1.55302
1.55855
1.56277
1.56546
1.56681
1.56718
1.56689
1.56612
1.56486
1.5629
1.56003
1.55618
1.55175
1.54768
1.54521
1.5452
1.54747
1.55087
1.55408
1.55627
1.55744
1.55809
1.55881
1.55992
1.56133
1.56275
1.56391
1.56467
1.56508
1.56526
1.56535
1.56543
1.56551
1.56552
1.56538
1.56503
1.56445
1.5637
1.56287
1.56212
1.56158
1.56134
1.56144
1.56179
1.56226
1.56265
1.56276
1.56239
1.5614
1.5597
1.55725
1.55409
1.55036
1.54625
1.54205
1.53811
1.53475
1.53225
1.5308
1.5304
1.53098
1.53232
1.5342
1.5364
1.53872
1.54103
1.54322
1.54518
1.54684
1.5481
1.54885
1.54899
1.5484
1.54696
1.54458
1.54116
1.53667
1.53117
1.52487
1.51821
1.51188
1.50677
1.50372
1.50316
1.50485
1.50803
1.51166
1.51491
1.51726
1.51852
1.51875
1.51813
1.51693
1.51541
1.51389
1.51264
1.51187
1.5117
1.51213
1.513
1.51409
1.51512
1.51581
1.51596
1.51544
1.51423
1.51241
1.51018
1.50781
1.50562
1.5039
1.50286
1.50256
1.50293
1.50377
1.50485
1.50593
1.50681
1.50736
1.50748
1.50715
1.50636
1.50516
1.50364
1.50192
1.50014
1.49848
1.49705
1.49597
1.49527
1.49494
1.49491
1.49509
1.49537
1.49567
1.49592
1.49609
1.49619
1.49625
1.4963
1.49637
1.49645
1.49653
1.49656
1.49651
1.49633
1.49602
1.4956
1.49513
1.49469
1.4944
1.49436
1.49464
1.49527
1.49622
1.49742
1.49874
1.50007
1.50128
1.50229
1.50304
1.50353
1.5038
1.50393
1.50404
1.50427
1.50472
1.50545
1.50647
1.50768
1.50894
1.51006
1.51083
1.51107
1.51062
1.50938
1.50729
1.50441
1.50083
1.49679
1.49259
1.48867
1.48547
1.48334
1.48237
1.4823
1.4827
1.48321
1.48373
1.48455
1.48613
1.48893
1.49316
1.49864
1.50496
1.51152
1.51778
1.52333
1.52788
1.5313
1.53359
1.53485
1.53537
1.5356
1.53612
1.53751
1.54013
1.54394
1.54856
1.55333
1.55763
1.56094
1.56294
1.56344
1.56244
1.56006
1.55661
1.55266
1.54904
1.54672
1.54652
1.54882
1.55332
1.55924
1.56561
1.57165
1.57686
1.58103
1.58414
1.58628
1.58757
1.58813
1.58805
1.58741
1.5863
1.58478
1.58295
1.58093
1.57888
1.57697
1.57534
1.57411
1.5733
1.57284
1.57261
1.57244
1.57216
1.57167
1.57098
1.57024
1.56966
1.5695
1.56991
1.57088
1.57229
1.57397
1.57582
1.57783
1.58009
1.58269
1.58564
1.58882
1.59193
1.59452
1.59609
1.59619
1.59464
1.59171
1.58826
1.58564
1.58517
1.58742
1.59188
1.59731
1.60242
1.60634
1.60875
1.60972
1.60954
1.60858
1.60722
1.60581
1.60461
1.60381
1.60353
1.60379
1.60453
1.60563
1.60691
1.60813
1.60902
1.60926
1.60855
1.60654
1.60292
1.59745
1.58997
1.58051
1.56937
1.55724
1.54531
1.53514
1.52821
1.52529
1.52612
1.52971
1.53495
1.54092
1.54699
1.55266
1.55755
1.56138
1.5639
1.56498
1.56459
1.56281
1.55991
1.55628
1.55238
1.5486
1.54506
1.54162
1.53797
1.53393
1.5297
1.5259
1.52331
1.52245
1.5233
1.52542
1.52817
1.53103
1.53358
1.53551
1.53656
1.53655
1.53542
1.53332
1.53061
1.52787
1.52581
1.52497
1.52551
1.52714
1.52918
1.53092
1.53181
1.53162
1.53044
1.52865
1.52678
1.52541
1.52494
1.52552
1.52696
1.52889
1.53089
1.53261
1.53386
1.53461
1.53493
1.53495
1.53484
1.53473
1.53471
1.53484
1.5351
1.53543
1.53577
1.53604
1.53619
1.5362
1.53603
1.53572
1.53527
1.53472
1.53408
1.53338
1.53259
1.53172
1.53076
1.52969
1.52854
1.52735
1.52621
1.52524
1.52457
1.52429
1.52449
1.52512
1.52607
1.52708
1.52779
1.52778
1.52656
1.52371
1.5189
1.51206
1.50347
1.49392
1.48461
1.47693
1.47217
1.47116
1.47405
1.48017
1.48813
1.49652
1.50448
1.51184
1.51884
1.52564
1.5321
1.53785
1.54247
1.5457
1.54746
1.54782
1.54694
1.54502
1.54222
1.53873
1.53473
1.53041
1.52604
1.52195
1.51856
1.51626
1.51539
1.51605
1.51817
1.52145
1.52548
1.52986
1.53423
1.53829
1.54183
1.54469
1.54677
1.54798
1.54827
1.54762
1.546
1.5435
1.54026
1.53657
1.53287
1.52966
1.5274
1.52637
1.52658
1.52777
1.52951
1.5314
1.5331
1.53442
1.53531
1.53579
1.53594
1.53584
1.53555
1.5351
1.53442
1.53344
1.53205
1.53019
1.52793
1.52548
1.5232
1.52155
1.52092
1.52145
1.52298
1.52511
1.52733
1.52918
1.53036
1.53074
1.53035
1.52935
1.52807
1.52697
1.52658
1.52735
1.52945
1.53267
1.53642
1.53996
1.54256
1.54369
1.543
1.54044
1.53619
1.53076
1.52501
1.52001
1.51688
1.51637
1.51864
1.52319
1.52907
1.53528
1.54096
1.54556
1.54881
1.55066
1.55124
1.55078
1.54966
1.54827
1.54696
1.54594
1.54531
1.54505
1.54513
1.54553
1.54621
1.54705
1.54781
1.54819
1.5479
1.54672
1.54464
1.54188
1.53887
1.53618
1.53427
1.53337
1.53346
1.53428
1.53557
1.53713
1.5389
1.54091
1.54321
1.54584
1.54874
1.55182
1.55492
1.55786
1.56043
1.56246
1.56381
1.56439
1.56416
1.56315
1.56145
1.55922
1.55665
1.55392
1.5512
1.54857
1.54604
1.54359
1.54118
1.53884
1.53662
1.53463
1.53299
1.53181
1.53116
1.53105
1.53144
1.5322
1.53317
1.53416
1.53499
1.53551
1.53562
1.5353
1.53458
1.53358
1.53247
1.53145
1.5307
1.53035
1.53041
1.53082
1.53145
1.5321
1.5326
1.53275
1.53243
1.53159
1.53026
1.52855
1.52658
1.52444
1.52215
1.51973
1.51722
1.51473
1.51245
1.51057
1.5092
1.50843
1.50829
1.50878
1.50991
1.51163
1.51377
1.51608
1.51828
1.52008
1.52129
1.52183
1.52173
1.52107
1.51998
1.51862
1.5171
1.5155
1.51383
1.51205
1.51006
1.50777
1.50512
1.50213
1.49889
1.4956
1.49251
1.48991
1.48801
1.48698
1.48689
1.48767
1.48921
1.49129
1.49368
1.49616
1.49853
1.50066
1.50248
1.50397
1.50515
1.50607
1.50678
1.50734
1.50782
1.50825
1.50868
1.50914
1.50962
1.51013
1.51065
1.51114
1.51152
1.51171
1.51156
1.51092
1.50956
1.50726
1.50378
1.49898
1.49293
1.48608
1.4793
1.4738
1.47063
1.47021
1.4721
1.47526
1.47866
1.48161
1.48383
1.4854
1.48656
1.48752
1.4885
1.48962
1.49099
1.49269
1.49474
1.49712
1.49974
1.5025
1.50527
1.50799
1.51057
1.51298
1.5152
1.51722
1.51901
1.52056
1.52187
1.52292
1.52368
1.52412
1.52419
1.52381
1.52292
1.52142
1.51923
1.51629
1.51263
1.50838
1.50385
1.49953
1.49597
1.49362
1.49271
1.49313
1.49454
1.49652
1.49873
1.50098
1.50319
1.50534
1.50746
1.50955
1.51159
1.51354
1.51539
1.51709
1.51848
