2.85689
2.8552
2.8463
2.83675
2.83247
2.83396
2.83634
2.83303
2.81995
2.79765
2.77069
2.74496
2.7253
2.71455
2.71349
2.72095
2.73357
2.74622
2.75316
2.75037
2.73793
2.72096
2.70767
2.70513
2.71507
2.73342
2.75404
2.77315
2.7901
2.80511
2.81759
2.82687
2.83365
2.83886
2.84041
2.83241
2.80899
2.77057
2.72771
2.69546
2.67893
2.66996
2.65968
2.64793
2.6417
2.64721
2.66268
2.67889
2.68743
2.68694
2.68315
2.68422
2.6943
2.71026
2.72454
2.73045
2.72535
2.71038
2.68851
2.66271
2.63484
2.60631
2.57983
2.56094
2.55666
2.57201
2.60746
2.66072
2.72854
2.80427
2.87717
2.93731
2.97883
2.99885
2.996
2.97129
2.92915
2.87784
2.82859
2.79395
2.78386
2.80118
2.84002
2.8895
2.93908
2.98146
3.01202
3.02767
3.0266
3.00913
2.97814
2.93795
2.89213
2.84262
2.79091
2.74006
2.69493
2.66041
2.63926
2.63092
2.63208
2.63814
2.64475
2.64886
2.64945
2.6474
2.64432
2.6406
2.63533
2.62911
2.62691
2.63683
2.66392
2.7038
2.7435
2.76964
2.77579
2.76545
2.75031
2.74229
2.74243
2.73941
2.7198
2.67772
2.61887
2.56116
2.52703
2.52489
2.54215
2.56058
2.57044
2.57148
2.56821
2.56627
2.57139
2.58882
2.62114
2.66566
2.71416
2.75558
2.77937
2.7786
2.75302
2.71049
2.6638
2.62309
2.59131
2.5695
2.56333
2.57683
2.60255
2.62691
2.64119
2.64313
2.63363
2.61682
2.60256
2.60501
2.63324
2.68267
2.73875
2.78765
2.82215
2.84144
2.84815
2.84569
2.83706
2.82514
2.81343
2.80583
2.80547
2.81384
2.83034
2.85229
2.87538
2.89509
2.90865
2.91553
2.91544
2.90666
2.88796
2.86176
2.83486
2.81576
2.81027
2.81855
2.83571
2.85541
2.87315
2.88701
2.89626
2.89975
2.8957
2.88244
2.85967
2.82924
2.79471
2.75968
2.72571
2.69189
2.65761
2.62616
2.60514
2.60221
2.61915
2.65017
2.68516
2.7146
2.73314
2.73992
2.73721
2.73092
2.73144
2.74867
2.7827
2.82394
2.86385
2.90072
2.93511
2.96365
2.97886
2.97404
2.94706
2.90171
2.84667
2.79266
2.74856
2.71838
2.70208
2.69925
2.71068
2.73489
2.76511
2.79174
2.80879
2.81816
2.82822
2.84636
2.87123
2.89325
2.9028
2.89751
2.88202
2.86232
2.84163
2.82076
2.80031
2.78228
2.76985
2.76499
2.76593
2.76754
2.76392
2.75083
2.72723
2.69528
2.65894
2.62239
2.58938
2.5635
2.54874
2.54908
2.56607
2.59591
2.6301
2.66074
2.68541
2.70713
2.73036
2.75674
2.78311
2.80294
2.80985
2.80164
2.78129
2.75418
2.72706
2.71255
2.72507
2.76184
2.80279
2.83381
2.85498
2.87218
2.88921
2.90556
2.91761
2.92074
2.91146
2.88916
2.85752
2.82604
2.80821
2.81095
2.82458
2.83033
2.81527
2.77714
2.72139
2.6593
2.60842
2.58843
2.60759
2.65503
2.71163
2.76377
2.80462
2.82981
2.83683
2.82833
2.81361
2.80142
2.79108
2.7761
2.75256
2.72081
2.68573
2.6601
2.6603
2.68821
2.72546
2.75174
2.75883
2.75061
2.73734
2.72905
2.73043
2.741
2.75932
2.78599
2.82258
2.86825
2.91758
2.96187
2.99304
3.00727
3.00664
2.99765
2.98722
2.97852
2.96963
2.95609
2.93473
2.90593
2.87329
2.84092
2.81014
2.77851
2.74263
2.7027
2.66497
2.63962
2.63438
2.64895
2.67483
2.69998
2.7135
2.70837
2.68393
2.64727
2.61004
2.58223
2.56909
2.57267
2.59284
2.62738
2.67267
2.72389
2.77443
2.81649
2.84387
2.85424
2.84847
2.82785
2.79231
2.7412
2.67643
2.60586
2.54473
2.51076
2.5125
2.54257
2.58309
2.61634
2.6326
2.63401
2.63318
2.64278
2.66425
2.69022
2.71457
2.73627
2.75722
2.77995
2.80637
2.83667
2.86845
2.89722
2.91837
2.92951
2.93101
2.92488
2.91346
2.89905
2.8838
2.86865
2.85214
2.83123
2.80396
2.77156
2.73794
2.70818
2.6863
2.67296
2.66484
2.65734
2.64909
2.64617
2.6612
2.70478
2.77539
2.85868
2.9357
2.99082
3.01534
3.00853
2.97694
2.93148
2.88231
2.835
2.79271
2.76063
2.74235
2.73191
2.71742
2.69473
2.67179
2.66071
2.67048
2.70651
2.76717
2.836
2.8904
2.91889
2.92273
2.90811
2.88122
2.84823
2.81637
2.79325
2.78353
2.78613
2.79518
2.80391
2.80769
2.8046
2.79434
2.77718
2.75454
2.72936
2.70454
2.68047
2.65606
2.63215
2.61262
2.60189
2.602
2.61174
2.6278
2.64598
2.66244
2.67487
2.68322
2.68894
2.69287
2.69479
2.6952
2.69654
2.702
2.71334
2.73017
2.75078
2.77271
2.79271
2.80646
2.80957
2.79917
2.77563
2.74283
2.70658
2.67218
2.64418
2.62839
2.63229
2.66024
2.70667
2.75574
2.79094
2.80534
2.80316
2.79283
2.78016
2.76797
2.75872
2.75384
2.75072
2.74242
2.72152
2.68501
2.6364
2.58421
2.53848
2.50691
2.49222
2.49179
2.49989
2.5105
2.5197
2.52699
2.53462
2.54552
2.56174
2.58448
2.61418
2.64881
2.68365
2.71757
2.75819
2.81094
2.86497
2.90219
2.91295
2.89693
2.85691
2.79656
2.72341
2.6502
2.5912
2.55661
2.54947
2.56546
2.59356
2.61976
2.63355
2.63342
2.6275
2.62734
2.63881
2.6587
2.68048
2.70175
2.72513
2.75281
2.78167
2.80416
2.81298
2.80474
2.78006
2.74185
2.69603
2.65244
2.61744
2.58528
2.54596
2.49867
2.45272
2.41921
2.40404
2.40635
2.42072
2.44051
2.46073
2.47961
2.49852
2.52063
2.54817
2.57976
2.61029
2.63431
2.65048
2.66409
2.68551
2.7217
2.76756
2.80906
2.83463
2.84117
2.83247
2.81524
2.79513
2.77281
2.74312
2.70035
2.64446
2.58294
2.52864
2.49471
2.48847
2.50909
2.55027
2.60384
2.661
2.71273
2.75133
2.77253
2.77631
2.76564
2.7435
2.71106
2.66871
2.61867
2.56586
2.51643
2.4767
2.45698
2.47244
2.52751
2.60534
2.68271
2.74418
2.7825
2.79743
2.79595
2.78809
2.77924
2.76813
2.75275
2.73492
2.71907
2.709
2.70608
2.70955
2.71695
2.72447
2.72759
2.72261
2.70767
2.68344
2.65312
2.62184
2.59477
2.57595
2.56844
2.57488
2.59687
2.63234
2.67464
2.71547
2.74997
2.77878
2.80602
2.83511
2.86596
2.89497
2.91786
2.93271
2.94028
2.94125
2.93393
2.91665
2.89383
2.87838
2.88358
2.90805
2.93283
2.93815
2.91651
2.87041
2.8062
2.73137
2.65543
2.59107
2.55264
2.55018
2.5826
2.63733
2.69756
2.74984
2.78706
2.80851
2.81917
2.82678
2.8372
2.85126
2.86612
2.87911
2.88971
2.89895
2.90746
2.91512
2.92235
2.9303
2.93927
2.94855
2.95883
2.97249
2.99025
3.00945
3.02582
3.03604
3.03882
3.0347
3.02562
3.0138
3.00029
2.98492
2.96713
2.94647
2.92266
2.89648
2.87115
2.85225
2.84455
2.84807
2.85726
2.86408
2.86188
2.84777
2.82324
2.79309
2.76277
2.73596
2.71454
2.70129
2.70162
2.72086
2.75911
2.80903
2.85981
2.90315
2.93576
2.95748
2.9686
2.96866
2.95692
2.93347
2.89971
2.85781
2.80987
2.75751
2.70355
2.65414
2.61829
2.60374
2.61275
2.64159
2.68327
2.72993
2.77515
2.81547
2.84987
2.87677
2.89228
2.89214
2.87458
2.84185
2.80024
2.75857
2.7253
2.70648
2.7054
2.7217
2.7506
2.78405
2.81419
2.83678
2.85243
2.86407
2.8728
2.87654
2.87293
2.86304
2.85203
2.84589
2.84674
2.85122
2.85367
2.84954
2.83644
2.81335
2.78013
2.73785
2.68976
2.64228
2.60425
2.5829
2.57878
2.58523
2.59341
2.59766
2.59734
2.5959
2.59897
2.6126
2.64
2.6774
2.71474
2.74106
2.74833
2.73312
2.6985
2.65469
2.61537
2.5905
2.58088
2.57917
2.57648
2.56961
2.56424
2.57159
2.59997
2.64683
2.69823
2.73735
2.75478
2.75432
2.75224
2.76671
2.80236
2.84876
2.89349
2.92969
2.9544
2.96584
2.96286
2.94523
2.91354
2.86933
2.81585
2.75829
2.70304
2.65687
2.6256
2.61147
2.61073
2.61596
2.62216
2.63046
2.64568
2.66954
2.69697
2.72015
2.73521
2.74371
2.74973
2.7578
2.77254
2.79687
2.82905
2.86272
2.89042
2.90642
2.90725
2.89188
2.86282
2.82781
2.7992
2.78723
2.7906
2.79741
2.79714
2.78837
2.77667
2.76848
2.7668
2.77025
2.77443
2.77487
2.76935
2.75839
2.74387
2.72772
2.71194
2.69939
2.69286
2.69298
2.6974
2.70254
2.70522
2.70344
2.69722
2.68864
2.67912
2.66724
2.65219
2.64072
2.64795
2.68136
2.72642
2.76
2.77046
2.76221
2.75086
2.75275
2.77156
2.79498
2.80656
2.7973
2.76798
2.72556
2.67912
2.63756
2.60577
2.58184
2.56337
2.55669
2.57322
2.61719
2.68293
2.76034
2.83813
2.90582
2.95598
2.98509
2.99284
2.98136
2.95451
2.91732
2.87521
2.83335
2.79663
2.76898
2.75157
2.74145
2.73284
2.72097
2.7042
2.68302
2.65794
2.62813
2.59241
2.55241
2.51606
2.49694
2.50468
2.53467
2.57159
2.60165
2.61857
2.62302
2.61911
2.61005
2.59652
2.58067
2.56878
2.56773
2.5795
2.60044
2.62498
2.64886
2.67001
2.68776
2.70238
2.71516
2.72901
2.74822
2.7759
2.81039
2.84526
2.87339
2.89005
2.89295
2.88099
2.85324
2.80734
2.7409
2.67058
2.65267
2.71919
2.81705
2.89094
2.92906
2.93924
2.93303
2.9214
2.90985
2.89445
2.86613
2.81971
2.7587
2.69373
2.63733
2.59913
2.58354
2.59016
2.61535
2.65298
2.69534
2.73436
2.76297
2.77633
2.77269
2.75402
2.72591
2.69626
2.6737
2.66596
2.67804
2.70954
2.74851
