-4.58427
-4.58106
-4.571
-4.56177
-4.55815
-4.55941
-4.56196
-4.55825
-4.54459
-4.52158
-4.49357
-4.46916
-4.44969
-4.4402
-4.43964
-4.44734
-4.46007
-4.47211
-4.47866
-4.47497
-4.46282
-4.44522
-4.43229
-4.43027
-4.44253
-4.46198
-4.48225
-4.50144
-4.51789
-4.53269
-4.54366
-4.55339
-4.56105
-4.56531
-4.56682
-4.55703
-4.53043
-4.49167
-4.44848
-4.41769
-4.40242
-4.3915
-4.37956
-4.36859
-4.36303
-4.37024
-4.38686
-4.40321
-4.41107
-4.41126
-4.40881
-4.41025
-4.42193
-4.4369
-4.45073
-4.45483
-4.44804
-4.43269
-4.41091
-4.38454
-4.35548
-4.32668
-4.30006
-4.28125
-4.28044
-4.298
-4.33565
-4.39039
-4.4609
-4.53747
-4.60949
-4.66827
-4.70729
-4.72506
-4.71962
-4.69245
-4.64836
-4.597
-4.54849
-4.51654
-4.50967
-4.53029
-4.57148
-4.62201
-4.67115
-4.71372
-4.74292
-4.75574
-4.75373
-4.73459
-4.70217
-4.66068
-4.61397
-4.56416
-4.51192
-4.46064
-4.41667
-4.38477
-4.36544
-4.35763
-4.35889
-4.3655
-4.37151
-4.37422
-4.37357
-4.37091
-4.36732
-4.36243
-4.35699
-4.3504
-4.34874
-4.36163
-4.39143
-4.43242
-4.47145
-4.49573
-4.50082
-4.48892
-4.4733
-4.46659
-4.46752
-4.46323
-4.44117
-4.39664
-4.33766
-4.28121
-4.25149
-4.25197
-4.2695
-4.28808
-4.29635
-4.29505
-4.29135
-4.29046
-4.29674
-4.31606
-4.34983
-4.39353
-4.44276
-4.48376
-4.50442
-4.50044
-4.47359
-4.43065
-4.38375
-4.34481
-4.31348
-4.29275
-4.28926
-4.30483
-4.33056
-4.35418
-4.36665
-4.36676
-4.35657
-4.34097
-4.32772
-4.33207
-4.36407
-4.41445
-4.47006
-4.51892
-4.55231
-4.56929
-4.57478
-4.57203
-4.56338
-4.55176
-4.53969
-4.53238
-4.5321
-4.54225
-4.56112
-4.5831
-4.6068
-4.62492
-4.63751
-4.64342
-4.6418
-4.6319
-4.61286
-4.58577
-4.55941
-4.54134
-4.53536
-4.54496
-4.56265
-4.58277
-4.60003
-4.61255
-4.62174
-4.62517
-4.61996
-4.60588
-4.58147
-4.55045
-4.51587
-4.48093
-4.44764
-4.41361
-4.37985
-4.34904
-4.32909
-4.32652
-4.3448
-4.37655
-4.41227
-4.44185
-4.45888
-4.46426
-4.46145
-4.45546
-4.4576
-4.47582
-4.51184
-4.55232
-4.59176
-4.62792
-4.66182
-4.68955
-4.70346
-4.69657
-4.66613
-4.62056
-4.56513
-4.51208
-4.46837
-4.43976
-4.42315
-4.42156
-4.43456
-4.45992
-4.49156
-4.5168
-4.53315
-4.5423
-4.55248
-4.57199
-4.59603
-4.61852
-4.62549
-4.6195
-4.60439
-4.58466
-4.56469
-4.54292
-4.52259
-4.50451
-4.49341
-4.48958
-4.49055
-4.4928
-4.48733
-4.47424
-4.45102
-4.41722
-4.37993
-4.34341
-4.31019
-4.28478
-4.27197
-4.27412
-4.29222
-4.32323
-4.35675
-4.3874
-4.41142
-4.43265
-4.4559
-4.4819
-4.50839
-4.52717
-4.53349
-4.52387
-4.50274
-4.47603
-4.44765
-4.43575
-4.45124
-4.49019
-4.5328
-4.56219
-4.58208
-4.59871
-4.61621
-4.63248
-4.64475
-4.64722
-4.63631
-4.61221
-4.57885
-4.54766
-4.53165
-4.53499
-4.54914
-4.55367
-4.53641
-4.49541
-4.43902
-4.37715
-4.32958
-4.31435
-4.33741
-4.38481
-4.44144
-4.49345
-4.53322
-4.55681
-4.56339
-4.55285
-4.5381
-4.52599
-4.51505
-4.49961
-4.47502
-4.44277
-4.40805
-4.38418
-4.38716
-4.4172
-4.45414
-4.47849
-4.48492
-4.47583
-4.46311
-4.45538
-4.45745
-4.46915
-4.48914
-4.51659
-4.55344
-4.59935
-4.64934
-4.69356
-4.72296
-4.73536
-4.73385
-4.72429
-4.71398
-4.70406
-4.69522
-4.68023
-4.6582
-4.62806
-4.5959
-4.56444
-4.53298
-4.50136
-4.46332
-4.42292
-4.38776
-4.36372
-4.36032
-4.37606
-4.40106
-4.42641
-4.43921
-4.43084
-4.40368
-4.36535
-4.32959
-4.30308
-4.2914
-4.29744
-4.31812
-4.35406
-4.40034
-4.45152
-4.50097
-4.54179
-4.5675
-4.5768
-4.56994
-4.54742
-4.51003
-4.4577
-4.39157
-4.31992
-4.26091
-4.23021
-4.23508
-4.26679
-4.30775
-4.33957
-4.3557
-4.35589
-4.3558
-4.36629
-4.38845
-4.41551
-4.44077
-4.46199
-4.48315
-4.50679
-4.53362
-4.56453
-4.59608
-4.62472
-4.64433
-4.65491
-4.65615
-4.64938
-4.6359
-4.62206
-4.6062
-4.59149
-4.57393
-4.55257
-4.52363
-4.49119
-4.45682
-4.42876
-4.40793
-4.39501
-4.38731
-4.37969
-4.37201
-4.37086
-4.3887
-4.43545
-4.50859
-4.59136
-4.6674
-4.71913
-4.74117
-4.73298
-4.70084
-4.65536
-4.6065
-4.55909
-4.51845
-4.48634
-4.46885
-4.45898
-4.44273
-4.41905
-4.39601
-4.38622
-4.39692
-4.43538
-4.49877
-4.56635
-4.62008
-4.64575
-4.64729
-4.63071
-4.60187
-4.56758
-4.53642
-4.5142
-4.50663
-4.51124
-4.51918
-4.52758
-4.53072
-4.52692
-4.51534
-4.49875
-4.4754
-4.4497
-4.42514
-4.39927
-4.37466
-4.35098
-4.33229
-4.32231
-4.32575
-4.33796
-4.35563
-4.37259
-4.38932
-4.40101
-4.40978
-4.41379
-4.41723
-4.4191
-4.41885
-4.42123
-4.42648
-4.43902
-4.45586
-4.47763
-4.49984
-4.51882
-4.53185
-4.53415
-4.52175
-4.4966
-4.46319
-4.4269
-4.39399
-4.36827
-4.3532
-4.35942
-4.38938
-4.43615
-4.48495
-4.51802
-4.53043
-4.52886
-4.51811
-4.50538
-4.49321
-4.48483
-4.47958
-4.47646
-4.46719
-4.44462
-4.40663
-4.35616
-4.30433
-4.25973
-4.22952
-4.21735
-4.21912
-4.22954
-4.23878
-4.24759
-4.25267
-4.2593
-4.27081
-4.28673
-4.30986
-4.3396
-4.37418
-4.40914
-4.44448
-4.48507
-4.53871
-4.59319
-4.62725
-4.63645
-4.61881
-4.57716
-4.51434
-4.44114
-4.36902
-4.31272
-4.28055
-4.27665
-4.2952
-4.3239
-4.34876
-4.36151
-4.36212
-4.35687
-4.35776
-4.3705
-4.39024
-4.41304
-4.43496
-4.45768
-4.48586
-4.51432
-4.53588
-4.54232
-4.53145
-4.50435
-4.46488
-4.4182
-4.3752
-4.34063
-4.30738
-4.26815
-4.22062
-4.17726
-4.14574
-4.1314
-4.134
-4.14951
-4.16967
-4.18888
-4.20675
-4.22537
-4.24812
-4.2768
-4.30932
-4.33971
-4.36291
-4.37907
-4.39341
-4.41615
-4.45512
-4.50213
-4.54139
-4.56445
-4.56966
-4.55964
-4.54131
-4.52105
-4.49846
-4.46736
-4.42376
-4.3664
-4.30617
-4.25336
-4.2223
-4.21951
-4.24282
-4.28549
-4.34012
-4.39714
-4.44787
-4.48319
-4.50167
-4.50295
-4.49086
-4.46843
-4.43542
-4.3914
-4.34053
-4.28899
-4.24082
-4.2019
-4.18471
-4.20443
-4.26267
-4.34129
-4.41701
-4.47593
-4.51164
-4.52496
-4.52195
-4.51403
-4.50523
-4.49343
-4.47705
-4.46041
-4.44425
-4.43472
-4.43311
-4.43846
-4.44562
-4.4523
-4.45506
-4.45018
-4.43515
-4.40861
-4.37749
-4.34671
-4.32061
-4.30325
-4.29746
-4.30558
-4.32863
-4.36455
-4.40782
-4.4483
-4.48257
-4.51192
-4.53953
-4.56887
-4.59808
-4.62651
-4.64938
-4.66222
-4.67065
-4.67061
-4.66171
-4.64307
-4.62014
-4.60718
-4.61411
-4.63875
-4.66248
-4.66447
-4.64033
-4.59134
-4.52556
-4.45029
-4.37548
-4.31366
-4.27716
-4.27906
-4.31503
-4.37137
-4.43102
-4.48231
-4.51833
-4.53946
-4.55051
-4.5573
-4.56601
-4.58152
-4.59538
-4.60871
-4.61823
-4.62814
-4.63656
-4.64414
-4.65154
-4.65916
-4.66894
-4.67825
-4.68876
-4.7039
-4.72138
-4.74185
-4.75773
-4.76692
-4.76775
-4.76273
-4.75374
-4.74173
-4.72775
-4.71247
-4.69365
-4.67208
-4.64752
-4.62032
-4.59581
-4.57832
-4.57245
-4.57671
-4.58709
-4.5925
-4.58992
-4.57509
-4.54899
-4.5186
-4.4879
-4.462
-4.44093
-4.42845
-4.43047
-4.45158
-4.49084
-4.54165
-4.59077
-4.63265
-4.66325
-4.68451
-4.69486
-4.69362
-4.67993
-4.65626
-4.62098
-4.57764
-4.52993
-4.47694
-4.42294
-4.37507
-4.3409
-4.32812
-4.33951
-4.37014
-4.4116
-4.45898
-4.50471
-4.54372
-4.57702
-4.60299
-4.61742
-4.61464
-4.59554
-4.56234
-4.52105
-4.47942
-4.44691
-4.42977
-4.4296
-4.4476
-4.47659
-4.51034
-4.53893
-4.56027
-4.57463
-4.58674
-4.59511
-4.59713
-4.59337
-4.58323
-4.57247
-4.56763
-4.56862
-4.57482
-4.57678
-4.57244
-4.55912
-4.53456
-4.50006
-4.45655
-4.40847
-4.36121
-4.32369
-4.30358
-4.3003
-4.307
-4.31543
-4.31811
-4.31732
-4.3162
-4.32097
-4.33486
-4.36312
-4.40118
-4.43834
-4.46412
-4.4692
-4.45194
-4.41614
-4.3723
-4.3335
-4.31043
-4.30157
-4.29892
-4.29657
-4.28915
-4.28406
-4.29326
-4.32488
-4.37342
-4.42461
-4.46271
-4.47718
-4.47566
-4.47618
-4.49364
-4.53128
-4.57786
-4.62226
-4.65771
-4.68011
-4.68999
-4.68569
-4.66647
-4.63313
-4.58766
-4.53426
-4.47572
-4.42168
-4.37737
-4.3472
-4.33543
-4.3367
-4.34353
-4.35023
-4.35869
-4.37466
-4.3983
-4.42428
-4.44567
-4.45947
-4.46752
-4.474
-4.48238
-4.49814
-4.52282
-4.55625
-4.59011
-4.61686
-4.63025
-4.63007
-4.61269
-4.58212
-4.54594
-4.51746
-4.50883
-4.51317
-4.51887
-4.51825
-4.50902
-4.49681
-4.4886
-4.48832
-4.49192
-4.49712
-4.49701
-4.49134
-4.47918
-4.46532
-4.4491
-4.43365
-4.4219
-4.41636
-4.41781
-4.42126
-4.42825
-4.43131
-4.42919
-4.42277
-4.41362
-4.40518
-4.39386
-4.37884
-4.36834
-4.37757
-4.41405
-4.45909
-4.49136
-4.49996
-4.49119
-4.48082
-4.48257
-4.50305
-4.52537
-4.5354
-4.52381
-4.49281
-4.45031
-4.40232
-4.36057
-4.3299
-4.30698
-4.28894
-4.28409
-4.30426
-4.34988
-4.41622
-4.49388
-4.57065
-4.63625
-4.68517
-4.71271
-4.71856
-4.70473
-4.67585
-4.63898
-4.59712
-4.55451
-4.519
-4.49177
-4.475
-4.4647
-4.45729
-4.44587
-4.42771
-4.40614
-4.37943
-4.34877
-4.31383
-4.27446
-4.23993
-4.22203
-4.23413
-4.26528
-4.30218
-4.33153
-4.34497
-4.34974
-4.34446
-4.33554
-4.32177
-4.30491
-4.29308
-4.29318
-4.30534
-4.32781
-4.35228
-4.3755
-4.39647
-4.41373
-4.42884
-4.44036
-4.45499
-4.47451
-4.50364
-4.53851
-4.57301
-4.5988
-4.61446
-4.61652
-4.60334
-4.57498
-4.52797
-4.45917
-4.39178
-4.38229
-4.45456
-4.55178
-4.62267
-4.65842
-4.66658
-4.65936
-4.64567
-4.63437
-4.61779
-4.58792
-4.53928
-4.47762
-4.41264
-4.35755
-4.3212
-4.30776
-4.31751
-4.34441
-4.38288
-4.42361
-4.46203
-4.48929
-4.50097
-4.49582
-4.47621
-4.44666
-4.41808
-4.39697
-4.38954
-4.40415
-4.43715
-4.47641
