1.90459
1.90347
1.89754
1.89117
1.88831
1.8893
1.89089
1.88869
1.87997
1.8651
1.84713
1.82998
1.81687
1.8097
1.809
1.81396
1.82238
1.83082
1.83544
1.83358
1.82529
1.81397
1.80511
1.80342
1.81005
1.82228
1.83603
1.84877
1.86007
1.87007
1.8784
1.88458
1.8891
1.89258
1.89361
1.88827
1.87266
1.84705
1.81847
1.79698
1.78596
1.77997
1.77312
1.76529
1.76113
1.76481
1.77512
1.78593
1.79162
1.79129
1.78877
1.78948
1.7962
1.80684
1.81636
1.8203
1.8169
1.80692
1.79234
1.77514
1.75656
1.73754
1.71989
1.70729
1.70444
1.71467
1.73831
1.77381
1.81903
1.86951
1.91811
1.95821
1.98589
1.99923
1.99733
1.98086
1.95277
1.91856
1.88573
1.86263
1.85591
1.86745
1.89335
1.92634
1.95939
1.98764
2.00801
2.01844
2.01773
2.00609
1.98543
1.95863
1.92808
1.89508
1.86061
1.8267
1.79662
1.77361
1.75951
1.75395
1.75472
1.75876
1.76317
1.76591
1.7663
1.76494
1.76288
1.7604
1.75689
1.75274
1.75127
1.75789
1.77595
1.80253
1.829
1.84642
1.85053
1.84363
1.83354
1.82819
1.82829
1.82627
1.8132
1.78515
1.74591
1.70744
1.68469
1.68326
1.69477
1.70705
1.71363
1.71432
1.71214
1.71085
1.71426
1.72588
1.74743
1.7771
1.80944
1.83705
1.85291
1.8524
1.83535
1.80699
1.77587
1.74872
1.72754
1.713
1.70889
1.71789
1.73504
1.75127
1.76079
1.76209
1.75575
1.74455
1.73504
1.73667
1.75549
1.78844
1.82583
1.85843
1.88143
1.89429
1.89877
1.89713
1.89138
1.88342
1.87562
1.87055
1.87031
1.87589
1.88689
1.90153
1.91692
1.93006
1.9391
1.94369
1.94363
1.93778
1.92531
1.90784
1.88991
1.87717
1.87351
1.87903
1.89047
1.90361
1.91543
1.92467
1.93084
1.93317
1.93047
1.92163
1.90645
1.88616
1.86314
1.83979
1.81714
1.79459
1.77174
1.75077
1.73676
1.73481
1.7461
1.76678
1.7901
1.80973
1.82209
1.82661
1.82481
1.82061
1.82096
1.83245
1.85513
1.88263
1.90924
1.93381
1.95674
1.97577
1.98591
1.98269
1.9647
1.93447
1.89778
1.86177
1.83237
1.81225
1.80139
1.7995
1.80712
1.82326
1.8434
1.86116
1.87253
1.87877
1.88548
1.89758
1.91415
1.92884
1.9352
1.93168
1.92134
1.90821
1.89442
1.88051
1.86687
1.85485
1.84657
1.84333
1.84395
1.84503
1.84261
1.83389
1.81816
1.79685
1.77263
1.74826
1.72625
1.709
1.69916
1.69938
1.71071
1.73061
1.7534
1.77382
1.79028
1.80475
1.82024
1.83783
1.85541
1.86862
1.87323
1.86776
1.8542
1.83612
1.81804
1.80836
1.81671
1.84123
1.86853
1.88921
1.90332
1.91479
1.92614
1.93704
1.94507
1.94716
1.94097
1.92611
1.90501
1.88403
1.87214
1.87397
1.88305
1.88688
1.87685
1.85143
1.81426
1.77287
1.73895
1.72562
1.73839
1.77002
1.80775
1.84252
1.86975
1.88654
1.89122
1.88555
1.87574
1.86761
1.86072
1.85073
1.83504
1.81387
1.79049
1.7734
1.77354
1.79214
1.81698
1.8345
1.83922
1.83374
1.82489
1.81936
1.82028
1.82733
1.83955
1.85733
1.88172
1.91217
1.94505
1.97458
1.99536
2.00485
2.00442
1.99843
1.99148
1.98568
1.97976
1.97073
1.95649
1.93729
1.91553
1.89395
1.87342
1.85234
1.82842
1.8018
1.77664
1.75975
1.75625
1.76597
1.78322
1.79999
1.809
1.80558
1.78929
1.76484
1.74003
1.72149
1.71273
1.71512
1.72856
1.75158
1.78178
1.81593
1.84962
1.87766
1.89591
1.90283
1.89898
1.88524
1.86154
1.82747
1.78429
1.73724
1.69649
1.67384
1.675
1.69505
1.72206
1.74423
1.75507
1.756
1.75545
1.76185
1.77617
1.79348
1.80971
1.82418
1.83814
1.8533
1.87091
1.89111
1.9123
1.93148
1.94558
1.95301
1.95401
1.94992
1.94231
1.9327
1.92253
1.91243
1.90143
1.88748
1.86931
1.8477
1.82529
1.80546
1.79087
1.78197
1.77656
1.77156
1.76606
1.76411
1.77413
1.80319
1.85026
1.90579
1.95714
1.99388
2.01023
2.00568
1.98463
1.95432
1.92154
1.89
1.86181
1.84042
1.82823
1.82127
1.81161
1.79649
1.7812
1.7738
1.78032
1.80434
1.84478
1.89067
1.92694
1.94593
1.94849
1.93874
1.92081
1.89882
1.87758
1.86217
1.85569
1.85742
1.86345
1.86927
1.87179
1.86974
1.86289
1.85145
1.83636
1.81957
1.80303
1.78698
1.77071
1.75477
1.74175
1.73459
1.73467
1.74116
1.75187
1.76399
1.77496
1.78325
1.78882
1.79263
1.79524
1.79653
1.7968
1.7977
1.80133
1.8089
1.82011
1.83385
1.84847
1.86181
1.87098
1.87305
1.86612
1.85042
1.82855
1.80439
1.78145
1.76279
1.75226
1.75486
1.7735
1.80445
1.83716
1.86063
1.87023
1.86877
1.86189
1.85344
1.84531
1.83915
1.83589
1.83381
1.82828
1.81435
1.79001
1.7576
1.72281
1.69232
1.67128
1.66148
1.66119
1.66659
1.67366
1.6798
1.68466
1.68975
1.69702
1.70783
1.72299
1.74279
1.76587
1.7891
1.81171
1.83879
1.87396
1.90998
1.93479
1.94196
1.93129
1.90461
1.86437
1.81561
1.7668
1.72747
1.7044
1.69965
1.71031
1.72904
1.74651
1.7557
1.75562
1.75166
1.75156
1.75921
1.77246
1.78699
1.80117
1.81675
1.8352
1.85444
1.86944
1.87532
1.86983
1.85337
1.8279
1.79735
1.7683
1.74496
1.72352
1.69731
1.66578
1.63515
1.61281
1.60269
1.60423
1.61382
1.627
1.64049
1.65308
1.66568
1.68042
1.69878
1.71984
1.7402
1.75621
1.76699
1.77606
1.79034
1.81447
1.84504
1.87271
1.88975
1.89411
1.88832
1.87683
1.86342
1.84854
1.82875
1.80024
1.76298
1.72196
1.68576
1.66314
1.65898
1.67272
1.70018
1.73589
1.774
1.80849
1.83422
1.84835
1.85088
1.84376
1.829
1.80737
1.77914
1.74578
1.71058
1.67762
1.65113
1.63799
1.6483
1.685
1.73689
1.78847
1.82945
1.855
1.86495
1.86397
1.85873
1.85283
1.84542
1.83516
1.82328
1.81271
1.806
1.80405
1.80636
1.8113
1.81631
1.8184
1.81507
1.80511
1.78896
1.76875
1.74789
1.72984
1.7173
1.71229
1.71659
1.73125
1.75489
1.78309
1.81032
1.83331
1.85252
1.87068
1.89007
1.91064
1.92998
1.94524
1.95514
1.96018
1.96083
1.95595
1.94443
1.92922
1.91892
1.92238
1.9387
1.95522
1.95877
1.94434
1.91361
1.8708
1.82091
1.77029
1.72738
1.70176
1.70012
1.72173
1.75822
1.79837
1.83323
1.85804
1.87234
1.87945
1.88452
1.89146
1.90084
1.91075
1.9194
1.92648
1.93264
1.9383
1.94341
1.94823
1.95353
1.95951
1.9657
1.97256
1.98166
1.9935
2.0063
2.01721
2.02403
2.02588
2.02313
2.01708
2.0092
2.00019
1.98994
1.97808
1.96431
1.94844
1.93099
1.9141
1.9015
1.89637
1.89872
1.90484
1.90939
1.90792
1.89851
1.88216
1.86206
1.84185
1.82398
1.80969
1.80086
1.80108
1.8139
1.83941
1.87269
1.90654
1.93543
1.95717
1.97165
1.97907
1.97911
1.97128
1.95564
1.93314
1.90521
1.87325
1.83834
1.80237
1.76943
1.74553
1.73583
1.74184
1.76106
1.78884
1.81996
1.8501
1.87698
1.89991
1.91785
1.92819
1.92809
1.91638
1.89457
1.86683
1.83905
1.81687
1.80432
1.8036
1.81447
1.83373
1.85603
1.87613
1.89119
1.90162
1.90938
1.9152
1.91769
1.91528
1.90869
1.90135
1.89726
1.89783
1.90081
1.90245
1.8997
1.89096
1.87557
1.85342
1.82523
1.79317
1.76152
1.73617
1.72194
1.71919
1.72348
1.72894
1.73177
1.73156
1.7306
1.73265
1.74173
1.76
1.78493
1.80983
1.82737
1.83222
1.82208
1.799
1.76979
1.74358
1.727
1.72059
1.71945
1.71765
1.71308
1.70949
1.71439
1.73331
1.76455
1.79882
1.8249
1.83652
1.83621
1.83483
1.84448
1.86824
1.89917
1.929
1.95313
1.9696
1.97723
1.97524
1.96349
1.94236
1.91289
1.87723
1.83886
1.80202
1.77125
1.7504
1.74098
1.74049
1.74398
1.7481
1.75364
1.76379
1.77969
1.79798
1.81343
1.82347
1.82914
1.83315
1.83853
1.84836
1.86458
1.88603
1.90848
1.92695
1.93761
1.93817
1.92792
1.90854
1.88521
1.86614
1.85816
1.8604
1.86494
1.86476
1.85891
1.85111
1.84565
1.84453
1.84683
1.84962
1.84992
1.84623
1.83893
1.82925
1.81848
1.80796
1.79959
1.79524
1.79532
1.79826
1.80169
1.80348
1.80229
1.79814
1.79243
1.78608
1.77816
1.76813
1.76048
1.7653
1.78757
1.81761
1.84
1.84697
1.84148
1.83391
1.83517
1.84771
1.86332
1.87104
1.86486
1.84532
1.81704
1.78608
1.75838
1.73718
1.72123
1.70892
1.70446
1.71548
1.74479
1.78862
1.84022
1.89209
1.93721
1.97065
1.99006
1.99523
1.98757
1.96967
1.94488
1.91681
1.8889
1.86442
1.84598
1.83438
1.82763
1.82189
1.81398
1.8028
1.78868
1.77196
1.75209
1.72828
1.70161
1.67737
1.66462
1.66979
1.68978
1.71439
1.73443
1.74572
1.74868
1.74608
1.74003
1.73101
1.72045
1.71252
1.71182
1.71967
1.73363
1.74998
1.76591
1.78
1.79184
1.80159
1.81011
1.81934
1.83215
1.8506
1.87359
1.89684
1.91559
1.9267
1.92863
1.92066
1.90216
1.87156
1.82726
1.78038
1.76845
1.81279
1.87803
1.92729
1.9527
1.9595
1.95535
1.9476
1.9399
1.92963
1.91075
1.87981
1.83913
1.79582
1.75822
1.73276
1.72236
1.72678
1.74357
1.76865
1.7969
1.82291
1.84198
1.85089
1.84846
1.83602
1.81728
1.79751
1.78246
1.7773
1.78536
1.80636
1.83234
