-1.72738
-1.72586
-1.7247
-1.72502
-1.72568
-1.72545
-1.72562
-1.72522
-1.72464
-1.72392
-1.72287
-1.7242
-1.72439
-1.72566
-1.72614
-1.7264
-1.7265
-1.72589
-1.7255
-1.7246
-1.72489
-1.72426
-1.72462
-1.72515
-1.72746
-1.72856
-1.72821
-1.72829
-1.72779
-1.72758
-1.72607
-1.72651
-1.7274
-1.72644
-1.7264
-1.72462
-1.72144
-1.7211
-1.72077
-1.72223
-1.72349
-1.72154
-1.71988
-1.72065
-1.72133
-1.72302
-1.72419
-1.72432
-1.72364
-1.72432
-1.72566
-1.72603
-1.72763
-1.72663
-1.7262
-1.72438
-1.72269
-1.72231
-1.7224
-1.72182
-1.72063
-1.72037
-1.72023
-1.72031
-1.72378
-1.72599
-1.72819
-1.72967
-1.73236
-1.7332
-1.73232
-1.73096
-1.72846
-1.72621
-1.72362
-1.72116
-1.7192
-1.71916
-1.7199
-1.72259
-1.72581
-1.72911
-1.73146
-1.73251
-1.73207
-1.73227
-1.7309
-1.72808
-1.72713
-1.72546
-1.72403
-1.72273
-1.72185
-1.72155
-1.721
-1.72058
-1.72174
-1.72436
-1.72618
-1.72671
-1.72681
-1.72735
-1.72676
-1.72536
-1.72413
-1.7235
-1.723
-1.72183
-1.72165
-1.7213
-1.72183
-1.72479
-1.72751
-1.72862
-1.72795
-1.7261
-1.72503
-1.72347
-1.72299
-1.7243
-1.72509
-1.72382
-1.72137
-1.71893
-1.71879
-1.72005
-1.72445
-1.72708
-1.72734
-1.7275
-1.72591
-1.72357
-1.72314
-1.72419
-1.72535
-1.72725
-1.72869
-1.72787
-1.72859
-1.72818
-1.72505
-1.72184
-1.72058
-1.72016
-1.71995
-1.72172
-1.72217
-1.72325
-1.72593
-1.728
-1.72801
-1.72727
-1.72546
-1.72363
-1.72294
-1.72415
-1.72516
-1.72706
-1.73084
-1.73178
-1.7313
-1.73128
-1.73016
-1.72785
-1.72663
-1.72634
-1.72632
-1.72662
-1.72626
-1.72655
-1.72664
-1.72842
-1.73078
-1.73081
-1.73142
-1.72983
-1.72886
-1.72789
-1.72637
-1.72524
-1.7249
-1.72401
-1.72456
-1.72558
-1.72509
-1.72641
-1.72694
-1.72736
-1.72688
-1.72554
-1.72548
-1.72542
-1.72426
-1.72344
-1.7218
-1.72121
-1.72117
-1.72125
-1.72194
-1.72173
-1.72223
-1.72288
-1.72394
-1.72431
-1.72564
-1.72638
-1.72712
-1.72725
-1.72575
-1.72434
-1.72424
-1.72454
-1.72616
-1.72714
-1.72913
-1.72838
-1.7279
-1.7272
-1.72671
-1.7259
-1.7246
-1.72254
-1.71907
-1.71885
-1.71846
-1.71942
-1.71981
-1.72139
-1.72107
-1.7223
-1.72388
-1.72503
-1.72646
-1.72506
-1.72436
-1.72414
-1.72426
-1.72562
-1.7248
-1.72527
-1.72269
-1.72199
-1.72238
-1.72234
-1.72306
-1.72216
-1.72228
-1.72223
-1.72356
-1.72459
-1.72462
-1.72526
-1.72341
-1.7234
-1.72379
-1.72194
-1.72098
-1.72102
-1.72081
-1.72128
-1.72323
-1.72504
-1.72615
-1.72732
-1.72665
-1.72666
-1.72601
-1.72553
-1.72554
-1.72515
-1.72528
-1.72424
-1.72364
-1.72223
-1.72145
-1.72184
-1.72059
-1.72321
-1.72617
-1.72835
-1.73001
-1.72838
-1.72711
-1.72653
-1.727
-1.72692
-1.72715
-1.72648
-1.72485
-1.72305
-1.72133
-1.72162
-1.72344
-1.72404
-1.72456
-1.72335
-1.72113
-1.71827
-1.71763
-1.71785
-1.72116
-1.72592
-1.72982
-1.72978
-1.72981
-1.72968
-1.7286
-1.72699
-1.72656
-1.72453
-1.72449
-1.72458
-1.72397
-1.72351
-1.72246
-1.72196
-1.72232
-1.72408
-1.72686
-1.729
-1.72868
-1.72675
-1.72609
-1.72522
-1.72577
-1.72633
-1.72702
-1.72814
-1.72982
-1.7306
-1.73086
-1.73109
-1.73177
-1.73168
-1.72992
-1.72809
-1.72722
-1.72664
-1.72676
-1.72554
-1.72559
-1.72415
-1.72347
-1.72213
-1.7226
-1.72352
-1.72284
-1.72285
-1.72068
-1.72021
-1.72279
-1.72409
-1.72594
-1.72711
-1.72624
-1.72643
-1.7257
-1.72247
-1.71975
-1.71808
-1.71955
-1.72085
-1.72231
-1.72477
-1.72528
-1.72668
-1.72767
-1.72763
-1.72654
-1.7253
-1.72363
-1.72255
-1.72148
-1.71956
-1.71772
-1.7165
-1.71514
-1.71407
-1.71618
-1.71946
-1.72258
-1.72421
-1.72466
-1.72323
-1.7231
-1.72188
-1.72262
-1.72351
-1.7242
-1.72529
-1.72621
-1.72571
-1.72593
-1.72684
-1.72725
-1.72786
-1.72763
-1.72751
-1.72597
-1.7254
-1.72513
-1.7245
-1.72243
-1.72301
-1.72241
-1.72284
-1.72179
-1.72134
-1.71966
-1.71963
-1.71888
-1.72058
-1.72163
-1.72205
-1.72246
-1.72235
-1.72292
-1.72469
-1.7275
-1.73067
-1.7332
-1.73267
-1.7317
-1.7283
-1.72583
-1.72445
-1.7239
-1.72388
-1.72419
-1.72409
-1.72574
-1.72571
-1.7265
-1.72707
-1.72532
-1.72432
-1.72422
-1.72551
-1.72644
-1.72887
-1.73159
-1.73035
-1.72968
-1.72686
-1.72456
-1.72261
-1.72065
-1.71935
-1.72004
-1.72095
-1.72309
-1.72511
-1.72401
-1.72367
-1.72304
-1.72232
-1.721
-1.72157
-1.72086
-1.72034
-1.7206
-1.7188
-1.7186
-1.71882
-1.71967
-1.72042
-1.72375
-1.72622
-1.72783
-1.72661
-1.72688
-1.72614
-1.72655
-1.72485
-1.72436
-1.72431
-1.72366
-1.72469
-1.72448
-1.72568
-1.72569
-1.72686
-1.72713
-1.72611
-1.72539
-1.72458
-1.72258
-1.72098
-1.72036
-1.72032
-1.72181
-1.72409
-1.72481
-1.72713
-1.72914
-1.72948
-1.7292
-1.72708
-1.72509
-1.72571
-1.72527
-1.72522
-1.72524
-1.72611
-1.72574
-1.72573
-1.72478
-1.7231
-1.72162
-1.71976
-1.72011
-1.72125
-1.7226
-1.72513
-1.72733
-1.72965
-1.72828
-1.7279
-1.72569
-1.72468
-1.72529
-1.72499
-1.72538
-1.72542
-1.72537
-1.72549
-1.72691
-1.72688
-1.72777
-1.72822
-1.72506
-1.72351
-1.72188
-1.72025
-1.71778
-1.71773
-1.71883
-1.72151
-1.72394
-1.72718
-1.72974
-1.73034
-1.729
-1.72796
-1.72869
-1.72937
-1.73043
-1.73169
-1.73155
-1.73256
-1.73321
-1.73255
-1.73306
-1.73265
-1.73172
-1.72934
-1.72671
-1.72429
-1.72303
-1.72217
-1.72275
-1.72319
-1.7221
-1.72219
-1.72195
-1.72454
-1.72653
-1.72736
-1.72765
-1.72879
-1.72917
-1.72815
-1.72714
-1.72685
-1.72748
-1.72863
-1.72956
-1.72942
-1.7286
-1.72859
-1.72932
-1.73063
-1.73341
-1.73457
-1.73233
-1.72982
-1.72849
-1.72716
-1.72607
-1.72593
-1.72564
-1.72424
-1.72341
-1.72193
-1.72323
-1.72471
-1.72759
-1.73104
-1.73374
-1.73521
-1.73628
-1.73614
-1.73514
-1.73186
-1.72915
-1.72664
-1.72523
-1.72493
-1.72437
-1.72269
-1.72185
-1.72312
-1.72439
-1.7252
-1.72772
-1.73199
-1.73516
-1.73595
-1.7343
-1.73175
-1.72914
-1.72753
-1.726
-1.72593
-1.72599
-1.7253
-1.7243
-1.72549
-1.72518
-1.72572
-1.72703
-1.72892
-1.72867
-1.72783
-1.72747
-1.72758
-1.72748
-1.72517
-1.72437
-1.72487
-1.72584
-1.72729
-1.72902
-1.7307
-1.73177
-1.73221
-1.73318
-1.73283
-1.7326
-1.73314
-1.73351
-1.73376
-1.73212
-1.73153
-1.73152
-1.72952
-1.73037
-1.72936
-1.72778
-1.72642
-1.72631
-1.7288
-1.73054
-1.73071
-1.72966
-1.72633
-1.72381
-1.72093
-1.71936
-1.71891
-1.72005
-1.7226
-1.72452
-1.72888
-1.73243
-1.73404
-1.73346
-1.73247
-1.73128
-1.73095
-1.73134
-1.73052
-1.72881
-1.73026
-1.72926
-1.72961
-1.72851
-1.72918
-1.72911
-1.72903
-1.7292
-1.72886
-1.72968
-1.7297
-1.72993
-1.73142
-1.73113
-1.7324
-1.73191
-1.73089
-1.72893
-1.72803
-1.72812
-1.72793
-1.72746
-1.72755
-1.72652
-1.72561
-1.72486
-1.72384
-1.72466
-1.72607
-1.72789
-1.72864
-1.72983
-1.72843
-1.72805
-1.72732
-1.72575
-1.7255
-1.72512
-1.72604
-1.72639
-1.72716
-1.72885
-1.73073
-1.73173
-1.73261
-1.73096
-1.72951
-1.72749
-1.72703
-1.72626
-1.72496
-1.723
-1.7228
-1.72127
-1.71983
-1.72006
-1.71943
-1.71939
-1.72092
-1.72261
-1.72438
-1.72676
-1.72854
-1.72833
-1.72905
-1.72956
-1.72825
-1.72715
-1.72622
-1.72513
-1.7225
-1.72097
-1.72049
-1.72081
-1.72084
-1.72161
-1.72328
-1.7242
-1.7259
-1.726
-1.72629
-1.72474
-1.72349
-1.7222
-1.72267
-1.72231
-1.72059
-1.72044
-1.72019
-1.72044
-1.72174
-1.72188
-1.7236
-1.72311
-1.72289
-1.72268
-1.72121
-1.71992
-1.71869
-1.71871
-1.71893
-1.71944
-1.72068
-1.72152
-1.72177
-1.72201
-1.72045
-1.71998
-1.7203
-1.722
-1.72226
-1.72312
-1.72378
-1.7236
-1.72306
-1.72087
-1.71882
-1.71763
-1.71761
-1.71812
-1.71993
-1.72069
-1.71975
-1.72009
-1.71954
-1.71981
-1.72167
-1.72491
-1.72659
-1.72638
-1.72536
-1.7224
-1.72134
-1.72395
-1.72692
-1.72892
-1.7291
-1.72876
-1.72802
-1.7257
-1.72415
-1.72283
-1.72123
-1.71959
-1.71833
-1.71841
-1.71743
-1.71864
-1.7205
-1.7216
-1.72396
-1.72597
-1.72756
-1.72807
-1.72824
-1.72898
-1.72876
-1.72731
-1.72552
-1.72427
-1.72382
-1.72426
-1.72457
-1.72561
-1.72596
-1.7272
-1.72738
-1.72644
-1.72383
-1.72282
-1.7208
-1.71931
-1.71813
-1.71825
-1.72159
-1.72256
-1.72145
-1.72111
-1.72065
-1.72014
-1.72012
-1.72152
-1.72167
-1.72269
-1.72214
-1.72199
-1.72079
-1.72145
-1.72138
-1.72171
-1.72251
-1.7235
-1.72483
-1.72386
-1.72571
-1.72609
-1.72575
-1.72555
-1.72498
-1.72606
-1.72662
-1.72664
-1.72762
-1.72962
-1.73269
-1.73267
-1.73136
-1.72951
-1.72897
-1.72996
-1.72982
-1.73149
-1.73039
-1.72885
-1.72652
-1.72483
-1.72475
-1.7232
-1.72301
-1.72413
-1.72514
-1.72556
-1.72739
-1.73104
-1.73269
-1.73329
-1.73354
-1.73252
-1.73043
-1.72919
-1.72762
-1.72572
-1.72338
-1.72135
-1.72166
-1.72191
-1.72116
-1.72237
-1.7228
-1.72343
-1.72325
-1.72446
-1.7249
-1.72351
-1.72312
-1.72149
-1.72064
-1.72142
-1.72205
-1.72387
-1.72509
-1.72945
-1.73061
-1.73059
-1.72988
-1.7264
-1.72672
-1.72535
-1.72549
-1.72525
-1.72424
-1.7243
-1.72545
-1.72585
-1.72736
-1.7273
-1.72664
-1.72646
-1.72597
-1.72646
-1.7252
-1.72598
-1.72629
-1.72775
-1.72813
-1.72775
-1.72541
-1.72441
-1.72357
-1.72235
-1.72174
-1.72063
-1.71827
-1.7212
-1.72962
-1.73537
-1.73473
-1.73173
-1.72937
-1.72733
-1.72633
-1.72427
-1.72452
-1.72334
-1.72179
-1.71957
-1.71891
-1.71891
-1.72022
-1.72207
-1.72422
-1.72735
-1.72906
-1.7299
-1.72826
-1.72767
-1.72632
-1.72464
-1.72314
-1.72219
-1.72074
-1.72182
-1.72327
-1.72358
-1.72611
-1.72761
-1.7279
