-0.312611   0.425864   -0.396688
-0.0707459   0.391244   0.0857837
-0.428443   0.234006   -0.0374134
-0.269117   0.380017   0.013363
-0.253082   0.486194   0.397135
0.183611   -0.0274231   0.440994
-0.00423951   -0.427247   -0.111887
-0.424768   -0.197288   0.406586
-0.0646379   -0.00443013   0.384833
0.364569   0.285548   0.169283
0.213139   -0.291817   0.408421
-0.0625253   -0.250542   0.493434
0.44657   -0.398539   -0.295918
-0.255324   -0.0579916   -0.493816
0.416403   -0.301883   0.33087
0.250323   0.0939422   -0.112403
-0.237035   -0.268494   -0.430967
-0.318997   0.179342   -0.403547
0.108508   -0.257482   -0.245002
0.0238269   -0.402211   -0.391645
0.162297   -0.0210989   -0.241657
0.345982   0.0127289   -0.368487
0.207469   0.295365   -0.19397
0.204184   0.497603   -0.397152
0.371408   -0.112279   0.388695
0.381355   0.191685   -0.272816
0.388205   -0.401155   0.491157
-0.490284   0.0354194   -0.269917
0.0943465   0.147216   0.493272
0.0558393   0.390372   -0.490531
-0.142542   0.333457   0.495899
-0.0186975   0.216266   0.335499
0.398505   -0.0120953   -0.0449056
0.187992   -0.481392   0.38484
0.370949   -0.173628   -0.222468
0.389797   0.497847   0.298472
-0.473781   -0.394057   0.11998
0.203437   0.483532   0.152628
0.0991463   -0.14895   0.294294
-0.484254   0.414033   0.459844
-0.291514   0.428045   -0.189144
-0.158388   -0.44972   -0.286271
0.18136   -0.345245   -0.00986733
-0.113423   0.378235   -0.113556
-0.23778   -0.397576   -0.0400698
-0.448898   -0.307611   -0.0668019
0.0229232   -0.146888   0.0874463
0.0732737   -0.366719   0.265278
-0.337197   0.0716503   -0.136859
-0.411998   -0.1651   -0.27711
-0.204665   0.204296   -0.0783006
-0.340202   -0.36272   -0.256779
-0.437868   -0.104136   -0.0765229
0.0541958   0.435282   -0.257264
0.00280926   -0.0969478   -0.150179
-0.351551   -0.252335   0.185303
0.255706   -0.269847   -0.366479
0.364194   0.265955   -0.072027
0.00388582   0.145392   -0.0347594
0.195181   -0.126393   -0.072173
0.196545   0.285865   -0.394403
-0.0557098   -0.173409   -0.331287
-0.138515   0.285391   -0.315384
0.413272   0.388771   -0.34496
0.0296332   -0.0143063   -0.407916
0.0956132   0.0777874   0.291082
0.0991141   0.40271   -0.0424005
0.0985265   0.299847   0.131764
0.296835   -0.492928   -0.125466
-0.481318   0.448296   -0.0338589
-0.0932608   0.184406   0.143046
-0.425872   0.323565   0.181773
-0.413162   -0.399671   -0.491306
0.458984   -0.138773   0.218836
0.434357   -0.208684   -0.420792
-0.135833   0.130303   -0.497348
-0.0642587   -0.350521   0.083531
-0.150681   -0.299413   -0.169981
-0.203843   0.326037   0.279846
-0.216812   -0.32636   0.351931
-0.0538068   -0.454045   0.415198
0.364163   -0.215217   0.0176567
0.261502   -0.305805   0.186801
0.329779   0.390815   0.455275
0.48621   0.118657   0.137983
-0.23613   -0.122849   -0.184638
-0.100598   -0.221123   0.235539
-0.451457   -0.0318411   -0.45759
-0.383018   -0.0489721   0.102619
-0.42238   -0.397041   0.324251
-0.470543   0.0251057   0.309484
-0.205533   -0.184643   0.0770318
-0.184615   -0.495415   0.191448
0.458278   0.242393   0.341987
0.32351   0.127586   0.467315
0.497293   0.226707   -0.449844
0.200154   0.143196   0.0937649
-0.137301   0.0119018   -0.0321535
-0.352359   0.209746   0.371884
-0.146234   0.0558488   -0.252467
-0.0648845   -0.00878278   0.192528
0.0434449   0.425728   0.272411
-0.37944   0.261885   -0.240891
0.186839   0.29081   0.365987
0.259929   -0.0981031   0.158609
0.0364857   0.163861   -0.223455
-0.305791   0.164704   0.0878176
0.326055   0.0766927   0.250784
