-0.312672   0.425902   -0.396654
-0.0708046   0.391246   0.0859114
-0.42833   0.234105   -0.0375877
-0.269255   0.380053   0.01339
-0.253094   0.486175   0.397152
0.183603   -0.0275564   0.441082
-0.00425887   -0.427333   -0.111792
-0.424681   -0.197466   0.406485
-0.0646877   -0.00451572   0.384735
0.364694   0.285594   0.169326
0.213155   -0.291736   0.408315
-0.0624324   -0.250573   0.493531
0.446534   -0.398537   -0.295828
-0.255394   -0.0580841   -0.493693
0.416353   -0.301966   0.330915
0.250316   0.094049   -0.112406
-0.23707   -0.268691   -0.430781
-0.318985   0.179406   -0.403615
0.108475   -0.257535   -0.244983
0.0238213   -0.40215   -0.391572
0.162114   -0.0209669   -0.241704
0.346115   0.0128894   -0.368213
0.207513   0.295402   -0.194124
0.204316   0.497567   -0.397151
0.371301   -0.112227   0.388644
0.381398   0.191649   -0.272958
0.388245   -0.401104   0.49116
-0.490213   0.0353006   -0.269845
0.0944989   0.147385   0.493383
0.0558908   0.390356   -0.490627
-0.142592   0.333583   0.495905
-0.0187117   0.216342   0.335584
0.398411   -0.0122262   -0.0447629
0.18792   -0.48149   0.384784
0.370932   -0.173524   -0.222274
0.389744   0.497821   0.298293
-0.473691   -0.394005   0.120107
0.203291   0.483529   0.152684
0.099112   -0.14903   0.294193
-0.484053   0.413949   0.459742
-0.291506   0.42807   -0.189411
-0.158384   -0.449899   -0.286417
0.181272   -0.345345   -0.00984538
-0.113314   0.378277   -0.113375
-0.237905   -0.39765   -0.0400656
-0.448948   -0.307682   -0.0669195
0.0228466   -0.146874   0.087413
0.0734144   -0.366605   0.265281
-0.337441   0.0714604   -0.136816
-0.411894   -0.165045   -0.27708
-0.204711   0.204306   -0.0784106
-0.340245   -0.362532   -0.256829
-0.437846   -0.104069   -0.0766733
0.05422   0.435348   -0.257163
0.00285194   -0.0969253   -0.150245
-0.351538   -0.252376   0.185118
0.255707   -0.269794   -0.366444
0.364347   0.266098   -0.0722062
0.00399139   0.145394   -0.0347637
0.195084   -0.126447   -0.0722927
0.196445   0.285895   -0.394339
-0.0558564   -0.173505   -0.331288
-0.138429   0.285249   -0.315284
0.413359   0.388704   -0.344948
0.0295783   -0.0142236   -0.40781
0.0955388   0.0778832   0.291133
0.0990979   0.402619   -0.0424706
0.0985844   0.300109   0.131783
0.296849   -0.492903   -0.125391
-0.481385   0.448224   -0.0339825
-0.0931116   0.184426   0.142928
-0.425897   0.323687   0.181824
-0.413231   -0.399812   -0.491289
0.458978   -0.138871   0.218965
0.434322   -0.208696   -0.42075
-0.135898   0.130171   -0.497379
-0.0643867   -0.350402   0.0837277
-0.15076   -0.299463   -0.169803
-0.20383   0.326135   0.27993
-0.216796   -0.326401   0.351774
-0.0537819   -0.454023   0.415213
0.364065   -0.215078   0.0177249
0.261486   -0.305823   0.186687
0.329695   0.390797   0.455334
0.486367   0.118554   0.138036
-0.236224   -0.122832   -0.184639
-0.100548   -0.221151   0.235376
-0.451472   -0.0319532   -0.45769
-0.383098   -0.0490883   0.102446
-0.422199   -0.397008   0.323991
-0.470578   0.025059   0.309402
-0.205355   -0.184606   0.0771115
-0.184542   -0.495317   0.191663
0.458316   0.242385   0.341984
0.323503   0.127603   0.467351
0.497379   0.226931   -0.449782
0.200155   0.143174   0.0937509
-0.137363   0.0120082   -0.0320177
-0.352322   0.209762   0.371963
-0.146262   0.0558596   -0.252557
-0.0648486   -0.00892592   0.192604
0.0433861   0.425788   0.272312
-0.379355   0.261853   -0.240756
0.186822   0.290579   0.365654
0.259871   -0.0980985   0.158611
0.0364955   0.163912   -0.223454
-0.305809   0.164751   0.0878841
0.326209   0.0767737   0.25086
