-5.10194
-5.08258
-5.06799
-5.06318
-5.06703
-5.08114
-5.1027
-5.12626
-5.14978
-5.16943
-5.184
-5.19168
-5.19182
-5.1847
-5.17028
-5.15171
-5.13128
-5.10987
-5.08988
-5.07363
-5.06002
-5.04942
-5.04202
-5.03702
-5.0376
-5.04328
-5.05346
-5.06465
-5.07864
-5.09362
-5.10853
-5.12187
-5.13487
-5.14438
-5.15206
-5.15799
-5.16053
-5.1608
-5.1595
-5.15574
-5.14983
-5.14269
-5.13103
-5.11599
-5.09772
-5.07835
-5.05835
-5.04215
-5.02916
-5.01849
-5.01067
-5.00807
-5.01009
-5.01858
-5.0321
-5.04915
-5.0693
-5.0875
-5.10456
-5.11682
-5.12558
-5.13017
-5.13078
-5.12769
-5.12048
-5.11072
-5.09904
-5.08795
-5.07742
-5.06822
-5.05867
-5.0463
-5.02941
-5.00766
-4.97706
-4.94227
-4.90602
-4.8744
-4.85332
-4.84648
-4.85604
-4.87893
-4.9107
-4.94719
-4.9832
-5.01474
-5.04108
-5.05841
-5.0651
-5.06217
-5.05084
-5.03233
-5.01119
-4.98978
-4.97335
-4.96506
-4.96322
-4.96699
-4.97457
-4.9835
-4.99002
-4.99504
-4.99693
-4.99663
-4.99362
-4.99172
-4.99025
-4.99017
-4.99277
-4.99784
-5.00603
-5.0181
-5.03434
-5.05373
-5.07909
-5.10587
-5.13191
-5.15135
-5.16118
-5.16031
-5.15002
-5.13082
-5.10498
-5.07767
-5.05253
-5.03211
-5.02007
-5.01715
-5.02198
-5.03184
-5.04623
-5.05967
-5.07064
-5.07736
-5.0806
-5.08015
-5.07518
-5.06537
-5.05283
-5.03789
-5.02101
-5.00421
-4.98746
-4.97286
-4.95949
-4.94734
-4.93654
-4.92185
-4.90743
-4.89103
-4.87553
-4.86179
-4.85389
-4.85146
-4.85538
-4.86728
-4.88334
-4.90162
-4.92075
-4.93888
-4.95357
-4.96364
-4.97026
-4.96941
-4.96203
-4.94893
-4.93482
-4.92186
-4.91086
-4.90323
-4.89722
-4.8944
-4.8937
-4.89676
-4.90232
-4.91236
-4.92867
-4.95061
-4.97395
-4.99911
-5.02358
-5.04686
-5.06753
-5.08679
-5.10325
-5.12022
-5.1345
-5.14792
-5.15856
-5.16873
-5.17551
-5.17735
-5.17459
-5.16692
-5.15323
-5.13329
-5.10821
-5.08317
-5.05759
-5.03557
-5.02214
-5.01834
-5.0254
-5.04397
-5.07045
-5.10194
-5.13022
-5.1533
-5.16738
-5.17011
-5.16365
-5.14945
-5.12976
-5.10565
-5.08038
-5.05523
-5.03365
-5.01614
-5.00543
-5.00307
-5.00663
-5.01633
-5.02866
-5.04065
-5.04888
-5.05411
-5.05243
-5.04544
-5.03516
-5.02375
-5.01278
-5.0045
-4.99967
-4.99859
-5.00107
-5.00755
-5.01653
-5.02849
-5.04137
-5.05263
-5.05839
-5.05713
-5.04942
-5.03582
-5.01659
-4.99736
-4.9793
-4.96683
-4.96109
-4.96435
-4.97625
-4.99448
-5.01871
-5.04652
-5.07424
-5.09893
-5.11856
-5.13154
-5.13668
-5.13417
-5.12474
-5.10601
-5.08189
-5.05698
-5.03039
-5.00727
-4.98791
-4.97343
-4.96177
-4.95365
-4.94804
-4.94368
-4.94169
-4.94527
-4.95415
-4.97031
-4.99131
-5.01306
-5.03166
-5.04722
-5.05928
-5.06554
-5.06907
-5.06966
-5.06872
-5.06676
-5.0625
-5.05523
-5.04651
-5.03488
-5.01962
-5.00454
-4.99054
-4.97833
-4.97092
-4.96695
-4.9695
-4.97669
-4.99174
-5.01623
-5.0441
-5.07532
-5.10418
-5.12695
-5.14087
-5.14335
-5.13615
-5.12315
-5.10965
-5.09996
-5.09566
-5.0955
-5.09646
-5.09703
-5.09554
-5.09039
-5.08392
-5.07608
-5.06655
-5.05335
-5.03743
-5.01735
-4.995
-4.97265
-4.95106
-4.93707
-4.93209
-4.93767
-4.95232
-4.97445
-4.99956
-5.02719
-5.05504
-5.07967
-5.09954
-5.11291
-5.1188
-5.1144
-5.09964
-5.07773
-5.05002
-5.01975
-4.99162
-4.96969
-4.95995
-4.96122
-4.97852
-5.00743
-5.04692
-5.0927
-5.13835
-5.17712
-5.20636
-5.22562
-5.23202
-5.22563
-5.21112
-5.18871
-5.16225
-5.13684
-5.11581
-5.10361
-5.10098
-5.10761
-5.11921
-5.13225
-5.14258
-5.14956
-5.15037
-5.1472
-5.14326
-5.13974
-5.13545
-5.13163
-5.12827
-5.12258
-5.11515
-5.10639
-5.09527
-5.08389
-5.07026
-5.0537
-5.03469
-5.01756
-5.00394
-4.99647
-4.99784
-5.00684
-5.02264
-5.04147
-5.0636
-5.08758
-5.11066
-5.13194
-5.15081
-5.16436
-5.17194
-5.17358
-5.16678
-5.15426
-5.13359
-5.10598
-5.074
-5.03813
-5.00029
-4.96373
-4.93096
-4.90649
-4.89352
-4.89434
-4.90694
-4.92905
-4.95475
-4.97766
-4.99478
-5.00384
-5.00754
-5.00698
-5.00549
-5.00482
-5.0046
-5.00038
-4.99384
-4.98246
-4.96996
-4.95859
-4.95382
-4.95755
-4.96986
-4.98984
-5.01429
-5.04015
-5.0617
-5.07667
-5.08404
-5.08708
-5.08867
-5.09568
-5.11064
-5.13031
-5.14858
-5.15936
-5.15898
-5.15127
-5.13832
-5.12067
-5.10258
-5.08397
-5.06801
-5.05397
-5.04225
-5.03288
-5.0273
-5.02502
-5.02488
-5.02676
-5.03175
-5.03854
-5.04642
-5.05886
-5.07561
-5.09511
-5.11579
-5.13376
-5.14675
-5.15458
-5.1572
-5.15323
-5.14385
-5.12775
-5.10286
-5.07392
-5.04247
-5.01179
-4.98614
-4.96718
-4.95497
-4.94906
-4.94966
-4.95522
-4.96654
-4.98022
-4.99598
-5.01464
-5.03766
-5.06536
-5.09627
-5.12832
-5.15757
-5.1811
-5.19124
-5.19054
-5.17649
-5.15077
-5.11948
-5.08662
-5.05615
-5.03173
-5.01601
-5.00834
-5.00863
-5.01453
-5.02524
-5.04068
-5.05759
-5.07912
-5.09917
-5.11739
-5.12998
-5.13739
-5.13805
-5.13069
-5.11699
-5.09963
-5.07937
-5.05755
-5.037
-5.02019
-5.0106
-5.01028
-5.0202
-5.03783
-5.05811
-5.08094
-5.10126
-5.11426
-5.12128
-5.12027
-5.11496
-5.10645
-5.09932
-5.0893
-5.08051
-5.0716
-5.06528
-5.06319
-5.07001
-5.08527
-5.1044
-5.12736
-5.14821
-5.1633
-5.1736
-5.1772
-5.17469
-5.1693
-5.159
-5.14742
-5.1328
-5.11831
-5.10404
-5.08811
-5.07256
-5.0599
-5.05031
-5.04361
-5.03962
-5.04238
-5.04854
-5.05564
-5.06256
-5.0678
-5.07037
-5.07222
-5.07278
-5.07451
-5.07621
-5.07868
-5.08083
-5.08417
-5.08811
-5.0893
-5.08824
-5.08408
-5.07583
-5.06747
-5.06187
-5.0602
-5.06555
-5.07696
-5.09098
-5.10364
-5.11308
-5.11934
-5.12133
-5.1193
-5.11547
-5.10808
-5.09915
-5.08986
-5.08362
-5.08136
-5.08184
-5.08279
-5.07947
-5.07112
-5.05966
-5.04809
-5.04179
-5.04206
-5.04854
-5.0556
-5.0608
-5.06283
-5.06003
-5.05154
-5.03854
-5.02252
-5.00448
-4.98835
-4.97615
-4.97239
-4.98207
-5.00705
-5.04871
-5.10008
-5.15376
-5.20167
-5.238
-5.26289
-5.27203
-5.26878
-5.25306
-5.22793
-5.19663
-5.16228
-5.12921
-5.0998
-5.07315
-5.04959
-5.02965
-5.01012
-4.99118
-4.97962
-4.97958
-4.98887
-5.00246
-5.01107
-5.01161
-5.00699
-5.00127
-4.99839
-4.99739
-4.99604
-4.99108
-4.98037
-4.9641
-4.94651
-4.92779
-4.9115
-4.89876
-4.89061
-4.88863
-4.88977
-4.89406
-4.90301
-4.91291
-4.92359
-4.93265
-4.93824
-4.94333
-4.94857
-4.95586
-4.9663
-4.98368
-5.00331
-5.02198
-5.03462
-5.04044
-5.03811
-5.02931
-5.01543
-4.99826
-4.98097
-4.96757
-4.95944
-4.95731
-4.96207
-4.97009
-4.97919
-4.98688
-4.992
-4.99389
-4.98898
-4.98184
-4.97225
-4.9618
-4.94811
-4.93199
-4.9162
-4.90781
-4.91033
-4.92461
-4.94574
-4.96636
-4.98642
-5.00483
-5.02046
-5.03319
-5.04113
-5.04424
-5.03847
-5.02584
-5.00749
-4.98626
-4.96628
-4.9531
-4.9482
-4.95285
-4.96539
-4.98155
-5.00174
-5.02147
-5.04134
-5.06311
-5.08796
-5.11291
-5.137
-5.15846
-5.17492
-5.18706
-5.19476
-5.19801
-5.19923
-5.19673
-5.19071
-5.18054
-5.16837
-5.15317
-5.13544
-5.11702
-5.0977
-5.07793
-5.06182
-5.04992
-5.04335
-5.04167
-5.04055
-5.03866
-5.03438
-5.02364
-5.01182
-5.00349
-5.00469
-5.01983
-5.04604
-5.08207
-5.11828
-5.15101
-5.17637
-5.19569
-5.20443
-5.20766
-5.20614
-5.20061
-5.19381
-5.18856
-5.18314
-5.18008
-5.1786
-5.1799
-5.1792
-5.17491
-5.16289
-5.14471
-5.12169
-5.09708
-5.0723
-5.05027
-5.03132
-5.01781
-5.01108
-5.01178
-5.01989
-5.03356
-5.05159
-5.06891
-5.08169
-5.08831
-5.09027
-5.08616
-5.07695
-5.06005
-5.04302
-5.02215
-5.00248
-4.98334
-4.96489
-4.94622
-4.92279
-4.89516
-4.86373
-4.83218
-4.80781
-4.79864
-4.80668
-4.83128
-4.86559
-4.90237
-4.93753
-4.96631
-4.99095
-5.01116
-5.02894
-5.04718
-5.0675
-5.08785
-5.10374
-5.11748
-5.12676
-5.13135
-5.13249
-5.12895
-5.12437
-5.12171
-5.12185
-5.12512
-5.13182
-5.13819
-5.1412
-5.14054
-5.13189
-5.11244
-5.08318
-5.04346
-4.99775
-4.9531
-4.9182
-4.89464
-4.88235
-4.87985
-4.88185
-4.88818
-4.89679
-4.90868
-4.9228
-4.93732
-4.94801
-4.95301
-4.95215
-4.94547
-4.93587
-4.92527
-4.91479
-4.90816
-4.90651
-4.90706
-4.91129
-4.9211
-4.93266
-4.94388
-4.95788
-4.97679
-4.99979
-5.02992
-5.0683
-5.10961
-5.14866
-5.18238
-5.20693
-5.22229
-5.2304
-5.23194
-5.22722
-5.22034
-5.21007
-5.20026
-5.19137
-5.18247
-5.17662
-5.17279
-5.16948
-5.17235
-5.17678
-5.18502
-5.19447
-5.20354
-5.20882
-5.21083
-5.20686
-5.19575
-5.1799
-5.15877
-5.13558
-5.11384
-5.0952
-5.07997
-5.0691
-5.0613
-5.05234
-5.04203
-5.0289
-5.01149
-4.99212
-4.97375
-4.95735
-4.94038
-4.92503
-4.91217
-4.9042
-4.90515
-4.91455
-4.9326
-4.95779
-4.98382
-5.00568
-5.01751
-5.01794
-5.00855
-4.9925
-4.97453
-4.96187
-4.95889
-4.96543
-4.98303
-5.00833
-5.03907
-5.07267
-5.1054
-5.13456
-5.15798
-5.17142
-5.17467
-5.16754
-5.14901
-5.12039
-5.08337
-5.04067
-4.99816
-4.96273
-4.93659
-4.92363
-4.92471
-4.93488
-4.95171
-4.96798
-4.98187
-4.99215
-4.99824
-5.00116
-5.00399
-5.01045
-5.0222
-5.04033
-5.05945
-5.07652
-5.0887
-5.09474
-5.09672
-5.0953
-5.09173
-5.08756
-5.08263
-5.07688
-5.06977
-5.06366
-5.0589
-5.05576
-5.0533
-5.04841
-5.04112
-5.03046
-5.01778
-5.00714
-5.00124
-5.00088
-5.00615
-5.01874
-5.0342
-5.0513
-5.06947
-5.08487
-5.09534
-5.10333
-5.10748
-5.10921
-5.10741
-5.10247
-5.09815
-5.09316
-5.08991
-5.09034
-5.09499
-5.1037
-5.11126
-5.11904
-5.12471
-5.12909
-5.12861
-5.12351
-5.11402
-5.10373
-5.09665
-5.09582
-5.10086
-5.1098
-5.117
-5.12003
-5.11666
-5.10911
-5.09943
-5.09065
-5.08782
-5.08803
-5.0917
-5.09242
-5.08927
-5.07846
-5.0618
-5.04134
-5.02419
-5.01333
-5.00843
-5.01016
-5.01243
-5.01604
-5.01923
-5.02042
-5.01865
-5.01417
-5.01127
-5.00978
-5.00944
-5.00844
-5.00605
-5.00269
-4.99398
-4.98316
-4.9698
-4.95828
-4.94996
-4.94877
-4.9556
-4.9711
-4.99408
-5.02024
-5.04901
-5.07645
-5.09925
-5.11635
-5.12513
-5.12509
-5.11683
-5.10271
-5.08622
-5.07297
-5.06539
-5.06612
-5.07449
-5.08615
-5.09569
-5.09978
-5.09328
-5.07728
-5.05157
-5.01524
-4.97392
-4.93927
-4.91839
-4.91696
-4.9305
-4.94896
-4.96645
-4.98048
-4.99199
-5.00233
-5.00963
-5.01461
-5.01611
-5.01165
-5.0031
-4.98969
-4.97758
-4.96712
-4.96441
-4.97045
-4.9842
-5.00209
-5.02569
-5.04904
-5.06901
-5.08601
-5.09989
-5.11026
-5.11775
-5.12169
-5.12237
-5.11909
-5.11591
-5.11151
-5.10703
-5.10051
-5.09482
-5.08909
-5.08611
-5.08668
-5.09099
-5.09686
-5.10414
-5.11142
-5.11776
-5.12283
-5.12385
-5.12213
-5.11493
-5.10266
-5.08615
-5.06756
-5.05081
-5.03509
-5.02278
-5.01329
-5.00368
-4.99116
-4.97685
-4.9631
-4.95148
-4.94651
-4.94959
-4.95712
-4.96446
-4.96908
-4.96821
-4.96416
-4.95984
-4.95901
-4.96365
-4.97666
-4.99616
-5.02131
-5.04941
-5.07923
-5.11028
-5.1416
-5.17177
-5.19596
-5.21026
-5.21131
-5.20179
-5.18032
-5.15027
-5.11246
-5.07142
-5.03338
-5.0033
-4.98525
-4.98232
-4.99396
-5.0204
-5.05623
-5.09549
-5.13496
-5.16841
-5.19225
-5.20594
-5.20572
-5.19564
-5.17898
-5.16225
-5.14929
-5.14372
-5.14473
-5.14982
-5.15958
-5.17293
-5.18748
-5.20442
-5.22084
-5.23563
-5.24579
-5.25237
-5.25254
-5.24629
-5.23517
-5.21928
-5.19998
-5.17819
-5.15559
-5.1318
-5.10998
-5.08955
-5.07664
-5.07302
-5.07905
-5.09367
-5.11296
-5.13456
-5.15591
-5.17522
-5.19224
-5.20581
-5.21655
-5.22564
-5.23416
-5.23858
-5.2409
-5.23801
-5.23233
-5.2241
-5.21481
-5.20684
-5.19997
-5.19589
-5.1953
-5.19561
-5.1964
-5.19569
-5.19315
-5.18766
-5.17933
-5.16697
-5.15267
-5.13763
-5.12409
-5.11401
-5.1103
-5.11631
-5.13096
-5.15378
-5.18106
-5.20927
-5.23125
-5.24069
-5.23556
-5.21626
-5.18488
-5.14629
-5.10629
-5.07027
-5.0432
-5.02804
-5.02661
-5.03391
-5.04656
-5.06021
-5.07398
-5.0833
-5.08877
-5.09235
-5.09752
-5.10875
-5.12302
-5.14195
-5.1641
-5.18517
-5.20089
-5.2118
-5.21481
-5.2104
-5.20057
-5.18507
-5.16592
-5.14346
-5.12166
-5.10035
-5.0811
-5.06477
-5.05356
-5.04916
-5.05047
-5.05476
-5.06485
-5.0752
-5.08674
-5.0971
-5.10388
-5.10632
-5.10541
-5.10251
-5.09937
-5.09713
-5.09532
-5.09567
-5.09511
-5.0908
-5.08244
-5.06582
-5.04249
-5.01581
-4.99098
-4.97439
-4.96715
-4.97235
-4.98786
-5.0091
-5.03208
-5.0525
-5.06833
-5.07546
-5.07451
-5.06769
-5.05673
-5.04226
-5.02928
-5.02025
-5.01393
-5.01524
-5.01949
-5.02815
-5.03968
-5.05364
-5.06976
-5.0857
-5.10271
-5.11907
-5.13264
-5.1429
-5.15045
-5.15389
-5.1555
-5.15483
-5.1522
-5.15044
-5.14684
-5.14133
-5.13416
-5.13067
-5.13108
-5.13456
-5.13911
-5.14311
-5.14478
-5.14602
-5.14404
-5.13998
-5.13327
-5.12459
-5.11137
-5.09546
-5.07435
-5.04934
-5.02443
-5.00076
-4.98261
-4.9703
-4.96576
-4.96845
-4.97663
-4.99016
-5.0073
-5.02683
-5.04722
-5.06695
-5.0827
-5.09078
-5.09127
-5.08132
-5.0633
-5.03889
-5.01684
-4.99767
-4.98471
-4.9812
-4.98672
-4.99894
-5.0137
-5.02937
-5.04281
-5.05303
-5.06263
-5.07067
-5.07694
-5.07849
-5.07747
-5.07441
-5.06639
-5.056
-5.04061
-5.02293
-5.00671
-4.99604
-4.99421
-5.00274
-5.02027
-5.04606
-5.07539
-5.10818
-5.13754
-5.16197
-5.17868
-5.18817
-5.18903
-5.18184
-5.16846
-5.15324
-5.13635
-5.12172
-5.11123
-5.10191
-5.09623
-5.09357
-5.09086
-5.0911
-5.09133
-5.093
-5.09467
-5.09443
-5.09326
-5.09084
-5.08875
-5.08803
-5.0877
-5.08893
-5.09026
-5.09076
-5.08884
-5.08111
-5.06828
-5.05225
-5.03437
-5.01762
-5.00341
-4.99433
-4.98937
-4.98659
-4.98399
-4.98281
-4.98488
-4.98911
-4.9981
-5.01079
-5.02536
-5.0433
-5.06197
-5.07823
-5.09138
-5.10133
-5.10789
-5.11107
-5.11414
-5.11328
-5.10757
-5.0944
-5.07438
-5.04761
-5.01872
-4.99307
-4.97668
-4.97336
-4.98144
-4.9992
-5.01969
-5.03811
-5.05205
-5.0616
-5.06773
-5.07051
-5.07155
-5.07456
-5.07819
-5.08446
-5.09113
-5.09772
-5.10618
-5.11148
-5.11655
-5.11622
-5.11077
-5.09975
-5.08643
-5.07257
-5.06048
-5.05364
-5.05157
-5.05343
-5.05595
-5.05895
-5.06129
-5.06282
-5.0626
-5.0602
-5.05411
-5.04664
-5.03836
-5.03342
-5.03431
-5.03985
-5.04813
-5.05786
-5.06828
-5.07547
-5.08201
-5.08501
-5.08699
-5.08677
-5.08635
-5.08508
-5.08437
-5.08221
-5.07902
-5.07358
-5.06449
-5.05241
-5.0406
-5.03053
-5.02356
-5.01931
-5.01841
-5.01561
-5.01251
-5.00945
-5.00797
-5.00965
-5.01593
-5.0245
-5.03817
-5.05185
-5.06561
-5.07628
-5.0848
-5.08917
-5.08546
-5.07647
-5.0611
-5.04071
-5.01717
-4.99035
-4.96349
-4.93949
-4.91986
-4.90851
-4.90545
-4.91348
-4.92965
-4.9541
-4.9837
-5.01496
-5.04416
-5.07115
-5.09279
-5.10982
-5.11924
-5.12213
-5.12021
-5.11848
-5.11554
-5.11429
-5.11709
-5.12072
-5.12466
-5.12798
-5.12768
-5.12223
-5.1116
-5.1001
-5.08748
-5.07614
-5.0687
-5.06279
-5.05841
-5.05269
-5.04533
-5.03495
-5.02498
-5.01517
-5.00655
-5.00027
-4.99764
-4.998
-5.00105
-5.00507
-5.01115
-5.01953
-5.02707
-5.03255
-5.03397
-5.03064
-5.02319
-5.01234
-5.00074
-4.99147
-4.98726
-4.98952
-4.99432
-5.00219
-5.01082
-5.01893
-5.02433
-5.02549
-5.02275
-5.01736
-5.00871
-5.00065
-4.99415
-4.99125
-4.99202
-4.99889
-5.00991
-5.02187
-5.03645
-5.04872
-5.05758
-5.06093
-5.05982
-5.05184
-5.03919
-5.02368
-5.00756
-4.99407
-4.98615
-4.98467
-4.99053
-4.99998
-5.01363
-5.02735
-5.03971
-5.05061
-5.05796
-5.06317
-5.06719
-5.06812
-5.06834
-5.0679
-5.06585
-5.06382
-5.06023
-5.0562
-5.05143
-5.0486
-5.04587
-5.04248
-5.03844
-5.03418
-5.02697
-5.01554
-5.00265
-4.98985
-4.97963
-4.97493
-4.97793
-4.98787
-5.00532
-5.02421
-5.04469
-5.06522
-5.08529
-5.1051
-5.1228
-5.13891
-5.15264
-5.16183
-5.16568
-5.16262
-5.1525
-5.14054
-5.13026
-5.12097
-5.11099
-5.10001
-5.08573
-5.06814
-5.04887
-5.03253
-5.02077
-5.01849
-5.02234
-5.03302
-5.04473
-5.05361
-5.05626
-5.05294
-5.0421
-5.02651
-5.0074
-4.98864
-4.97274
-4.96305
-4.96263
-4.97621
-5.00345
-5.04079
-5.0824
-5.12129
-5.15547
-5.18238
-5.20008
-5.20893
-5.2069
-5.19644
-5.17909
-5.15635
-5.12998
-5.10335
-5.07592
-5.05361
-5.03473
-5.01932
-5.00905
-5.00528
-5.01005
-5.02504
-5.0504
-5.08079
-5.10972
-5.12869
-5.13502
-5.12627
-5.10581
-5.07714
-5.04485
-5.01697
-4.99576
-4.98272
-4.97847
-4.98281
-4.99294
-5.00625
-5.02115
-5.0349
-5.04842
-5.06107
-5.07238
-5.08399
-5.09573
-5.10652
-5.11704
-5.12499
-5.1289
-5.1266
-5.11674
-5.09933
-5.07446
-5.04462
-5.01499
-4.99237
-4.9835
-4.98965
-5.00524
-5.02346
-5.03583
-5.04267
-5.03845
-5.03071
-5.02107
-5.01476
-5.01299
-5.01667
-5.02206
-5.03129
-5.04252
-5.05407
-5.06461
-5.07331
-5.08074
-5.08643
-5.09226
-5.09726
-5.10138
-5.10758
-5.11759
-5.13051
-5.14541
-5.16068
-5.17366
-5.18221
-5.18734
-5.18747
-5.18414
-5.17806
-5.16922
-5.15814
-5.14417
-5.1286
-5.11395
-5.10694
-5.10942
-5.12102
-5.14096
-5.16218
-5.17994
-5.1915
-5.19616
-5.19425
-5.18402
-5.17038
-5.15185
-5.13028
-5.10823
-5.08447
-5.06358
-5.05119
-5.04362
-5.04395
-5.04713
-5.05334
-5.06213
-5.07162
-5.08204
-5.09073
-5.09765
-5.09764
-5.08842
-5.06888
-5.04227
-5.01145
-4.98383
-4.96328
-4.95333
-4.95518
-4.96791
-4.98754
-5.01375
-5.04154
-5.06927
-5.09292
-5.11153
-5.12359
-5.12713
-5.1244
-5.11308
-5.09857
-5.08197
-5.06825
-5.05808
-5.05332
-5.05366
-5.05602
-5.06073
-5.06752
-5.07845
-5.09148
-5.10927
-5.12756
-5.14551
-5.16122
-5.17458
-5.18477
-5.19266
-5.19623
-5.1939
-5.18651
-5.17302
-5.1554
-5.13861
-5.12359
-5.11328
-5.1084
-5.10649
-5.10744
-5.11074
-5.11645
-5.12489
-5.1351
-5.14435
-5.15253
-5.1572
-5.15865
-5.15344
-5.14163
-5.12086
-5.0939
-5.0616
-5.0269
-4.99161
-4.95863
-4.93231
-4.91751
-4.91511
-4.92321
-4.93748
-4.95416
-4.97399
-4.99792
-5.02367
-5.05239
-5.0818
-5.10867
-5.13529
-5.15866
-5.17942
-5.19605
-5.20801
-5.21321
-5.21216
-5.20324
-5.18562
-5.16256
-5.13413
-5.10209
-5.06972
-5.04066
-5.01746
-5.00132
-4.99668
-4.9995
-5.00931
-5.02163
-5.03465
-5.0483
-5.06287
-5.07712
-5.09544
-5.11344
-5.12945
-5.14063
-5.14467
-5.14294
-5.13565
-5.12447
-5.11117
-5.09957
-5.08706
-5.0721
-5.05354
-5.02954
-5.00569
-4.9842
-4.97036
-4.96668
-4.97727
-5.00196
-5.03631
-5.07749
-5.12202
-5.16463
-5.20067
-5.22566
-5.23882
-5.24271
-5.23872
-5.22877
-5.21499
-5.19746
-5.17605
-5.1504
-5.12538
-5.10433
-5.08911
-5.08171
-5.08251
-5.08913
-5.09997
-5.11421
-5.13124
-5.14885
-5.16794
-5.18447
-5.19861
-5.20524
-5.20533
-5.19641
-5.17897
-5.15646
-5.12951
-5.10371
-5.08122
-5.0647
-5.0567
-5.05286
-5.05498
-5.05888
-5.0662
-5.07409
-5.08452
-5.09615
-5.10929
-5.12254
-5.13622
-5.14758
-5.15181
-5.14788
-5.13559
-5.11922
-5.10467
-5.09823
-5.10306
-5.11816
-5.13785
-5.15692
-5.17178
-5.17786
-5.17623
-5.16766
-5.15425
-5.14001
-5.12631
-5.11718
-5.11342
-5.11218
-5.11392
-5.11553
-5.11632
-5.11642
-5.11757
-5.11993
-5.12262
-5.12817
-5.13416
-5.14363
-5.1547
-5.16543
-5.17397
-5.17929
-5.17932
-5.17599
-5.16839
-5.15866
-5.14654
-5.13451
-5.12264
-5.11184
-5.09891
-5.08368
-5.06362
-5.0417
-5.01945
-5.00091
-4.98921
-4.9859
-4.99166
-5.00276
-5.0167
-5.03113
-5.04515
-5.06068
-5.07756
-5.0975
-5.11781
-5.14004
-5.16216
-5.18343
-5.20188
-5.21919
-5.23208
-5.24382
-5.25222
-5.25571
-5.25057
-5.23776
-5.21351
-5.1786
-5.13713
-5.09169
-5.04719
-5.00935
-4.98239
-4.96551
-4.95871
-4.96114
-4.97043
-4.98564
-5.00695
-5.03605
-5.07155
-5.10871
-5.14119
-5.16462
-5.17548
-5.17555
-5.16392
-5.14744
-5.13107
-5.11673
-5.10973
-5.1106
-5.11621
-5.12628
-5.13941
-5.15474
-5.16904
-5.1837
-5.19835
-5.21255
-5.22496
-5.23827
-5.24816
-5.25571
-5.26101
-5.26442
-5.26409
-5.25833
-5.24616
-5.22767
-5.20151
-5.17135
-5.14107
-5.11599
-5.09696
-5.08121
-5.06824
-5.05537
-5.04337
-5.035
-5.03024
-5.02998
-5.03216
-5.03542
-5.03715
-5.0363
-5.03171
-5.02354
-5.01403
-5.00658
-5.00491
-5.00933
-5.0219
-5.03965
-5.05938
-5.07605
-5.08622
-5.09243
-5.09209
-5.08674
-5.07795
-5.06533
-5.04739
-5.0265
-5.00423
-4.98488
-4.97256
-4.97472
-4.99331
-5.02604
-5.06839
-5.11053
-5.14786
-5.17878
-5.20146
-5.21584
-5.22367
-5.22702
-5.22382
-5.21702
-5.20655
-5.19651
-5.18574
-5.1767
-5.16608
-5.15782
-5.14837
-5.13801
-5.12904
-5.12132
-5.11621
-5.11531
-5.11818
-5.12435
-5.12825
-5.1278
-5.12152
-5.10811
-5.08914
-5.06716
-5.04337
-5.02134
-5.00359
-4.98951
-4.98081
-4.97616
-4.97523
-4.9773
-4.97826
-4.97814
-4.97565
-4.97136
-4.9657
-4.96168
-4.95956
-4.95959
-4.9578
-4.95065
-4.93851
-4.92388
-4.91587
-4.91859
-4.93572
-4.96253
-4.99248
-5.01939
-5.03866
-5.04903
-5.05394
-5.05655
-5.05787
-5.05921
-5.05982
-5.05976
-5.05702
-5.054
-5.05228
-5.05465
-5.0606
-5.06678
-5.07359
-5.07727
-5.0752
-5.06821
-5.05645
-5.04297
-5.03019
-5.02212
-5.0215
-5.02929
-5.04276
-5.06128
-5.08015
-5.09833
-5.11244
-5.11936
-5.11835
-5.10938
-5.09393
-5.07408
-5.0509
-5.02739
-5.00567
-4.98601
-4.97825
-4.98444
-5.00806
-5.04618
-5.09028
-5.13269
-5.16826
-5.19199
-5.20386
-5.20304
-5.19298
-5.17444
-5.15324
-5.13012
-5.10955
-5.09184
-5.07693
-5.0656
-5.0566
-5.04824
-5.04281
-5.04012
-5.04509
-5.05515
-5.07089
-5.09326
-5.11728
-5.14137
-5.16121
-5.17461
-5.17714
-5.16929
-5.15211
-5.12697
-5.09941
-5.07226
-5.05147
-5.03885
-5.03424
-5.03876
-5.04705
-5.05571
-5.06239
-5.06366
-5.06426
-5.06527
-5.06764
-5.07169
-5.07565
-5.08002
-5.08508
-5.09277
-5.10423
-5.11757
-5.12902
-5.13674
-5.14066
-5.14027
-5.13636
-5.12737
-5.1148
-5.09746
-5.07781
-5.05627
-5.03627
-5.01742
-5.00185
-4.99107
-4.98302
-4.97741
-4.97263
-4.96799
-4.96476
-4.96545
-4.97152
-4.98525
-5.00266
-5.01905
-5.03085
-5.03414
-5.03255
-5.02458
-5.01483
-5.01008
-5.00823
-5.01234
-5.01981
-5.027
-5.03488
-5.04177
-5.04813
-5.05238
-5.05683
-5.05938
-5.06096
-5.06167
-5.06237
-5.06043
-5.05813
-5.05495
-5.0515
-5.0488
-5.04699
-5.04756
-5.05117
-5.06025
-5.07352
-5.08773
-5.10059
-5.11087
-5.11456
-5.10918
-5.09548
-5.07363
-5.04768
-5.02323
-5.00446
-4.99299
-4.98881
-4.98862
-4.98859
-4.98591
-4.98165
-4.97642
-4.97094
-4.96851
-4.96946
-4.97447
-4.98461
-4.99809
-5.01408
-5.02986
-5.04377
-5.05388
-5.06048
-5.06515
-5.07081
-5.07687
-5.08438
-5.09167
-5.09787
-5.09975
-5.09629
-5.08415
-5.06282
-5.03201
-4.99518
-4.95691
-4.92474
-4.90629
-4.90245
-4.90924
-4.92042
-4.9296
-4.93563
-4.93623
-4.93187
-4.92345
-4.91436
-4.90572
-4.90246
-4.90695
-4.91981
-4.94184
-4.9696
-4.99643
-5.01486
-5.02382
-5.02568
-5.02219
-5.01695
-5.0141
-5.01703
-5.02325
-5.0345
-5.05086
-5.06905
-5.08711
-5.10203
-5.11583
-5.12569
-5.13322
-5.14058
-5.14788
-5.15572
-5.16169
-5.16342
-5.16163
-5.15601
-5.14535
-5.13191
-5.11633
-5.09929
-5.0818
-5.06225
-5.04062
-5.0196
-4.99969
-4.98292
-4.97136
-4.96686
-4.96666
-4.97265
-4.98282
-4.99614
-5.01466
-5.03575
-5.06094
-5.08888
-5.11834
-5.14998
-5.17951
-5.20682
-5.22561
-5.23761
-5.24115
-5.23357
-5.21585
-5.19473
-5.17196
-5.15405
-5.14311
-5.14054
-5.14642
-5.15861
-5.17246
-5.18424
-5.19173
-5.19332
-5.18986
-5.18125
-5.16905
-5.1554
-5.14052
-5.12322
-5.10703
-5.09279
-5.08358
-5.08089
-5.08586
-5.09838
-5.11593
-5.13652
-5.15797
-5.17663
-5.19186
-5.20076
-5.20179
-5.19588
-5.18643
-5.172
-5.15703
-5.14476
-5.13447
-5.13039
-5.13096
-5.13481
-5.13882
-5.14218
-5.14329
-5.14381
-5.14549
-5.14775
-5.15124
-5.15442
-5.15405
-5.15121
-5.14392
-5.1301
-5.11033
-5.08484
-5.05611
-5.03061
-5.01549
-5.01365
-5.02556
-5.04431
-5.06156
-5.0719
-5.07447
-5.0712
-5.06387
-5.05597
-5.05255
-5.05445
-5.06274
-5.07611
-5.09285
-5.11075
-5.12477
-5.13631
-5.14422
-5.14979
-5.15195
-5.1545
-5.15452
-5.15411
-5.15335
-5.15225
-5.14858
-5.14048
-5.12505
-5.10275
-5.07581
-5.04704
-5.02228
-5.0046
-4.99473
-4.99524
-5.00258
-5.01859
-5.03912
-5.06484
-5.08954
-5.11089
-5.12754
-5.13678
-5.13759
-5.13319
-5.121
-5.1076
-5.09203
-5.07633
-5.0591
-5.0402
-5.01942
-4.99371
-4.96744
-4.93997
-4.91901
-4.90574
-4.90653
-4.91862
-4.93874
-4.96237
-4.98397
-5.00293
-5.01517
-5.02115
-5.02112
-5.01484
-5.00579
-4.99829
-4.99273
-4.9875
-4.98263
-4.97578
-4.96935
-4.96735
-4.97259
-4.98595
-5.00537
-5.02642
-5.04516
-5.06096
-5.07584
-5.09149
-5.10577
-5.12074
-5.13284
-5.14337
-5.15086
-5.15647
-5.16111
-5.16379
-5.16485
-5.16331
-5.1583
-5.15055
-5.14117
-5.13139
-5.12278
-5.11687
-5.11165
-5.10736
-5.10221
-5.09683
-5.09206
-5.08616
-5.08243
-5.0828
-5.08358
-5.08808
-5.09542
-5.10583
-5.11736
-5.1298
-5.13899
-5.14316
-5.14142
-5.13495
-5.12484
-5.11539
-5.10897
-5.10824
-5.11009
-5.11131
-5.1103
-5.10303
-5.09123
-5.07656
-5.06094
-5.04738
-5.03862
-5.03534
-5.0382
-5.04538
-5.0566
-5.07001
-5.08152
-5.09038
-5.09386
-5.09071
-5.0786
-5.06105
-5.03858
-5.01442
-4.99234
-4.97376
-4.96261
-4.96135
-4.9718
-4.99314
-5.02268
-5.05909
-5.09707
-5.13311
-5.16163
-5.17893
-5.18297
-5.1736
-5.15443
-5.13039
-5.10914
-5.09796
-5.1041
-5.12511
-5.15474
-5.18645
-5.21134
-5.22678
-5.23017
-5.22396
-5.20497
-5.1784
-5.14819
-5.11665
-5.08883
-5.06953
-5.06117
-5.06355
-5.07383
-5.09055
-5.10595
-5.12071
-5.13302
-5.14034
-5.14426
-5.14654
-5.14811
-5.14793
-5.14754
-5.1429
-5.13197
-5.11296
-5.08251
-5.04005
-4.9918
-4.94199
-4.90062
-4.87572
-4.87158
-4.88941
-4.9257
-4.96983
-5.01732
-5.06124
-5.09747
-5.12454
-5.14312
-5.15273
-5.15819
-5.15981
-5.15976
-5.16013
-5.15636
-5.14721
-5.13145
-5.11073
-5.08585
-5.05843
-5.03464
-5.0157
-5.0038
-4.99778
-5.00004
-5.00611
-5.01445
-5.0249
-5.03596
-5.04559
-5.05434
-5.05788
-5.05842
-5.05736
-5.05336
-5.04763
-5.03946
-5.03209
-5.02661
-5.02637
-5.03468
-5.05073
-5.07511
-5.10393
-5.13515
-5.16693
-5.19484
-5.21869
-5.23422
-5.24111
-5.23854
-5.22947
-5.21596
-5.20071
-5.18792
-5.17789
-5.17053
-5.16597
-5.16586
-5.16898
-5.1757
-5.18354
-5.19078
-5.19642
-5.20039
-5.20235
-5.20143
-5.19691
-5.1912
-5.18339
-5.17318
-5.16277
-5.15008
-5.1364
-5.12406
-5.11153
-5.09968
-5.0893
-5.07902
-5.07049
-5.06001
-5.04973
-5.03822
-5.02783
-5.01814
-5.00778
-4.99834
-4.98989
-4.98411
-4.98318
-4.9883
-5.00115
-5.01975
-5.03929
-5.05816
-5.07106
-5.07575
-5.07023
-5.06014
-5.04576
-5.03241
-5.02298
-5.01383
-5.00806
-4.99932
-4.98724
-4.9726
-4.96034
-4.95299
-4.95466
-4.96358
-4.97627
-4.99037
-5.00401
-5.01411
-5.02343
-5.02957
-5.03544
-5.04299
-5.05144
-5.06246
-5.07428
-5.08857
-5.10396
-5.12081
-5.137
-5.15315
-5.16936
-5.18405
-5.19516
-5.20224
-5.20317
-5.19854
-5.19094
-5.18162
-5.17326
-5.166
-5.15842
-5.14756
-5.13348
-5.11684
-5.09567
-5.075
-5.0553
-5.03954
-5.02935
-5.02519
-5.02426
-5.02658
-5.02807
-5.02912
-5.02718
-5.02281
-5.02112
-5.02153
-5.0263
-5.03456
-5.04303
-5.04821
-5.04816
-5.04198
-5.03116
-5.01854
-5.00653
-4.99622
-4.98796
-4.98385
-4.98107
-4.98107
-4.98475
-4.99203
-5.00453
-5.01954
-5.03747
-5.05301
-5.06621
-5.0769
-5.08345
-5.08662
-5.08616
-5.08176
-5.07553
-5.06933
-5.06225
-5.05454
-5.04783
-5.04001
-5.03222
-5.02476
-5.01571
-5.00527
-4.99326
-4.98169
-4.97231
-4.96726
-4.96642
-4.9692
-4.97323
-4.97672
-4.97868
-4.98314
-4.99356
-5.00954
-5.03208
-5.05687
-5.08069
-5.09783
-5.10843
-5.11317
-5.11383
-5.11245
-5.11188
-5.11252
-5.11561
-5.12015
-5.12619
-5.13399
-5.14099
-5.14642
-5.14877
-5.14716
-5.14073
-5.12921
-5.11327
-5.09415
-5.07369
-5.05597
-5.04384
-5.04142
-5.04685
-5.05584
-5.06399
-5.06443
-5.0568
-5.04282
-5.02389
-5.00217
-4.98097
-4.96042
-4.94291
-4.9289
-4.91919
-4.91571
-4.91911
-4.93003
-4.94575
-4.96829
-4.99439
-5.02124
-5.04764
-5.07086
-5.09109
-5.10919
-5.12239
-5.13146
-5.13683
-5.13708
-5.13024
-5.11637
-5.09793
-5.07511
-5.0539
-5.03667
-5.03138
-5.03626
-5.05058
-5.07085
-5.09207
-5.10915
-5.11854
-5.11676
-5.10647
-5.08646
-5.05813
-5.02677
-4.99845
-4.97859
-4.96947
-4.97382
-4.99168
-5.01758
-5.04841
-5.08115
-5.11023
-5.13563
-5.15547
-5.16891
-5.1746
-5.17501
-5.17123
-5.16358
-5.15623
-5.14754
-5.13785
-5.12969
-5.12155
-5.11351
-5.1047
-5.09362
-5.07968
-5.06243
-5.04209
-5.01975
-4.99689
-4.97805
-4.96389
-4.95496
-4.95265
-4.95305
-4.95717
-4.96261
-4.96874
-4.97475
-4.97913
-4.98156
-4.98071
-4.97562
-4.97013
-4.9665
-4.96522
-4.96959
-4.97705
-4.98709
-5.00048
-5.01589
-5.03222
-5.0498
-5.06861
-5.08389
-5.09924
-5.1102
-5.12018
-5.12551
-5.12697
-5.12549
-5.11959
-5.11074
-5.09924
-5.08765
-5.07629
-5.0701
-5.06707
-5.06705
-5.06789
-5.06696
-5.06468
-5.06095
-5.05611
-5.05219
-5.05067
-5.05138
-5.05394
-5.0562
-5.05878
-5.06221
-5.06608
-5.07091
-5.07661
-5.08319
-5.09002
-5.10027
-5.11396
-5.13094
-5.15048
-5.17121
-5.19118
-5.20924
-5.22303
-5.22916
-5.22872
-5.21838
-5.19956
-5.17567
-5.14873
-5.12216
-5.10078
-5.08218
-5.06981
-5.0617
-5.05687
-5.05179
-5.04439
-5.03205
-5.01449
-4.99236
-4.96958
-4.94907
-4.9371
-4.93598
-4.94659
-4.96458
-4.98856
-5.01545
-5.0414
-5.06507
-5.09046
-5.11206
-5.13063
-5.14431
-5.15211
-5.15445
-5.15134
-5.14397
-5.13544
-5.1266
-5.11889
-5.1139
-5.11305
-5.11502
-5.11882
-5.12039
-5.11816
-5.11063
-5.09771
-5.08076
-5.06117
-5.04122
-5.02434
-5.01417
-5.0113
-5.01643
-5.02932
-5.0469
-5.06954
-5.09406
-5.1173
-5.1377
-5.15569
-5.16896
-5.17783
-5.18122
-5.17911
-5.16957
-5.15454
-5.13582
-5.11521
-5.0941
-5.07244
-5.0525
-5.03762
-5.02932
-5.02996
-5.03903
-5.05162
-5.06573
-5.07916
-5.08704
-5.09448
-5.09921
-5.10164
-5.10238
-5.10218
-5.10256
-5.10562
-5.1135
-5.12643
-5.14117
-5.15972
-5.17811
-5.1949
-5.20834
-5.21778
-5.22179
-5.22207
-5.21873
-5.21023
-5.20009
-5.18946
-5.17926
-5.16848
-5.15686
-5.1446
-5.12953
-5.11473
-5.10027
-5.09005
-5.08277
-5.07679
-5.0711
-5.06399
-5.05624
-5.04744
-5.04083
-5.03887
-5.04449
-5.05672
-5.07194
-5.08698
-5.09764
-5.10653
-5.11269
-5.11581
-5.11754
-5.11725
-5.1169
-5.11547
-5.11342
-5.11288
-5.11302
-5.11505
-5.11798
-5.12406
-5.13065
-5.13836
-5.14508
-5.14932
-5.15013
-5.14538
-5.13472
-5.12087
-5.10368
-5.08432
-5.06432
-5.04626
-5.03244
-5.02262
-5.01759
-5.0176
-5.02197
-5.02956
-5.04073
-5.05892
-5.07985
-5.09807
-5.11069
-5.1181
-5.11736
-5.11207
-5.10397
-5.09648
-5.08832
-5.08086
-5.07606
-5.07171
-5.06686
-5.05959
-5.05283
-5.04718
-5.04257
-5.03925
-5.03897
-5.04146
-5.04699
-5.05597
-5.0654
-5.07542
-5.08542
-5.09406
-5.10009
-5.10622
-5.10948
-5.10917
-5.10906
-5.10683
-5.10361
-5.09934
-5.0975
-5.0952
-5.09574
-5.09909
-5.10542
-5.11375
-5.12311
-5.12948
-5.13248
-5.12739
-5.11596
-5.09987
-5.0808
-5.06533
-5.0576
-5.06174
-5.07403
-5.08969
-5.1026
-5.10931
-5.1075
-5.09767
-5.08397
-5.06709
-5.05124
-5.03916
-5.03405
-5.03628
-5.0413
-5.04746
-5.05277
-5.05293
-5.04581
-5.03249
-5.01487
-4.9932
-4.97061
-4.95031
-4.93504
-4.92688
-4.9267
-4.93458
-4.94968
-4.96923
-4.98886
-5.00795
-5.02189
-5.03268
-5.04131
-5.04766
-5.0497
-5.04819
-5.04327
-5.03662
-5.02953
-5.02254
-5.01846
-5.01799
-5.02173
-5.02784
-5.03302
-5.03465
-5.03313
-5.02558
-5.01527
-5.00395
-4.9949
-4.98968
-4.988
-4.99022
-4.99534
-5.00264
-5.01165
-5.02325
-5.0344
-5.04656
-5.05771
-5.06794
-5.07938
-5.09307
-5.10986
-5.12734
-5.14421
-5.15621
-5.16081
-5.15847
-5.14545
-5.12571
-5.09913
-5.06964
-5.04195
-5.01958
-5.00532
-4.99698
-4.99409
-4.99348
-4.99216
-4.98945
-4.98377
-4.97693
-4.96839
-4.95539
-4.94101
-4.92928
-4.91969
-4.91759
-4.92245
-4.93676
-4.95988
-4.99049
-5.02485
-5.05935
-5.08973
-5.11358
-5.12843
-5.13469
-5.13347
-5.12758
-5.11692
-5.10898
-5.10304
-5.10025
-5.1013
-5.1031
-5.10499
-5.10469
-5.1019
-5.09845
-5.09646
-5.09369
-5.09037
-5.08517
-5.07776
-5.06688
-5.05741
-5.04673
-5.03677
-5.02451
-5.0104
-4.99795
-4.98753
-4.9817
-4.98171
-4.98686
-4.99481
-5.00226
-5.00847
-5.01236
-5.01478
-5.01914
-5.02645
-5.03665
-5.05076
-5.06777
-5.08604
-5.10616
-5.12696
-5.14797
-5.1683
-5.1848
-5.19253
-5.19055
-5.18009
-5.16262
-5.14098
-5.11752
-5.09466
-5.07229
-5.04939
-5.03163
-5.01917
-5.01234
-5.01387
-5.02318
-5.03835
-5.05539
-5.07376
-5.08936
-5.09843
-5.10302
-5.10018
-5.09195
-5.07967
-5.06679
-5.05402
-5.04448
-5.03759
-5.03285
-5.02767
-5.0246
-5.02227
-5.02248
-5.02408
-5.02889
-5.03704
-5.0461
-5.05325
-5.05745
-5.05823
-5.05427
-5.04634
-5.03376
-5.01799
-5.00179
-4.98939
-4.9848
-4.98573
-4.99178
-4.99924
-5.00559
-5.00749
-5.00291
-4.99297
-4.97938
-4.96594
-4.95901
-4.95696
-4.96007
-4.96402
-4.9678
-4.97078
-4.97271
-4.9761
-4.98214
-4.99137
-5.00639
-5.02616
-5.04962
-5.0761
-5.10097
-5.12208
-5.13643
-5.14466
-5.14685
-5.14563
-5.14047
-5.13268
-5.12377
-5.11022
-5.0939
-5.07707
-5.05872
-5.04218
-5.02883
-5.02131
-5.01589
-5.01218
-5.00747
-5.00349
-5.00354
-5.01021
-5.02135
-5.03521
-5.0478
-5.05748
-5.05925
-5.0534
-5.04094
-5.0228
-5.00173
-4.97906
-4.96027
-4.94875
-4.94564
-4.94969
-4.9587
-4.96716
-4.97295
-4.97545
-4.97481
-4.97141
-4.96823
-4.96586
-4.96727
-4.97165
-4.98326
-4.9995
-5.01824
-5.03509
-5.04602
-5.04816
-5.04341
-5.03377
-5.0219
-5.01261
-5.00551
-5.00318
-5.00767
-5.01828
-5.03661
-5.06019
-5.08574
-5.10659
-5.12283
-5.12965
-5.12917
-5.12256
-5.11311
-5.10277
-5.09234
-5.07956
-5.06748
-5.0543
-5.03957
-5.0281
-5.01809
-5.01264
-5.00818
-5.00548
-5.00328
-5.00068
-4.99742
-4.99528
-4.99406
-4.99417
-4.99396
-4.99326
-4.99144
-4.98703
-4.98154
-4.97582
-4.97094
-4.96991
-4.97112
-4.97051
-4.96877
-4.96509
-4.96015
-4.95888
-4.96201
-4.97405
-4.9934
-5.01968
-5.05071
-5.0798
-5.10501
-5.12214
-5.13164
-5.13116
-5.12358
-5.10961
-5.09271
-5.07526
-5.05966
-5.04719
-5.0366
-5.03107
-5.02969
-5.03302
-5.03875
-5.04462
-5.05182
-5.05885
-5.06414
-5.06725
-5.07127
-5.07538
-5.08063
-5.08539
-5.09039
-5.09342
-5.09513
-5.09407
-5.08919
-5.08602
-5.08449
-5.0861
-5.09101
-5.09882
-5.10626
-5.11251
-5.11499
-5.11113
-5.10374
-5.09228
-5.0789
-5.06534
-5.05494
-5.04961
-5.04916
-5.05425
-5.06272
-5.07344
-5.08574
-5.0967
-5.10574
-5.11473
-5.1186
-5.11961
-5.1183
-5.11036
-5.09842
-5.08124
-5.05961
-5.02991
-4.9974
-4.96105
-4.92654
-4.89817
-4.88065
-4.87703
-4.88729
-4.90516
-4.92943
-4.95229
-4.96992
-4.98131
-4.98634
-4.98559
-4.97979
-4.97197
-4.96409
-4.95594
-4.94932
-4.94473
-4.94086
-4.93861
-4.93841
-4.94251
-4.95099
-4.96529
-4.98656
-5.00691
-5.02655
-5.03979
-5.04656
-5.04689
-5.04292
-5.0372
-5.03229
-5.03142
-5.03387
-5.03715
-5.04237
-5.04704
-5.05012
-5.05487
-5.06004
-5.07184
-5.08831
-5.10694
-5.12378
-5.13439
-5.13661
-5.12905
-5.112
-5.0864
-5.05498
-5.02049
-4.98697
-4.95669
-4.93638
-4.92868
-4.93473
-4.95075
-4.97262
-4.99848
-5.02336
-5.05033
-5.0787
-5.10424
-5.1288
-5.14585
-5.15614
-5.15775
-5.14987
-5.13826
-5.1251
-5.11647
-5.11263
-5.11337
-5.11715
-5.12228
-5.12694
-5.13126
-5.13297
-5.13141
-5.12739
-5.1206
-5.11064
-5.0981
-5.08275
-5.06595
-5.04624
-5.02558
-5.00523
-4.9846
-4.96382
-4.94346
-4.92304
-4.9047
-4.88787
-4.87577
-4.86999
-4.87127
-4.87899
-4.89464
-4.91688
-4.94542
-4.97697
-5.01003
-5.04019
-5.06515
-5.08493
-5.09484
-5.09418
-5.08558
-5.06955
-5.04758
-5.02173
-4.99352
-4.96646
-4.94329
-4.93088
-4.93088
-4.94414
-4.9672
-4.99729
-5.02782
-5.05842
-5.08627
-5.1093
-5.1285
-5.14162
-5.14773
-5.14863
-5.14477
-5.13675
-5.126
-5.11061
-5.09147
-5.07053
-5.04788
-5.0265
-5.00975
-5.00031
-4.99826
-5.00277
-5.01465
-5.03194
-5.05228
-5.07523
-5.09599
-5.11377
-5.12471
-5.1267
-5.11817
-5.10116
-5.07809
-5.05297
-5.0309
-5.01405
-5.0035
-4.99943
-4.99963
-5.00379
-5.00824
-5.01519
-5.02165
-5.02858
-5.03227
-5.03514
-5.03695
-5.03465
-5.03006
-5.02261
-5.0134
-5.0062
-5.00193
-5.00225
-5.00806
-5.02045
-5.03689
-5.0514
-5.05882
-5.05533
-5.03909
-5.01429
-4.98684
-4.96189
-4.94502
-4.94236
-4.95483
-4.98326
-5.02381
-5.06938
-5.1162
-5.1591
-5.19277
-5.21591
-5.22836
-5.23009
-5.22385
-5.20916
-5.19004
-5.16948
-5.15148
-5.13855
-5.13241
-5.13103
-5.12982
-5.12412
-5.1141
-5.10041
-5.08681
-5.07148
-5.05911
-5.04906
-5.03988
-5.03171
-5.02192
-5.00929
-4.99178
-4.97174
-4.95338
-4.93929
-4.93067
-4.92791
-4.92983
-4.92977
-4.9268
-4.92432
-4.92095
-4.92394
-4.93448
-4.9497
-4.96683
-4.98401
-4.99495
-5.0024
-5.00674
-5.00876
-5.00981
-5.01115
-5.01257
-5.01643
-5.02178
-5.02745
-5.03511
-5.04351
-5.05089
-5.0568
-5.06258
-5.06646
-5.06934
-5.07293
-5.07406
-5.074
-5.07175
-5.06675
-5.05561
-5.04016
-5.02018
-4.9961
-4.97203
-4.95129
-4.93702
-4.93148
-4.93188
-4.94014
-4.95297
-4.96906
-4.98791
-5.00687
-5.024
-5.03911
-5.05291
-5.06687
-5.07905
-5.09375
-5.10576
-5.11316
-5.11638
-5.1172
-5.11311
-5.10776
-5.10022
-5.09618
-5.09551
-5.10138
-5.11326
-5.13288
-5.15952
-5.18761
-5.21325
-5.23232
-5.24034
-5.23643
-5.22001
-5.19278
-5.15548
-5.1143
-5.07129
-5.02758
-4.98731
-4.95475
-4.93022
-4.91853
-4.9224
-4.9437
-4.97787
-5.02012
-5.06068
-5.09664
-5.12444
-5.14862
-5.16961
-5.19237
-5.21522
-5.23944
-5.26227
-5.27869
-5.28834
-5.29053
-5.2869
-5.27532
-5.25722
-5.23212
-5.20114
-5.16515
-5.12494
-5.08388
-5.04531
-5.01079
-4.9846
-4.97141
-4.97255
-4.98432
-5.0034
-5.02604
-5.04423
-5.05638
-5.06004
-5.05545
-5.04294
-5.02911
-5.0181
-5.01241
-5.0147
-5.02305
-5.03299
-5.04317
-5.05358
-5.06186
-5.07078
-5.08015
-5.09165
-5.10729
-5.12667
-5.14591
-5.16602
-5.18462
-5.20047
-5.21124
-5.21341
-5.21051
-5.20072
-5.18535
-5.16782
-5.14766
-5.12978
-5.11545
-5.10591
-5.10608
-5.11405
-5.12756
-5.14499
-5.1618
-5.175
-5.18385
-5.189
-5.18933
-5.18425
-5.17481
-5.1617
-5.14429
-5.12663
-5.1087
-5.09223
-5.082
-5.07769
-5.07744
-5.08146
-5.0867
-5.0959
-5.10916
-5.12809
-5.15165
-5.17199
-5.18648
-5.19173
-5.18838
-5.18044
-5.17197
-5.16365
-5.15413
-5.14578
-5.13497
-5.12256
-5.1078
-5.09201
-5.07466
-5.0543
-5.02959
-5.01024
-5.00996
-5.04233
-5.08818
-5.12722
-5.14808
-5.15236
-5.14482
-5.13257
-5.11506
-5.09549
-5.07439
-5.05094
-5.028
-5.00818
-4.99586
-4.99229
-4.9993
-5.01257
-5.03148
-5.05306
-5.07769
-5.10294
-5.1274
-5.14993
-5.16625
-5.17519
-5.17689
-5.17117
-5.15883
-5.14263
-5.12562
-5.11141
-5.10006
-5.09159
-5.08585
-5.08424
-5.08564
-5.0902
-5.09502
-5.09831
-5.09692
-5.09237
-5.08473
-5.07381
-5.06236
-5.0523
-5.04611
-5.04217
-5.04229
-5.04909
-5.06077
-5.0739
-5.08669
-5.09731
-5.10286
-5.10419
-5.09993
-5.09279
-5.08179
-5.0714
-5.06275
-5.05781
-5.0586
-5.0639
-5.0717
-5.08044
-5.08676
-5.08952
-5.0887
-5.08583
-5.08057
-5.07349
-5.06426
-5.05061
-5.03801
-5.0291
-5.02744
-5.03783
-5.05598
-5.07764
-5.09482
-5.1056
-5.10857
-5.10527
-5.09714
-5.08503
-5.06918
-5.05106
-5.0287
-5.00687
-4.9843
-4.96353
-4.94934
-4.94235
-4.9459
-4.95956
-4.98045
-5.00656
-5.03246
-5.05568
-5.07352
-5.085
-5.08933
-5.08795
-5.08522
-5.08574
-5.09244
-5.10507
-5.12157
-5.13828
-5.15008
-5.15691
-5.15787
-5.15627
-5.15126
-5.14455
-5.13883
-5.13144
-5.12244
-5.10998
-5.09206
-5.06587
-5.0347
-4.99765
-4.95989
-4.92507
-4.90002
-4.89059
-4.89867
-4.92535
-4.96182
-4.99757
-5.0293
-5.05345
-5.0681
-5.07738
-5.08401
-5.0913
-5.0985
-5.10253
-5.10206
-5.0976
-5.08838
-5.07619
-5.06463
-5.05506
-5.04836
-5.04676
-5.04728
-5.04801
-5.04512
-5.04008
-5.02937
-5.01301
-4.9944
-4.97269
-4.95255
-4.93494
-4.91896
-4.91092
-4.90894
-4.91449
-4.92576
-4.94241
-4.9627
-4.98407
-5.00493
-5.02347
-5.03678
-5.04473
-5.04649
-5.039
-5.02588
-5.00996
-4.99289
-4.97825
-4.9691
-4.96334
-4.96058
-4.9598
-4.95721
-4.95457
-4.95123
-4.94726
-4.94318
-4.9397
-4.93766
-4.93768
-4.94347
-4.95447
-4.96896
-4.98743
-5.00483
-5.019
-5.02904
-5.03429
-5.03564
-5.03622
-5.0382
-5.04131
-5.04694
-5.05466
-5.0618
-5.06656
-5.06367
-5.05565
-5.04051
-5.02092
-5.00313
-4.98943
-4.98295
-4.98179
-4.98379
-4.98911
-4.99452
-5.00101
-5.00841
-5.01866
-5.02968
-5.04194
-5.05178
-5.05843
-5.06091
-5.06068
-5.05929
-5.06078
-5.0649
-5.07125
-5.07766
-5.08146
-5.08137
-5.07844
-5.07346
-5.06578
-5.0608
-5.05739
-5.05946
-5.06976
-5.08571
-5.1052
-5.12603
-5.14504
-5.16112
-5.17283
-5.18275
-5.18909
-5.19383
-5.19549
-5.19469
-5.18689
-5.17323
-5.15183
-5.12326
-5.08934
-5.05173
-5.01503
-4.98
-4.95057
-4.9295
-4.91987
-4.92229
-4.93686
-4.96322
-4.99568
-5.02792
-5.05821
-5.08132
-5.09807
-5.1069
-5.10835
-5.10396
-5.09619
-5.08996
-5.08826
-5.08942
-5.09623
-5.10663
-5.11988
-5.13506
-5.15266
-5.17092
-5.18602
-5.19769
-5.20099
-5.19612
-5.18277
-5.16216
-5.13606
-5.1068
-5.07756
-5.0516
-5.02996
-5.01639
-5.01185
-5.01568
-5.02756
-5.04456
-5.06335
-5.08259
-5.10128
-5.11676
-5.13086
-5.14209
-5.15235
-5.15936
-5.16405
-5.16518
-5.1624
-5.15615
-5.14752
-5.13673
-5.12502
-5.11678
-5.11103
-5.10856
-5.10849
-5.11089
-5.11161
-5.10952
-5.10669
-5.10066
-5.09499
-5.0896
-5.08321
-5.07668
-5.06916
-5.06169
-5.05574
-5.0505
-5.04412
-5.03575
-5.02566
-5.01586
-5.00809
-5.00621
-5.00831
-5.01341
-5.02251
-5.0329
-5.0425
-5.05058
-5.05977
-5.06771
-5.07359
-5.07633
-5.07629
-5.07679
-5.08188
-5.09286
-5.10971
-5.13033
-5.14938
-5.16068
-5.16203
-5.15399
-5.13876
-5.11947
-5.09869
-5.08331
-5.0734
-5.07191
-5.07748
-5.08923
-5.1031
-5.11346
-5.11842
-5.11784
-5.11319
-5.10332
-5.09013
-5.07205
-5.05179
-5.03133
-5.01156
-4.9943
-4.98191
-4.9759
-4.97623
-4.9847
-4.99675
-5.0115
-5.03012
-5.05153
-5.07311
-5.09275
-5.10991
-5.12287
-5.13056
-5.1349
-5.13545
-5.13512
-5.13245
-5.12831
-5.12402
-5.11747
-5.11026
-5.10164
-5.09296
-5.08622
-5.08126
-5.07786
-5.07706
-5.07384
-5.06758
-5.05468
-5.03706
-5.01332
-4.98961
-4.96963
-4.95356
-4.94318
-4.93843
-4.94015
-4.94503
-4.95143
-4.96112
-4.97157
-4.98085
-4.98754
-4.99114
-4.99056
-4.98444
-4.9767
-4.96944
-4.96715
-4.97272
-4.98533
-5.00432
-5.02752
-5.05169
-5.07397
-5.0903
-5.1003
-5.10338
-5.10032
-5.09221
-5.08053
-5.06844
-5.05607
-5.04472
-5.03412
-5.0234
-5.01213
-5.00047
-4.98892
-4.98012
-4.9752
-4.97455
-4.97672
-4.98217
-4.99093
-4.99994
-5.00926
-5.01725
-5.02366
-5.02694
-5.02704
-5.02527
-5.02477
-5.02613
-5.02912
-5.03396
-5.039
-5.0424
-5.04262
-5.04169
-5.03902
-5.0369
-5.03773
-5.04293
-5.05552
-5.07325
-5.09542
-5.12075
-5.14596
-5.16565
-5.18052
-5.18737
-5.18586
-5.1786
-5.16615
-5.152
-5.13477
-5.11515
-5.0925
-5.06876
-5.046
-5.02899
-5.02048
-5.01811
-5.02489
-5.03597
-5.04764
-5.05683
-5.06098
-5.05985
-5.05635
-5.05367
-5.04941
-5.04681
-5.04476
-5.041
-5.03441
-5.02386
-5.01096
-4.99716
-4.98765
-4.98307
-4.98432
-4.98626
-4.98712
-4.98546
-4.98106
-4.97561
-4.97015
-4.96673
-4.96834
-4.97525
-4.99008
-5.01249
-5.04154
-5.07648
-5.11062
-5.1389
-5.15818
-5.16609
-5.16484
-5.15508
-5.14083
-5.1256
-5.11502
-5.11023
-5.11614
-5.1309
-5.15083
-5.17122
-5.18514
-5.19074
-5.18825
-5.17835
-5.16435
-5.14879
-5.13222
-5.11523
-5.09933
-5.09021
-5.09185
-5.10076
-5.11148
-5.11931
-5.12198
-5.12062
-5.11817
-5.11478
-5.11109
-5.10791
-5.10421
-5.09902
-5.09142
-5.08448
-5.07782
-5.07244
-5.06545
-5.05618
-5.04452
-5.03594
-5.0357
-5.04628
-5.06616
-5.09296
-5.12068
-5.14285
-5.15747
-5.15984
-5.15199
-5.13297
-5.10838
-5.08355
-5.06125
-5.04603
-5.03881
-5.03984
-5.04666
-5.05732
-5.06908
-5.08075
-5.09284
-5.1036
-5.11239
-5.11939
-5.12061
-5.11674
-5.11008
-5.10305
-5.09782
-5.0961
-5.09576
-5.09527
-5.09444
-5.09173
-5.08838
-5.08593
-5.084
-5.08426
-5.08438
-5.08271
-5.07808
-5.07149
-5.06463
-5.0622
-5.06125
-5.06376
-5.06577
-5.06624
-5.0671
-5.06746
-5.06595
-5.06452
-5.06394
-5.0615
-5.05859
-5.05243
-5.04578
-5.0381
-5.02972
-5.02261
-5.01816
-5.01474
-5.01454
-5.01597
-5.01734
-5.02009
-5.02148
-5.02195
-5.02509
-5.0298
-5.03526
-5.0393
-5.03865
-5.03478
-5.02715
-5.01504
-4.99922
-4.9816
-4.96312
-4.94861
-4.93862
-4.93455
-4.93666
-4.94371
-4.9531
-4.96195
-4.96517
-4.96201
-4.953
-4.94311
-4.93473
-4.93405
-4.94326
-4.96209
-4.98632
-5.01196
-5.03436
-5.04925
-5.05208
-5.04403
-5.02356
-4.99695
-4.96659
-4.93897
-4.9191
-4.90963
-4.91301
-4.92947
-4.95616
-4.9903
-5.03007
-5.0697
-5.10538
-5.13307
-5.15023
-5.15907
-5.16135
-5.15854
-5.15318
-5.14764
-5.14262
-5.13841
-5.1363
-5.13554
-5.13417
-5.12984
-5.1235
-5.11665
-5.11033
-5.10653
-5.10424
-5.10205
-5.09814
-5.09191
-5.08255
-5.07388
-5.06465
-5.05747
-5.05001
-5.04237
-5.03164
-5.0183
-5.00383
-4.98768
-4.9734
-4.95903
-4.94367
-4.92781
-4.91339
-4.90047
-4.89149
-4.88933
-4.89322
-4.90235
-4.91457
-4.93009
-4.94427
-4.95741
-4.96898
-4.98036
-4.99067
-4.99939
-5.00787
-5.01487
-5.01913
-5.02134
-5.01895
-5.01489
-5.0085
-5.00524
-5.00276
-5.00429
-5.00972
-5.01518
-5.02021
-5.0231
-5.02464
-5.02305
-5.02149
-5.01886
-5.01949
-5.02332
-5.03096
-5.04261
-5.05642
-5.07127
-5.08645
-5.1004
-5.11456
-5.12855
-5.14499
-5.16146
-5.17803
-5.1917
-5.20202
-5.20666
-5.20262
-5.18868
-5.16941
-5.14718
-5.12779
-5.11155
-5.09854
-5.08833
-5.08173
-5.07869
-5.0809
-5.08665
-5.09292
-5.09856
-5.09912
-5.09594
-5.08656
-5.0735
-5.05485
-5.0298
-5.00213
-4.97445
-4.95511
-4.95258
-4.9727
-5.01194
-5.06131
-5.11053
-5.15428
-5.18961
-5.21502
-5.22967
-5.23553
-5.23377
-5.22352
-5.20798
-5.18883
-5.16872
-5.14871
-5.12887
-5.11132
-5.09616
-5.08423
-5.07877
-5.07481
-5.072
-5.06729
-5.06407
-5.06123
-5.0583
-5.05882
-5.0615
-5.06715
-5.07247
-5.07892
-5.08653
-5.09273
-5.09716
-5.10052
-5.10249
-5.10354
-5.10335
-5.10316
-5.10431
-5.10686
-5.10832
-5.10706
-5.1012
-5.08925
-5.06705
-5.03576
-4.99662
-4.95248
-4.90611
-4.86433
-4.83295
-4.8193
-4.82354
-4.84481
-4.87627
-4.91435
-4.95487
-4.99369
-5.02602
-5.05052
-5.06647
-5.07197
-5.06901
-5.05703
-5.03943
-5.02218
-5.00734
-5.00087
-5.00276
-5.01299
-5.03047
-5.05239
-5.0774
-5.10335
-5.12618
-5.14358
-5.15546
-5.1605
-5.15794
-5.14686
-5.12779
-5.10052
-5.07016
-5.0389
-5.01262
-4.99232
-4.98105
-4.97616
-4.97915
-4.98849
-5.00152
-5.01872
-5.0411
-5.06719
-5.09543
-5.12311
-5.14901
-5.16987
-5.1829
-5.18868
-5.18457
-5.17443
-5.15565
-5.13262
-5.10415
-5.07362
-5.0421
-5.01462
-4.99728
-4.99336
-5.00004
-5.01389
-5.02684
-5.0321
-5.0299
-5.02335
-5.01526
-5.00951
-5.00612
-5.00695
-5.01134
-5.01579
-5.02244
-5.02968
-5.03848
-5.04774
-5.05715
-5.06664
-5.07536
-5.08351
-5.08819
-5.08888
-5.08955
-5.09123
-5.09612
-5.10693
-5.1233
-5.14046
-5.15667
-5.16992
-5.18062
-5.18475
-5.18232
-5.17056
-5.15105
-5.12487
-5.09623
-5.06867
-5.04574
-5.0314
-5.02482
-5.02555
-5.0315
-5.03978
-5.04948
-5.05893
-5.06513
-5.06691
-5.06402
-5.05799
-5.0524
-5.05305
-5.06256
-5.08109
-5.10574
-5.12913
-5.14666
-5.15715
-5.15926
-5.15181
-5.13992
-5.12614
-5.1128
-5.10372
-5.10023
-5.10266
-5.10999
-5.11849
-5.12599
-5.12771
-5.12482
-5.11531
-5.10118
-5.08561
-5.07015
-5.05409
-5.03579
-5.0181
-5.00181
-4.98993
-4.98302
-4.98043
-4.98146
-4.98606
-4.99451
-5.00535
-5.01995
-5.03419
-5.04759
-5.05649
-5.06257
-5.0652
-5.06628
-5.06612
-5.06606
-5.06689
-5.0684
-5.07018
-5.07203
-5.07376
-5.07252
-5.06931
-5.06041
-5.04932
-5.03519
-5.0191
-5.00501
-4.99335
-4.9852
-4.98065
-4.97833
-4.97769
-4.97634
-4.97325
-4.9685
-4.96566
-4.96914
-4.97973
-4.99875
-5.02271
-5.05144
-5.07961
-5.10599
-5.13127
-5.15266
-5.16938
-5.17938
-5.18079
-5.1745
-5.15961
-5.1389
-5.11484
-5.0882
-5.06327
-5.03689
-5.00978
-4.98703
-4.97026
-4.96231
-4.96418
-4.97414
-4.98663
-4.99938
-5.00765
-5.01409
-5.01539
-5.01173
-5.00621
-5.00164
-4.99759
-4.99385
-4.99097
-4.98329
-4.97206
-4.95833
-4.94713
-4.94111
-4.94196
-4.95108
-4.96678
-4.98578
-5.0074
-5.02977
-5.05154
-5.07229
-5.09148
-5.10936
-5.12699
-5.14112
-5.15146
-5.15727
-5.15578
-5.14826
-5.13828
-5.1256
-5.11418
-5.10689
-5.10499
-5.10709
-5.1105
-5.11857
-5.12652
-5.13593
-5.14206
-5.14639
-5.14876
-5.14535
-5.13732
-5.12401
-5.10784
-5.0892
-5.06993
-5.05247
-5.0405
-5.03488
-5.03684
-5.04733
-5.06291
-5.08059
-5.09468
-5.1012
-5.09841
-5.08693
-5.06593
-5.03792
-5.00589
-4.97351
-4.94655
-4.92823
-4.92078
-4.92337
-4.93523
-4.95069
-4.96796
-4.98389
-4.99652
-5.00627
-5.0173
-5.029
-5.04228
-5.05595
-5.06639
-5.07098
-5.07294
-5.06968
-5.06269
-5.05306
-5.0426
-5.03516
-5.03336
-5.03546
-5.04429
-5.05643
-5.07164
-5.08618
-5.1015
-5.11489
-5.12695
-5.13719
-5.14459
-5.14744
-5.14645
-5.14077
-5.13486
-5.12837
-5.12345
-5.1251
-5.13198
-5.14422
-5.15806
-5.17381
-5.18534
-5.19268
-5.19511
-5.19186
-5.18478
-5.17408
-5.16378
-5.15215
-5.13922
-5.12614
-5.11199
-5.09802
-5.08242
-5.06645
-5.05202
-5.03909
-5.02767
-5.02189
-5.01992
-5.02366
-5.03214
-5.0421
-5.05323
-5.06333
-5.07194
-5.07797
-5.08163
-5.08079
-5.0763
-5.06497
-5.04647
-5.02234
-4.99053
-4.95331
-4.91643
-4.88508
-4.87053
-4.87055
-4.88561
-4.91133
-4.94028
-4.96853
-4.99119
-5.00867
-5.01803
-5.02044
-5.01589
-5.00726
-4.99766
-4.98937
-4.98673
-4.98749
-4.99082
-4.99092
-4.98658
-4.97766
-4.96793
-4.95936
-4.95925
-4.96875
-4.99064
-5.01583
-5.04035
-5.05834
-5.06594
-5.06535
-5.05654
-5.04363
-5.03051
-5.0204
-5.01626
-5.01699
-5.0223
-5.02884
-5.03451
-5.03782
-5.03725
-5.03058
-5.01991
-5.00602
-4.99012
-4.97277
-4.95658
-4.94159
-4.92999
-4.92393
-4.92382
-4.93033
-4.94234
-4.95781
-4.97436
-4.98998
-4.99891
-5.00193
-4.99873
-4.99192
-4.98082
-4.97042
-4.95942
-4.94749
-4.93527
-4.92536
-4.9202
-4.92241
-4.93209
-4.94865
-4.9694
-4.99067
-5.00928
-5.02386
-5.02944
-5.02819
-5.02009
-5.00962
-5.0009
-4.99335
-4.98795
-4.98418
-4.98144
-4.98008
-4.98218
-4.98712
-4.99725
-5.01483
-5.03722
-5.06279
-5.08866
-5.11019
-5.12551
-5.13557
-5.14025
-5.14151
-5.14213
-5.14201
-5.14296
-5.14351
-5.14316
-5.14014
-5.13284
-5.12219
-5.1076
-5.09287
-5.08119
-5.06991
-5.06167
-5.05164
-5.04157
-5.03407
-5.03056
-5.03001
-5.0345
-5.04299
-5.0548
-5.06637
-5.07685
-5.08778
-5.09967
-5.11103
-5.12366
-5.13671
-5.14582
-5.15006
-5.14868
-5.14225
-5.13057
-5.11588
-5.10033
-5.08432
-5.06984
-5.05748
-5.0507
-5.04766
-5.05004
-5.05546
-5.06302
-5.07479
-5.08982
-5.10471
-5.11998
-5.13182
-5.13694
-5.13526
-5.12478
-5.10732
-5.08365
-5.05645
-5.02803
-4.99998
-4.97627
-4.95816
-4.94705
-4.94439
-4.9514
-4.96659
-4.98587
-5.00746
-5.02745
-5.04698
-5.06344
-5.07918
-5.0948
-5.10654
-5.11613
-5.11961
-5.11597
-5.10342
-5.08515
-5.06564
-5.0503
-5.04255
-5.04408
-5.05379
-5.0684
-5.08647
-5.10718
-5.12439
-5.13682
-5.14498
-5.14821
-5.14654
-5.13915
-5.12678
-5.11036
-5.09288
-5.07463
-5.0578
-5.04394
-5.03428
-5.02841
-5.0275
-5.03098
-5.03739
-5.04378
-5.04864
-5.04906
-5.0453
-5.03506
-5.0242
-5.01492
-5.01242
-5.01626
-5.02492
-5.03335
-5.03937
-5.0435
-5.04642
-5.05143
-5.05801
-5.06176
-5.06032
-5.05487
-5.04542
-5.03446
-5.02328
-5.01222
-5.00255
-4.99182
-4.9793
-4.96284
-4.94395
-4.92346
-4.90527
-4.89328
-4.89053
-4.89916
-4.92111
-4.95272
-4.99232
-5.03437
-5.07675
-5.1143
-5.14365
-5.16455
-5.17623
-5.17903
-5.176
-5.16799
-5.15766
-5.14591
-5.13576
-5.12667
-5.11896
-5.1142
-5.11059
-5.10947
-5.11158
-5.11591
-5.11772
-5.11746
-5.11307
-5.10595
-5.09539
-5.08371
-5.071
-5.05904
-5.04568
-5.03266
-5.01807
-5.00405
-4.99038
-4.97836
-4.96669
-4.95643
-4.95068
-4.94994
-4.95925
-4.97746
-5.00636
-5.04144
-5.07816
-5.11453
-5.14697
-5.17177
-5.19057
-5.20072
-5.20203
-5.19286
-5.17643
-5.15599
-5.13311
-5.11666
-5.10767
-5.10638
-5.10944
-5.11567
-5.12004
-5.12235
-5.12382
-5.12406
-5.12411
-5.12448
-5.12276
-5.12039
-5.119
-5.12005
-5.12401
-5.13306
-5.14392
-5.15621
-5.16674
-5.17106
-5.16944
-5.1601
-5.14821
-5.13735
-5.12808
-5.12325
-5.12281
-5.12739
-5.13542
-5.14856
-5.16432
-5.17709
-5.18584
-5.18645
-5.1762
-5.15649
-5.13097
-5.10276
-5.07508
-5.05304
-5.03766
-5.02862
-5.02721
-5.03147
-5.04011
-5.04954
-5.06183
-5.07538
-5.08719
-5.09856
-5.10926
-5.11799
-5.12423
-5.12684
-5.12399
-5.11331
-5.09493
-5.06692
-5.03411
-5.0006
-4.9708
-4.94626
-4.92613
-4.9095
-4.89621
-4.88583
-4.87784
-4.87313
-4.87221
-4.87545
-4.88153
-4.8888
-4.89914
-4.91205
-4.93002
-4.95775
-4.99435
-5.0364
-5.0792
-5.11655
-5.14549
-5.16154
-5.16464
-5.15353
-5.13257
-5.10576
-5.07922
-5.05837
-5.0447
-5.03648
-5.02916
-5.02026
-5.00816
-4.99606
-4.98619
-4.98121
-4.9888
-5.00762
-5.03553
-5.06891
-5.10225
-5.12883
-5.14793
-5.15781
-5.15931
-5.1542
-5.14387
-5.12977
-5.11207
-5.09127
-5.0672
-5.03935
-5.01239
-4.98721
-4.96697
-4.95475
-4.94991
-4.9513
-4.95939
-4.97083
-4.98449
-4.99963
-5.01306
-5.02253
-5.02994
-5.03578
-5.04426
-5.05734
-5.0778
-5.10342
-5.13218
-5.1578
-5.17545
-5.18211
-5.17817
-5.16416
-5.1394
-5.10833
-5.07859
-5.05085
-5.02917
-5.01452
-5.0073
-5.00491
-5.00609
-5.01039
-5.01542
-5.02057
-5.02115
-5.02345
-5.02412
-5.02512
-5.03078
-5.04078
-5.05594
-5.077
-5.10096
-5.12762
-5.15262
-5.17332
-5.18966
-5.1989
-5.20028
-5.1936
-5.17938
-5.15785
-5.1308
-5.10294
-5.07959
-5.06245
-5.05491
-5.05705
-5.06651
-5.07977
-5.09404
-5.10497
-5.11118
-5.11312
-5.11116
-5.10853
-5.10351
-5.09546
-5.08148
-5.06302
-5.04296
-5.02424
-5.00934
-4.99888
-4.99159
-4.98411
-4.97648
-4.96753
-4.95758
-4.9485
-4.93979
-4.93214
-4.92555
-4.9204
-4.91854
-4.91784
-4.91866
-4.92218
-4.92877
-4.93734
-4.94697
-4.95966
-4.9719
-4.98455
-4.99618
-5.00809
-5.01865
-5.0265
-5.03303
-5.03822
-5.04322
-5.04632
-5.04926
-5.04829
-5.0422
-5.03337
-5.02056
-5.00734
-4.99256
-4.97884
-4.96728
-4.95611
-4.9469
-4.94121
-4.93921
-4.94007
-4.94563
-4.95523
-4.96989
-4.98717
-5.00636
-5.02642
-5.04396
-5.05603
-5.06226
-5.06155
-5.05404
-5.0406
-5.02094
-4.99557
-4.96588
-4.93653
-4.91107
-4.89227
-4.88594
-4.89037
-4.90536
-4.9254
-4.94622
-4.96743
-4.98541
-5.0011
-5.01431
-5.0238
-5.02936
-5.03216
-5.0349
-5.03854
-5.04671
-5.05864
-5.07436
-5.09174
-5.10716
-5.11767
-5.12257
-5.12044
-5.11328
-5.10275
-5.08884
-5.07184
-5.05362
-5.03221
-5.0076
-4.98035
-4.95355
-4.92947
-4.91162
-4.90227
-4.90103
-4.9057
-4.9145
-4.92415
-4.93229
-4.93556
-4.93427
-4.92912
-4.92312
-4.91793
-4.91631
-4.92029
-4.92808
-4.93892
-4.95314
-4.96896
-4.98548
-5.00186
-5.01555
-5.02672
-5.03409
-5.03826
-5.04082
-5.04115
-5.03795
-5.03262
-5.02385
-5.01333
-5.00049
-4.98499
-4.96948
-4.95605
-4.94851
-4.95161
-4.96454
-4.98597
-5.01166
-5.03735
-5.05683
-5.06968
-5.07817
-5.08137
-5.08243
-5.08299
-5.08177
-5.07996
-5.07765
-5.07569
-5.07673
-5.08114
-5.08777
-5.0952
-5.10166
-5.10698
-5.11216
-5.11742
-5.12482
-5.13237
-5.14006
-5.1445
-5.14774
-5.14949
-5.14955
-5.15002
-5.15035
-5.15012
-5.14744
-5.14329
-5.13282
-5.11583
-5.09584
-5.07511
-5.0578
-5.04504
-5.03598
-5.03077
-5.02692
-5.02355
-5.01956
-5.01496
-5.01057
-5.0078
-5.0066
-5.01073
-5.0184
-5.02655
-5.03673
-5.04509
-5.0541
-5.06315
-5.0754
-5.09005
-5.10233
-5.11075
-5.11482
-5.11478
-5.11362
-5.11285
-5.11459
-5.11473
-5.10971
-5.0975
-5.07804
-5.05633
-5.0331
-5.01502
-5.00272
-4.99762
-5.00381
-5.01714
-5.0366
-5.05982
-5.08424
-5.10861
-5.12611
-5.13818
-5.14314
-5.14286
-5.14066
-5.13923
-5.14115
-5.14561
-5.15236
-5.15548
-5.15327
-5.14059
-5.11948
-5.09114
-5.05767
-5.02596
-5.00323
-4.99492
-5.00392
-5.0251
-5.05325
-5.08139
-5.10534
-5.12402
-5.13949
-5.15106
-5.15788
-5.1587
-5.15519
-5.14866
-5.13974
-5.12909
-5.11848
-5.10879
-5.09873
-5.09107
-5.08458
-5.08108
-5.08239
-5.09004
-5.10403
-5.12201
-5.14054
-5.15734
-5.16656
-5.16708
-5.15875
-5.14471
-5.12607
-5.10872
-5.09332
-5.0821
-5.07781
-5.08039
-5.08742
-5.09748
-5.10822
-5.11834
-5.12893
-5.13543
-5.14024
-5.14074
-5.13671
-5.12515
-5.10707
-5.08355
-5.05737
-5.03166
-5.01038
-4.99517
-4.98419
-4.9755
-4.9686
-4.9632
-4.96095
-4.96351
-4.97223
-4.98691
-5.00864
-5.03429
-5.06088
-5.08551
-5.10608
-5.12128
-5.12822
-5.12787
-5.11944
-5.10036
-5.07153
-5.03453
-4.99069
-4.94627
-4.90417
-4.87231
-4.85529
-4.85766
-4.87816
-4.91462
-4.96003
-5.00887
-5.05617
-5.09957
-5.13498
-5.16232
-5.18238
-5.19593
-5.20148
-5.19803
-5.18531
-5.16322
-5.13616
-5.1078
-5.08459
-5.07202
-5.0733
-5.08841
-5.11075
-5.13737
-5.16347
-5.18393
-5.19797
-5.20454
-5.20401
-5.19245
-5.17529
-5.15157
-5.12501
-5.10085
-5.08345
-5.07721
-5.08255
-5.09781
-5.1197
-5.14368
-5.16585
-5.18372
-5.19969
-5.21368
-5.22999
-5.24608
-5.25956
-5.2673
-5.2696
-5.26729
-5.25829
-5.24429
-5.22652
-5.20611
-5.18614
-5.1635
-5.14092
-5.12082
-5.10289
-5.0892
-5.0831
-5.08403
-5.09051
-5.10231
-5.11683
-5.1328
-5.14539
-5.1497
-5.14353
-5.12189
-5.084
-5.0356
-4.98382
-4.94137
-4.91732
-4.91588
-4.93053
-4.95465
-4.97951
-4.99903
-5.01014
-5.01501
-5.0114
-5.00193
-4.98927
-4.97656
-4.96983
-4.96829
-4.97417
-4.98866
-5.00972
-5.03495
-5.06024
-5.08318
-5.10184
-5.1145
-5.12111
-5.11862
-5.1129
-5.10195
-5.09033
-5.07736
-5.06386
-5.0505
-5.04057
-5.0361
-5.03951
-5.04999
-5.06478
-5.07882
-5.08921
-5.09432
-5.09327
-5.08295
-5.06514
-5.03903
-5.00753
-4.97725
-4.95808
-4.9569
-4.97573
-5.01164
-5.0576
-5.10176
-5.13837
-5.16241
-5.17436
-5.17418
-5.16508
-5.1476
-5.1246
-5.10082
-5.07871
-5.05971
-5.04584
-5.03684
-5.03
-5.02148
-5.0099
-4.99637
-4.982
-4.96846
-4.9602
-4.9609
-4.9701
-4.98883
-5.01324
-5.03952
-5.06394
-5.08288
-5.09666
-5.10459
-5.10786
-5.10756
-5.10343
-5.09599
-5.08509
-5.07014
-5.05492
-5.04196
-5.03424
-5.03223
-5.03318
-5.03494
-5.03373
-5.02717
-5.01732
-5.00443
-4.99107
-4.97899
-4.97177
-4.96972
-4.9739
-4.98157
-4.99116
-4.99976
-5.00742
-5.01499
-5.02616
-5.04273
-5.06547
-5.09273
-5.11949
-5.14254
-5.16211
-5.1748
-5.18323
-5.18735
-5.18918
-5.18892
-5.18621
-5.1813
-5.17175
-5.15729
-5.13646
-5.10984
-5.07577
-5.04047
-5.00946
-4.98813
-4.98306
-4.99451
-5.01671
-5.04356
-5.06936
-5.0899
-5.10504
-5.11455
-5.12264
-5.12824
-5.13266
-5.1358
-5.13842
-5.1378
-5.13428
-5.13081
-5.12594
-5.12099
-5.1161
-5.11031
-5.10183
-5.09165
-5.07885
-5.06463
-5.05076
-5.0391
-5.02774
-5.02066
-5.01666
-5.01619
-5.01754
-5.01964
-5.02103
-5.02068
-5.01685
-5.00782
-4.99365
-4.97445
-4.95104
-4.92955
-4.91406
-4.9086
-4.91186
-4.92282
-4.939
-4.95985
-4.98357
-5.00635
-5.023
-5.03322
-5.0372
-5.03571
-5.03115
-5.02265
-5.01158
-4.99851
-4.98441
-4.97418
-4.9715
-4.98046
-5.00184
-5.03121
-5.07102
-5.11349
-5.15393
-5.18952
-5.21736
-5.23803
-5.24945
-5.25465
-5.25127
-5.23968
-5.22135
-5.19751
-5.16728
-5.13108
-5.09179
-5.05206
-5.01355
-4.97945
-4.95517
-4.94199
-4.9393
-4.94359
-4.95364
-4.9647
-4.9747
-4.98256
-4.98891
-4.9951
-5.00357
-5.01564
-5.03381
-5.05301
-5.07262
-5.08985
-5.10124
-5.10375
-5.0972
-5.08167
-5.06194
-5.04084
-5.0206
-5.00389
-4.9928
-4.98863
-4.99131
-5.00108
-5.01808
-5.03847
-5.06017
-5.07836
-5.09093
-5.09735
-5.09408
-5.0839
-5.06869
-5.0464
-5.02103
-4.99156
-4.96282
-4.93777
-4.92464
-4.92601
-4.94252
-4.96872
-4.99767
-5.02291
-5.03782
-5.04209
-5.03494
-5.01881
-4.99932
-4.9806
-4.96638
-4.95995
-4.96307
-4.97511
-4.99688
-5.02055
-5.04489
-5.06419
-5.07688
-5.08144
-5.07608
-5.06351
-5.04599
-5.024
-4.99811
-4.97374
-4.95395
-4.94273
-4.94553
-4.96309
-4.99049
-5.0204
-5.04755
-5.0646
-5.07378
-5.07677
-5.07371
-5.06827
-5.06239
-5.05617
-5.05125
-5.04781
-5.04777
-5.05092
-5.05763
-5.06794
-5.07907
-5.08787
-5.08825
-5.0763
-5.05178
-5.01667
-4.98088
-4.95576
-4.94848
-4.95757
-4.97989
-5.0084
-5.03989
-5.06752
-5.08956
-5.10597
-5.11561
-5.11764
-5.11588
-5.1108
-5.1049
-5.09993
-5.09668
-5.09588
-5.09537
-5.09385
-5.09304
-5.09484
-5.10177
-5.11433
-5.13113
-5.14888
-5.165
-5.17532
-5.17922
-5.17641
-5.16649
-5.15172
-5.13289
-5.11422
-5.09599
-5.07978
-5.06889
-5.06129
-5.05743
-5.06001
-5.06293
-5.06742
-5.07133
-5.07327
-5.07391
-5.07309
-5.07292
-5.07524
-5.07771
-5.07853
-5.07871
-5.07591
-5.07225
-5.06939
-5.06808
-5.06802
-5.06559
-5.05967
-5.04845
-5.03361
-5.01999
-5.00973
-5.00882
-5.01852
-5.0364
-5.05894
-5.08187
-5.10143
-5.11654
-5.12362
-5.12288
-5.11432
-5.10153
-5.0839
-5.06586
-5.04936
-5.03366
-5.01982
-5.00524
-4.99292
-4.98288
-4.97691
-4.97476
-4.98011
-4.98982
-5.00201
-5.01456
-5.02671
-5.03465
-5.03704
-5.03456
-5.02725
-5.018
-5.01189
-5.00678
-5.00563
-5.00686
-5.01015
-5.01397
-5.01866
-5.02165
-5.02354
-5.02357
-5.02102
-5.02068
-5.02409
-5.03227
-5.04556
-5.06136
-5.07455
-5.08603
-5.0918
-5.09441
-5.0924
-5.08892
-5.08614
-5.08385
-5.08373
-5.08414
-5.08313
-5.083
-5.08168
-5.07743
-5.068
-5.0557
-5.04033
-5.02344
-5.00456
-4.98651
-4.96768
-4.94762
-4.92695
-4.90428
-4.88521
-4.87687
-4.88245
-4.90239
-4.93168
-4.96352
-4.99345
-5.01976
-5.041
-5.05557
-5.06425
-5.06822
-5.06702
-5.0607
-5.04954
-5.03576
-5.02123
-5.00779
-4.99436
-4.98461
-4.97933
-4.97788
-4.9822
-4.99403
-5.00963
-5.0283
-5.04804
-5.06471
-5.07637
-5.08238
-5.08463
-5.08418
-5.08237
-5.0798
-5.07445
-5.06679
-5.05168
-5.03241
-5.01202
-4.99739
-4.99031
-4.99077
-4.99431
-4.99502
-4.98876
-4.97452
-4.95278
-4.92803
-4.90148
-4.87556
-4.85388
-4.8411
-4.83966
-4.85264
-4.87807
-4.91408
-4.95468
-4.99274
-5.02767
-5.05332
-5.0716
-5.08324
-5.08554
-5.08079
-5.06767
-5.04973
-5.02882
-5.00892
-4.99311
-4.98629
-4.98762
-4.99717
-5.00842
-5.01966
-5.02737
-5.03101
-5.03221
-5.0341
-5.0357
-5.03613
-5.03155
-5.01921
-4.99895
-4.97309
-4.94983
-4.9367
-4.93772
-4.95105
-4.96976
-4.98885
-5.00674
-5.02066
-5.03318
-5.04401
-5.0544
-5.06407
-5.07365
-5.08362
-5.09378
-5.10358
-5.11281
-5.11996
-5.12293
-5.11756
-5.10148
-5.07696
-5.0488
-5.02302
-5.00457
-4.998
-5.00252
-5.01209
-5.02429
-5.0336
-5.03845
-5.04029
-5.03943
-5.03868
-5.03948
-5.04243
-5.04823
-5.05607
-5.06574
-5.07663
-5.08648
-5.09291
-5.09822
-5.101
-5.10184
-5.09944
-5.09352
-5.08526
-5.07569
-5.06871
-5.06653
-5.07049
-5.07703
-5.08483
-5.09044
-5.09372
-5.09745
-5.1011
-5.10763
-5.11587
-5.12554
-5.13639
-5.14575
-5.15179
-5.1572
-5.16127
-5.16581
-5.16847
-5.16956
-5.16778
-5.16489
-5.15977
-5.15247
-5.14791
-5.14475
-5.14482
-5.14661
-5.1489
-5.15309
-5.15399
-5.15558
-5.1565
-5.15542
-5.15508
-5.1554
-5.15778
-5.1626
-5.17001
-5.18072
-5.19385
-5.20767
-5.22169
-5.23172
-5.23549
-5.2327
-5.22097
-5.20145
-5.17515
-5.14757
-5.11846
-5.09341
-5.07344
-5.0623
-5.06085
-5.06853
-5.08351
-5.10654
-5.13593
-5.16715
-5.19356
-5.2136
-5.22147
-5.21746
-5.20183
-5.17662
-5.14296
-5.10289
-5.06163
-5.02213
-4.98853
-4.96478
-4.95236
-4.95567
-4.96948
-4.99494
-5.02806
-5.06525
-5.10009
-5.12929
-5.14953
-5.15747
-5.15687
-5.14726
-5.13204
-5.11775
-5.10191
-5.0866
-5.07296
-5.05952
-5.04839
-5.04084
-5.03585
-5.03283
-5.03226
-5.03214
-5.0316
-5.02894
-5.02246
-5.01009
-4.99694
-4.98399
-4.97591
-4.97555
-4.9815
-4.99301
-5.00498
-5.01526
-5.02096
-5.0244
-5.02661
-5.02863
-5.03744
-5.05075
-5.06783
-5.08989
-5.11418
-5.137
-5.15785
-5.17428
-5.18482
-5.18765
-5.18195
-5.16584
-5.14087
-5.11032
-5.07655
-5.0443
-5.01991
-5.0059
-5.00563
-5.01478
-5.03123
-5.04945
-5.06156
-5.06449
-5.05695
-5.03882
-5.01272
-4.9829
-4.95317
-4.92588
-4.90496
-4.89706
-4.90178
-4.91703
-4.93799
-4.96177
-4.98399
-5.00428
-5.02254
-5.03768
-5.04662
-5.04954
-5.04577
-5.0364
-5.02606
-5.02114
-5.02231
-5.03124
-5.04411
-5.06119
-5.07951
-5.09607
-5.11125
-5.11838
-5.11576
-5.10241
-5.08028
-5.05248
-5.02657
-5.00783
-4.99985
-5.0016
-5.01466
-5.03385
-5.05273
-5.0667
-5.07277
-5.06792
-5.05346
-5.03362
-5.01246
-4.994
-4.98257
-4.98021
-4.98558
-4.99864
-5.01675
-5.03768
-5.05677
-5.07189
-5.07996
-5.08034
-5.07435
-5.0635
-5.05254
-5.04282
-5.03806
-5.04022
-5.04509
-5.05306
-5.05952
-5.06374
-5.06437
-5.06127
-5.05189
-5.03682
-5.01793
-4.99735
-4.97905
-4.96787
-4.96694
-4.9742
-4.99164
-5.01437
-5.04164
-5.06782
-5.09028
-5.10661
-5.11388
-5.10866
-5.0925
-5.07027
-5.04824
-5.03248
-5.02869
-5.03939
-5.06263
-5.09319
-5.12414
-5.15024
-5.16836
-5.17699
-5.17372
-5.15999
-5.13779
-5.11047
-5.08326
-5.06023
-5.04764
-5.04533
-5.05051
-5.05886
-5.06354
-5.05906
-5.04535
-5.02361
-4.99712
-4.97039
-4.95093
-4.93765
-4.93263
-4.9354
-4.94334
-4.95974
-4.98472
-5.0186
-5.05629
-5.09396
-5.12811
-5.15434
-5.16989
-5.17191
-5.16057
-5.1372
-5.10657
-5.07265
-5.04084
-5.01582
-4.99713
-4.98607
-4.98075
-4.9793
-4.9792
-4.97924
-4.97728
-4.97622
-4.97796
-4.98686
-5.00402
-5.02721
-5.05777
-5.09202
-5.1271
-5.15737
-5.18401
-5.20179
-5.20937
-5.20673
-5.19554
-5.17569
-5.15428
-5.13145
-5.11297
-5.09792
-5.08753
-5.07891
-5.0768
-5.07717
-5.08315
-5.09647
-5.11405
-5.13385
-5.15314
-5.16959
-5.18197
-5.18659
-5.18482
-5.17541
-5.15997
-5.13893
-5.11396
-5.08691
-5.05618
-5.02463
-4.99561
-4.97493
-4.96829
-4.97733
-4.99649
-5.01871
-5.03829
-5.0542
-5.06697
-5.07603
-5.0827
-5.08777
-5.08865
-5.08586
-5.07982
-5.07318
-5.06424
-5.0544
-5.04171
-5.02776
-5.01332
-5.00046
-4.99374
-4.99567
-5.00639
-5.02236
-5.04019
-5.05813
-5.07094
-5.07709
-5.0781
-5.07512
-5.06805
-5.05803
-5.04704
-5.03482
-5.02371
-5.01778
-5.01791
-5.02772
-5.04294
-5.06371
-5.0876
-5.11146
-5.13059
-5.1421
-5.14171
-5.13039
-5.1094
-5.08266
-5.05733
-5.03599
-5.02366
-5.01994
-5.0223
-5.03117
-5.04176
-5.05227
-5.06112
-5.06747
-5.06639
-5.05981
-5.05001
-5.03874
-5.0294
-5.02331
-5.0182
-5.01479
-5.00786
-4.9956
-4.979
-4.96097
-4.94591
-4.93802
-4.94167
-4.95942
-4.99063
-5.02723
-5.05982
-5.07844
-5.08026
-5.06363
-5.03604
-5.00051
-4.96278
-4.93091
-4.90684
-4.89365
-4.89377
-4.90727
-4.93415
-4.9701
-5.00991
-5.04755
-5.07583
-5.09112
-5.0954
-5.09082
-5.08072
-5.0646
-5.04512
-5.02493
-5.00577
-4.98982
-4.97683
-4.96794
-4.96368
-4.96503
-4.97114
-4.9834
-5.00017
-5.02253
-5.04586
-5.07137
-5.0945
-5.11515
-5.13313
-5.14798
-5.15905
-5.16369
-5.16365
-5.15262
-5.13121
-5.09637
-5.0557
-5.01409
-4.98109
-4.96566
-4.96897
-4.98548
-5.00644
-5.03022
-5.04912
-5.06683
-5.08332
-5.1002
-5.1171
-5.13326
-5.14562
-5.15191
-5.14867
-5.136
-5.11743
-5.10006
-5.09016
-5.09034
-5.09424
-5.09812
-5.10173
-5.10602
-5.11515
-5.12941
-5.15016
-5.17313
-5.19622
-5.21508
-5.22438
-5.2254
-5.2189
-5.20536
-5.18681
-5.16703
-5.14535
-5.12092
-5.09608
-5.07049
-5.04409
-5.01758
-4.99309
-4.97191
-4.95487
-4.94514
-4.94243
-4.94793
-4.96017
-4.97669
-4.99424
-5.01308
-5.03196
-5.05052
-5.0712
-5.09292
-5.11391
-5.13125
-5.14532
-5.15196
-5.15429
-5.1504
-5.14276
-5.13303
-5.12532
-5.11948
-5.1156
-5.11326
-5.1109
-5.10721
-5.10254
-5.097
-5.09064
-5.08484
-5.07811
-5.07057
-5.06426
-5.05732
-5.05008
-5.04304
-5.03414
-5.02488
-5.01419
-5.0039
-4.99543
-4.98903
-4.98756
-4.98939
-4.99663
-5.01199
-5.03412
-5.06365
-5.09529
-5.12715
-5.15475
-5.17765
-5.19424
-5.20806
-5.21414
-5.21405
-5.20908
-5.19831
-5.18784
-5.17696
-5.16938
-5.17292
-5.18132
-5.19323
-5.20237
-5.20429
-5.20032
-5.18726
-5.16737
-5.14505
-5.12187
-5.0985
-5.07819
-5.06131
-5.0459
-5.03306
-5.02128
-5.01138
-5.00633
-5.00822
-5.01651
-5.0302
-5.04629
-5.06253
-5.07647
-5.08519
-5.09083
-5.09214
-5.09235
-5.09116
-5.08993
-5.08651
-5.08336
-5.07782
-5.07084
-5.06164
-5.0498
-5.03726
-5.028
-5.02331
-5.02259
-5.0242
-5.02355
-5.0198
-5.01372
-5.00731
-5.00399
-5.00392
-5.00529
-5.00712
-5.00814
-5.00627
-5.00139
-4.9915
-4.98051
-4.96862
-4.96123
-4.95952
-4.96435
-4.97716
-4.99767
-5.02401
-5.05561
-5.08842
-5.11925
-5.14587
-5.16278
-5.16813
-5.16214
-5.14705
-5.12256
-5.09181
-5.05811
-5.02179
-4.98387
-4.94729
-4.91749
-4.899
-4.89638
-4.90776
-4.93136
-4.95967
-4.98656
-5.00533
-5.01557
-5.01488
-5.00427
-4.98751
-4.96951
-4.95597
-4.94861
-4.95201
-4.96234
-4.97541
-4.98819
-4.99453
-4.9948
-4.98825
-4.97719
-4.96378
-4.94898
-4.93597
-4.92818
-4.92728
-4.93156
-4.93957
-4.94739
-4.95279
-4.95633
-4.95812
-4.96119
-4.96748
-4.97727
-4.9895
-5.00315
-5.01588
-5.0254
-5.0299
-5.02677
-5.02013
-5.01451
-5.0132
-5.0195
-5.03228
-5.05144
-5.07033
-5.08602
-5.09381
-5.09476
-5.08778
-5.07273
-5.05302
-5.0304
-5.00658
-4.98223
-4.95781
-4.93414
-4.91174
-4.89206
-4.87976
-4.87356
-4.87712
-4.88946
-4.9067
-4.92341
-4.93747
-4.94681
-4.95098
-4.95139
-4.9506
-4.94955
-4.95103
-4.95228
-4.95203
-4.94897
-4.94366
-4.93835
-4.93563
-4.9368
-4.94531
-4.95684
-4.97296
-4.98691
-4.99934
-5.00929
-5.0199
-5.03335
-5.05067
-5.06436
-5.07098
-5.06935
-5.06017
-5.04524
-5.02461
-5.00006
-4.97353
-4.94631
-4.92353
-4.90725
-4.90061
-4.90374
-4.91714
-4.93763
-4.96407
-4.99313
-5.02083
-5.04652
-5.06487
-5.07645
-5.077
-5.06756
-5.04979
-5.02575
-5.00227
-4.98515
-4.97374
-4.97129
-4.9756
-4.98353
-4.99267
-5.00424
-5.01952
-5.03865
-5.06272
-5.08767
-5.11297
-5.13168
-5.141
-5.13922
-5.12638
-5.10456
-5.0776
-5.05088
-5.02862
-5.0086
-4.99401
-4.98514
-4.97802
-4.97329
-4.97182
-4.9722
-4.97357
-4.97699
-4.98023
-4.98285
-4.98269
-4.98149
-4.98131
-4.97998
-4.97945
-4.97964
-4.98119
-4.98456
-4.98875
-4.99502
-5.00475
-5.02073
-5.04935
-5.08821
-5.12909
-5.16464
-5.18817
-5.1957
-5.19099
-5.18142
-5.17073
-5.16281
-5.15567
-5.14695
-5.13236
-5.11076
-5.08303
-5.04866
-5.00888
-4.96243
-4.91214
-4.86484
-4.82885
-4.81574
-4.82814
-4.86561
-4.92011
-4.98164
-5.0443
-5.09974
-5.145
-5.17966
-5.20036
-5.20779
-5.20453
-5.1908
-5.1701
-5.14627
-5.12129
-5.09915
-5.08124
-5.06785
-5.05814
-5.05021
-5.0424
-5.03513
-5.02799
-5.0209
-5.01333
-5.008
-5.00408
-5.00096
-4.99614
-4.99041
-4.98248
-4.97196
-4.96057
-4.94709
-4.93313
-4.91925
-4.90578
-4.89597
-4.89098
-4.89877
-4.91624
-4.9442
-4.97775
-5.01222
-5.04036
-5.05809
-5.06405
-5.06053
-5.04771
-5.0308
-5.01386
-4.99917
-4.98933
-4.98625
-4.99097
-5.00088
-5.01702
-5.03554
-5.05524
-5.07388
-5.09056
-5.10436
-5.11507
-5.12148
-5.12561
-5.12616
-5.12391
-5.11827
-5.10936
-5.09728
-5.0827
-5.06659
-5.04947
-5.03293
-5.01763
-5.00525
-4.9956
-4.98663
-4.98015
-4.97756
-4.9808
-4.99337
-5.01427
-5.04067
-5.06817
-5.09402
-5.11416
-5.12863
-5.1329
-5.1271
-5.11288
-5.092
-5.06894
-5.04893
-5.03345
-5.0255
-5.02108
-5.01814
-5.01497
-5.00859
-5.00094
-4.99271
-4.98534
-4.98108
-4.97839
-4.97979
-4.9852
-4.99451
-5.00886
-5.02852
-5.04939
-5.06783
-5.07932
-5.08414
-5.08043
-5.06868
-5.05115
-5.031
-5.01095
-4.99427
-4.98182
-4.97334
-4.97008
-4.96914
-4.97017
-4.97102
-4.97054
-4.96864
-4.96687
-4.96571
-4.9668
-4.97076
-4.97658
-4.98411
-4.9925
-5.00063
-5.00764
-5.01126
-5.01201
-5.01119
-5.00543
-4.99827
-4.98876
-4.97827
-4.9678
-4.95995
-4.9561
-4.95603
-4.95922
-4.96321
-4.96592
-4.96509
-4.95922
-4.94739
-4.93133
-4.91683
-4.90789
-4.90511
-4.90985
-4.918
-4.928
-4.93723
-4.94564
-4.95583
-4.97039
-4.99122
-5.01545
-5.04055
-5.06186
-5.07771
-5.0888
-5.09355
-5.09069
-5.08176
-5.06491
-5.0442
-5.02104
-4.99615
-4.97365
-4.95588
-4.94342
-4.93411
-4.92995
-4.92964
-4.93556
-4.94958
-4.9678
-4.99
-5.01178
-5.0308
-5.04706
-5.05935
-5.06872
-5.07484
-5.08016
-5.08408
-5.08867
-5.09039
-5.08946
-5.08565
-5.07915
-5.07023
-5.06144
-5.05225
-5.0453
-5.04071
-5.0387
-5.03884
-5.03996
-5.04164
-5.04554
-5.05093
-5.06094
-5.07744
-5.10097
-5.13054
-5.16193
-5.19179
-5.21376
-5.22652
-5.22788
-5.21781
-5.1963
-5.16696
-5.13232
-5.09671
-5.06237
-5.03167
-5.00733
-4.99262
-4.99201
-5.00262
-5.02133
-5.04197
-5.05897
-5.07087
-5.0794
-5.08421
-5.08948
-5.09689
-5.10782
-5.12049
-5.13502
-5.14898
-5.16382
-5.17945
-5.19803
-5.2178
-5.23635
-5.25259
-5.26548
-5.27004
-5.26647
-5.25619
-5.24092
-5.22356
-5.20588
-5.18853
-5.17026
-5.15085
-5.13031
-5.10817
-5.08443
-5.06158
-5.04116
-5.02302
-5.00972
-5.00112
-4.99463
-4.99144
-4.99034
-4.99131
-4.99402
-4.99987
-5.00898
-5.01794
-5.02791
-5.0356
-5.04167
-5.04525
-5.04633
-5.04586
-5.04258
-5.03761
-5.03129
-5.0256
-5.02108
-5.02148
-5.02688
-5.03624
-5.05169
-5.07088
-5.09169
-5.11049
-5.12705
-5.13803
-5.14244
-5.13938
-5.12923
-5.11077
-5.08613
-5.05701
-5.02834
-5.00486
-4.99235
-4.99228
-5.0067
-5.02789
-5.05205
-5.07304
-5.08815
-5.09542
-5.09658
-5.09233
-5.08417
-5.07256
-5.05849
-5.04273
-5.02823
-5.01634
-5.00787
-5.00238
-5.00002
-4.99894
-4.9983
-4.99624
-4.99314
-4.98597
-4.97419
-4.96053
-4.94838
-4.93908
-4.93781
-4.9447
-4.95876
-4.97823
-4.99804
-5.01394
-5.02517
-5.02831
-5.02402
-5.01002
-4.99061
-4.96794
-4.95002
-4.93813
-4.93549
-4.93987
-4.9438
-4.9429
-4.93296
-4.91606
-4.89655
-4.88224
-4.87473
-4.87504
-4.88005
-4.88812
-4.89613
-4.90263
-4.9078
-4.91216
-4.9159
-4.91789
-4.91771
-4.9159
-4.91669
-4.9265
-4.94798
-4.98305
-5.02705
-5.07446
-5.11793
-5.15252
-5.17506
-5.18516
-5.18392
-5.17314
-5.15769
-5.13963
-5.12317
-5.11009
-5.10403
-5.10539
-5.11141
-5.11805
-5.12578
-5.13048
-5.13081
-5.12589
-5.11805
-5.10951
-5.09978
-5.09192
-5.08577
-5.07973
-5.07444
-5.06602
-5.05429
-5.03886
-5.02597
-5.02312
-5.03045
-5.04445
-5.06065
-5.07578
-5.08706
-5.09423
-5.09522
-5.09001
-5.07839
-5.06333
-5.04712
-5.03074
-5.01788
-5.01097
-5.0082
-5.00792
-5.00855
-5.0074
-5.00303
-4.99836
-4.9975
-4.998
-5.0016
-5.0073
-5.01332
-5.01721
-5.01821
-5.01896
-5.0169
-5.01211
-5.00543
-4.99607
-4.98572
-4.97669
-4.97144
-4.96996
-4.96991
-4.9714
-4.97074
-4.96845
-4.96613
-4.96651
-4.97102
-4.98149
-4.99301
-5.00402
-5.01283
-5.01631
-5.01935
-5.02162
-5.02744
-5.03668
-5.0459
-5.05355
-5.05983
-5.05937
-5.0564
-5.05134
-5.04409
-5.03651
-5.02949
-5.02392
-5.01909
-5.01351
-5.00808
-4.99947
-4.98964
-4.97987
-4.97245
-4.96823
-4.96696
-4.96965
-4.97587
-4.98276
-4.98853
-4.99328
-4.99875
-5.00552
-5.01532
-5.02606
-5.03739
-5.04765
-5.05568
-5.06018
-5.06204
-5.06263
-5.06549
-5.07057
-5.07462
-5.0754
-5.07117
-5.06127
-5.04866
-5.03744
-5.03047
-5.02646
-5.02473
-5.02281
-5.01637
-5.00514
-4.98954
-4.97127
-4.95086
-4.93017
-4.91094
-4.89648
-4.8917
-4.89667
-4.91172
-4.93325
-4.95489
-4.97228
-4.98211
-4.98365
-4.97846
-4.96908
-4.96138
-4.96244
-4.97315
-4.99477
-5.02239
-5.05077
-5.07399
-5.08804
-5.09222
-5.08968
-5.08314
-5.07481
-5.06838
-5.06154
-5.05628
-5.05372
-5.05409
-5.05992
-5.07023
-5.08401
-5.10099
-5.11889
-5.13701
-5.15234
-5.1645
-5.17019
-5.17298
-5.17165
-5.16605
-5.1548
-5.13853
-5.1156
-5.08782
-5.05781
-5.03058
-5.01006
-5.00376
-5.01334
-5.04098
-5.08125
-5.12929
-5.17687
-5.21837
-5.25019
-5.26903
-5.27394
-5.26517
-5.24139
-5.20473
-5.15849
-5.10795
-5.06059
-5.02353
-5.00194
-4.99619
-5.00547
-5.02348
-5.04721
-5.06981
-5.08867
-5.10335
-5.11146
-5.11518
-5.11341
-5.10475
-5.09081
-5.0681
-5.03931
-5.00777
-4.97733
-4.95391
-4.94034
-4.93944
-4.94925
-4.96986
-4.99465
-5.01914
-5.04299
-5.06382
-5.08281
-5.09929
-5.11502
-5.12856
-5.1385
-5.14582
-5.14865
-5.1463
-5.1384
-5.12534
-5.10897
-5.09545
-5.08844
-5.08831
-5.09314
-5.09804
-5.10084
-5.10237
-5.10259
-5.10138
-5.09879
-5.09384
-5.08558
-5.0765
-5.06643
-5.05631
-5.04695
-5.03912
-5.0321
-5.02668
-5.02239
-5.01893
-5.01561
-5.01365
-5.01548
-5.02153
-5.03059
-5.0385
-5.04268
-5.03662
-5.01973
-4.99295
-4.96321
-4.93709
-4.92164
-4.92167
-4.93279
-4.94863
-4.9622
-4.97447
-4.98577
-4.99591
-5.007
-5.01534
-5.01892
-5.01577
-5.00749
-4.99571
-4.98328
-4.97676
-4.98186
-5.00103
-5.03396
-5.07816
-5.12648
-5.17103
-5.20507
-5.22637
-5.23069
-5.21689
-5.18761
-5.1485
-5.10661
-5.06888
-5.03831
-5.01475
-4.99918
-4.98622
-4.97906
-4.98106
-4.9919
-5.01088
-5.0349
-5.0625
-5.09092
-5.1156
-5.13642
-5.14931
-5.1543
-5.14939
-5.13793
-5.12314
-5.10676
-5.09095
-5.07633
-5.06448
-5.05501
-5.0487
-5.04921
-5.05486
-5.06608
-5.0807
-5.0964
-5.11017
-5.12299
-5.13033
-5.13752
-5.14138
-5.14537
-5.15045
-5.1541
-5.15528
-5.15253
-5.14373
-5.1293
-5.10885
-5.08549
-5.06397
-5.04764
-5.03562
-5.02796
-5.02295
-5.02158
-5.02588
-5.03439
-5.04643
-5.06118
-5.07466
-5.0857
-5.09432
-5.102
-5.11068
-5.11868
-5.12658
-5.13608
-5.14549
-5.15482
-5.16133
-5.1628
-5.15808
-5.14639
-5.13026
-5.11351
-5.09862
-5.08568
-5.07753
-5.07138
-5.06719
-5.06385
-5.06022
-5.05501
-5.0478
-5.04141
-5.03655
-5.03344
-5.03481
-5.03984
-5.04786
-5.05786
-5.06991
-5.08153
-5.09311
-5.10328
-5.11234
-5.12093
-5.12852
-5.1348
-5.13816
-5.13759
-5.13333
-5.12837
-5.12143
-5.11547
-5.11394
-5.11612
-5.1243
-5.13742
-5.15158
-5.16367
-5.17222
-5.17463
-5.16964
-5.15819
-5.14327
-5.12509
-5.10831
-5.09255
-5.0792
-5.06841
-5.06212
-5.0566
-5.05524
-5.058
-5.06514
-5.07801
-5.0955
-5.1163
-5.13693
-5.156
-5.17025
-5.17843
-5.17848
-5.17071
-5.1529
-5.12708
-5.09311
-5.05784
-5.02606
-5.00578
-4.99855
-5.00314
-5.01629
-5.03359
-5.05198
-5.07071
-5.08899
-5.10664
-5.12291
-5.13367
-5.13732
-5.13518
-5.12887
-5.12022
-5.11227
-5.10383
-5.09701
-5.09066
-5.08361
-5.0738
-5.06233
-5.04799
-5.03124
-5.01419
-4.99933
-4.98801
-4.98224
-4.98031
-4.9816
-4.98514
-4.99129
-4.9993
-5.01125
-5.02763
-5.04536
-5.06263
-5.07481
-5.08009
-5.07798
-5.06639
-5.04843
-5.02731
-5.00367
-4.97961
-4.95521
-4.9348
-4.92103
-4.916
-4.91904
-4.92868
-4.94365
-4.96133
-4.9792
-4.99504
-5.00716
-5.01516
-5.01913
-5.01797
-5.01253
-5.00291
-4.99098
-4.97974
-4.96992
-4.96607
-4.96639
-4.96951
-4.978
-4.9915
-5.00902
-5.0306
-5.05334
-5.07544
-5.096
-5.1109
-5.11979
-5.12309
-5.12067
-5.11635
-5.10796
-5.0988
-5.08868
-5.07918
-5.06941
-5.05985
-5.04825
-5.03638
-5.02552
-5.01719
-5.01335
-5.01435
-5.01816
-5.02414
-5.03015
-5.0339
-5.03659
-5.03745
-5.03843
-5.03916
-5.04009
-5.03901
-5.03738
-5.03564
-5.03412
-5.0339
-5.03654
-5.0412
-5.0486
-5.05829
-5.07011
-5.08413
-5.09764
-5.11059
-5.11916
-5.125
-5.12868
-5.13106
-5.13097
-5.12804
-5.12411
-5.11958
-5.11538
-5.11105
-5.11091
-5.11106
-5.11135
-5.113
-5.11269
-5.11126
-5.10788
-5.10347
-5.09981
-5.09484
-5.08951
-5.08313
-5.07909
-5.07596
-5.07511
-5.07681
-5.07855
-5.07674
-5.07269
-5.06705
-5.06352
-5.06517
-5.07185
-5.08121
-5.09284
-5.10455
-5.11304
-5.11974
-5.12398
-5.12794
-5.13408
-5.14137
-5.15151
-5.16349
-5.17513
-5.18362
-5.18691
-5.18356
-5.17183
-5.15261
-5.1257
-5.09047
-5.04973
-5.00592
-4.96542
-4.93243
-4.9115
-4.9067
-4.91469
-4.93109
-4.95283
-4.97214
-4.98731
-4.99581
-4.99735
-4.99364
-4.9856
-4.97496
-4.96563
-4.96011
-4.95641
-4.95378
-4.9533
-4.95555
-4.95906
-4.96228
-4.96253
-4.95991
-4.95378
-4.94498
-4.93544
-4.92628
-4.9222
-4.92409
-4.93319
-4.94954
-4.96795
-4.98868
-5.0105
-5.0319
-5.05374
-5.07406
-5.09283
-5.10918
-5.12298
-5.13423
-5.14124
-5.14359
-5.14128
-5.13575
-5.12646
-5.11313
-5.09933
-5.08163
-5.0614
-5.03843
-5.01573
-4.99342
-4.97678
-4.96517
-4.96225
-4.96515
-4.97414
-4.98678
-5.00087
-5.01537
-5.0299
-5.04504
-5.06132
-5.07824
-5.09229
-5.10333
-5.11109
-5.11452
-5.11585
-5.11631
-5.11679
-5.11812
-5.12046
-5.12042
-5.12015
-5.11984
-5.12116
-5.12484
-5.13042
-5.1353
-5.13848
-5.13627
-5.12884
-5.1141
-5.09361
-5.06802
-5.04086
-5.01694
-4.99801
-4.98813
-4.98804
-4.99721
-5.0133
-5.03042
-5.04835
-5.06429
-5.07669
-5.08412
-5.08567
-5.08244
-5.07595
-5.06841
-5.05882
-5.04931
-5.04258
-5.03764
-5.03598
-5.03998
-5.04775
-5.05861
-5.06973
-5.0786
-5.08185
-5.08113
-5.07397
-5.06032
-5.04095
-5.01965
-4.99815
-4.97815
-4.96111
-4.94837
-4.93776
-4.92899
-4.92113
-4.91338
-4.90626
-4.89898
-4.89278
-4.88606
-4.88074
-4.88225
-4.89206
-4.90982
-4.93553
-4.96188
-4.98598
-5.00525
-5.01894
-5.02697
-5.03096
-5.03128
-5.02966
-5.02164
-5.0096
-4.99318
-4.97569
-4.95837
-4.94285
-4.93117
-4.92594
-4.92987
-4.94095
-4.95631
-4.97396
-4.99301
-5.00943
-5.0236
-5.03457
-5.04226
-5.0459
-5.04367
-5.03712
-5.02484
-5.01007
-4.99527
-4.98091
-4.97047
-4.96299
-4.95909
-4.95771
-4.95938
-4.96352
-4.97395
-4.99253
-5.01773
-5.04742
-5.07751
-5.10136
-5.11769
-5.12408
-5.12066
-5.10956
-5.09244
-5.07161
-5.05081
-5.03095
-5.01402
-5.00254
-4.99655
-4.99532
-4.99999
-5.00653
-5.01443
-5.02128
-5.0242
-5.02397
-5.01839
-5.00919
-4.9971
-4.9826
-4.96807
-4.95635
-4.94976
-4.94973
-4.95947
-4.97529
-4.99605
-5.01853
-5.04002
-5.06032
-5.07737
-5.09235
-5.10334
-5.11249
-5.11735
-5.11745
-5.11157
-5.09979
-5.08057
-5.05568
-5.02751
-4.99942
-4.97622
-4.96337
-4.96722
-4.9851
-5.01457
-5.0509
-5.08183
-5.10171
-5.10745
-5.09915
-5.08015
-5.0564
-5.03305
-5.01729
-5.01097
-5.0171
-5.03394
-5.05626
-5.08132
-5.10471
-5.12621
-5.14215
-5.15324
-5.15509
-5.14972
-5.13874
-5.12569
-5.11197
-5.09958
-5.08878
-5.07675
-5.06642
-5.05427
-5.04136
-5.02629
-5.01251
-5.00081
-4.99205
-4.98639
-4.98301
-4.97937
-4.97358
-4.96646
-4.96074
-4.95816
-4.9634
-4.98144
-5.00992
-5.0472
-5.09132
-5.13513
-5.17239
-5.19846
-5.21191
-5.21293
-5.20302
-5.18445
-5.16308
-5.14017
-5.1197
-5.1009
-5.08438
-5.06757
-5.05164
-5.039
-5.02923
-5.02313
-5.01977
-5.02028
-5.02682
-5.03885
-5.05398
-5.06963
-5.08577
-5.10107
-5.11284
-5.12063
-5.12393
-5.12494
-5.12387
-5.11908
-5.11143
-5.10086
-5.08852
-5.0714
-5.05218
-5.03161
-5.00978
-4.99097
-4.97614
-4.96783
-4.96209
-4.96013
-4.96192
-4.96645
-4.97579
-4.98875
-5.00688
-5.03037
-5.05736
-5.08515
-5.10937
-5.12701
-5.13537
-5.13293
-5.12058
-5.09655
-5.06303
-5.02313
-4.9828
-4.94968
-4.9309
-4.9331
-4.95444
-4.98502
-5.01976
-5.05146
-5.07397
-5.08646
-5.08978
-5.08361
-5.07002
-5.05197
-5.03192
-5.01385
-5.00286
-5.00159
-5.01208
-5.0294
-5.04819
-5.064
-5.0737
-5.07556
-5.0696
-5.05876
-5.04496
-5.0299
-5.01228
-4.99484
-4.97774
-4.96118
-4.94768
-4.93667
-4.9298
-4.92391
-4.92142
-4.92019
-4.92178
-4.9255
-4.93326
-4.93995
-4.94621
-4.94608
-4.93734
-4.92019
-4.89831
-4.87469
-4.85444
-4.84216
-4.84016
-4.85438
-4.88348
-4.92456
-4.97045
-5.01488
-5.05199
-5.07847
-5.09238
-5.09636
-5.09174
-5.08339
-5.07232
-5.06182
-5.05114
-5.04255
-5.03477
-5.02934
-5.02806
-5.03305
-5.04339
-5.0564
-5.07299
-5.0899
-5.10386
-5.11131
-5.11521
-5.11418
-5.1093
-5.09962
-5.08556
-5.0662
-5.04263
-5.01729
-4.99349
-4.97202
-4.95842
-4.9563
-4.96453
-4.98323
-5.00547
-5.02664
-5.04418
-5.05509
-5.05978
-5.05903
-5.05531
-5.05093
-5.04833
-5.04532
-5.0458
-5.04858
-5.05332
-5.05978
-5.06715
-5.07416
-5.07998
-5.08808
-5.09926
-5.10999
-5.11773
-5.11772
-5.10804
-5.08842
-5.06154
-5.03194
-5.00463
-4.98259
-4.96827
-4.96272
-4.96422
-4.97243
-4.98622
-5.00197
-5.0199
-5.03552
-5.0474
-5.05707
-5.06308
-5.06763
-5.0732
-5.0785
-5.08361
-5.0893
-5.09381
-5.09416
-5.08931
-5.07907
-5.06648
-5.05464
-5.05014
-5.05462
-5.06819
-5.08457
-5.10038
-5.10899
-5.10847
-5.1027
-5.09143
-5.07954
-5.06884
-5.06261
-5.06025
-5.05932
-5.05823
-5.05433
-5.04576
-5.03441
-5.02475
-5.01703
-5.01504
-5.01833
-5.0256
-5.03717
-5.05066
-5.06599
-5.08029
-5.09344
-5.10274
-5.11009
-5.11512
-5.11725
-5.11493
-5.10825
-5.10006
-5.0887
-5.07904
-5.06913
-5.0604
-5.05222
-5.04463
-5.0368
-5.03072
-5.02764
-5.0271
-5.02966
-5.03507
-5.04216
-5.04868
-5.05126
-5.04711
-5.03594
-5.02042
-5.00349
-4.98802
-4.97836
-4.97597
-4.97947
-4.98573
-4.98934
-4.98836
-4.98288
-4.97146
-4.95677
-4.94286
-4.92964
-4.91804
-4.90963
-4.90441
-4.90378
-4.90786
-4.91572
-4.92555
-4.93946
-4.95394
-4.96859
-4.98219
-4.99215
-4.99807
-5.00131
-5.00034
-4.99584
-4.98795
-4.97987
-4.97552
-4.9765
-4.98551
-5.00043
-5.0177
-5.03515
-5.05212
-5.06698
-5.07964
-5.09012
-5.09659
-5.10183
-5.10382
-5.10332
-5.09937
-5.08967
-5.07643
-5.05884
-5.03868
-5.0201
-5.00415
-4.99479
-4.98979
-4.99048
-4.9934
-4.99386
-4.99363
-4.99003
-4.9829
-4.97763
-4.97024
-4.96377
-4.95654
-4.94997
-4.94327
-4.94103
-4.94196
-4.94446
-4.94721
-4.95016
-4.95228
-4.9571
-4.96155
-4.96477
-4.97081
-4.97705
-4.98583
-4.99494
-5.00244
-5.01058
-5.01732
-5.02388
-5.03123
-5.03701
-5.04358
-5.04704
-5.04714
-5.04472
-5.0422
-5.04262
-5.04732
-5.05391
-5.06118
-5.06274
-5.05748
-5.04835
-5.03713
-5.02868
-5.02316
-5.0215
-5.01911
-5.01644
-5.01175
-5.01048
-5.01213
-5.02356
-5.04648
-5.07994
-5.11706
-5.15185
-5.17871
-5.19815
-5.20648
-5.20793
-5.20242
-5.19404
-5.18076
-5.16527
-5.14936
-5.13123
-5.11522
-5.10514
-5.1015
-5.10581
-5.11467
-5.12805
-5.14274
-5.15886
-5.17067
-5.182
-5.18947
-5.19206
-5.18943
-5.17896
-5.1611
-5.13504
-5.10168
-5.06359
-5.02366
-4.98401
-4.94788
-4.91792
-4.89393
-4.87852
-4.87088
-4.87233
-4.88403
-4.90708
-4.94204
-4.98715
-5.04004
-5.0935
-5.14275
-5.18245
-5.21197
-5.22875
-5.23415
-5.22863
-5.21431
-5.19451
-5.17304
-5.1558
-5.14373
-5.13723
-5.13265
-5.12673
-5.11739
-5.10343
-5.08795
-5.07154
-5.05595
-5.04422
-5.03774
-5.03445
-5.03382
-5.03141
-5.02703
-5.02112
-5.01462
-5.00859
-5.00553
-5.00302
-5.00214
-5.00303
-5.00367
-5.00501
-5.00816
-5.01454
-5.02334
-5.03416
-5.04836
-5.06324
-5.08091
-5.10208
-5.12632
-5.15325
-5.18063
-5.20669
-5.22444
-5.23315
-5.23032
-5.21845
-5.20018
-5.17791
-5.15494
-5.13619
-5.12531
-5.1234
-5.12791
-5.13612
-5.14486
-5.14977
-5.14782
-5.14087
-5.12901
-5.11513
-5.10308
-5.09342
-5.08869
-5.08866
-5.09156
-5.09396
-5.09635
-5.09625
-5.09424
-5.08947
-5.08171
-5.06763
-5.05275
-5.03509
-5.02238
-5.01603
-5.01815
-5.02614
-5.03883
-5.05165
-5.06104
-5.06749
-5.07113
-5.07309
-5.07416
-5.07686
-5.07702
-5.07583
-5.07551
-5.07142
-5.06728
-5.06437
-5.06145
-5.05918
-5.05699
-5.05314
-5.04756
-5.04101
-5.03445
-5.02737
-5.01839
-5.00861
-4.99865
-4.99124
-4.98674
-4.98924
-4.9983
-5.01305
-5.03084
-5.04932
-5.06905
-5.08858
-5.10447
-5.11815
-5.1245
-5.12671
-5.12511
-5.1204
-5.11403
-5.10559
-5.10003
-5.09674
-5.09765
-5.10079
-5.10404
-5.10229
-5.09279
-5.07484
-5.05276
-5.03554
-5.02251
-5.01394
-5.00672
-4.99823
-4.98949
-4.98032
-4.9738
-4.96967
-4.96959
-4.97359
-4.97979
-4.98918
-4.99905
-5.00976
-5.02047
-5.02908
-5.03279
-5.0333
-5.03117
-5.02609
-5.01911
-5.01127
-5.0045
-5.00291
-5.0062
-5.01586
-5.03392
-5.0537
-5.07108
-5.08367
-5.08853
-5.08548
-5.0767
-5.06531
-5.0545
-5.04723
-5.04663
-5.05031
-5.05834
-5.06758
-5.07737
-5.08585
-5.09178
-5.09531
-5.09813
-5.10075
-5.10012
-5.09773
-5.09263
-5.08433
-5.07659
-5.07268
-5.07486
-5.08446
-5.10004
-5.11433
-5.12655
-5.13217
-5.13527
-5.13733
-5.14117
-5.15263
-5.16913
-5.18646
-5.19716
-5.20043
-5.19642
-5.18661
-5.17348
-5.16057
-5.14699
-5.13493
-5.11829
-5.09996
-5.07605
-5.05285
-5.03352
-5.02553
-5.02968
-5.04228
-5.05573
-5.06169
-5.06146
-5.05564
-5.0474
-5.04205
-5.04141
-5.04787
-5.05812
-5.06896
-5.07892
-5.08447
-5.08648
-5.08237
-5.07304
-5.06328
-5.05207
-5.04326
-5.03611
-5.03193
-5.02884
-5.02663
-5.02527
-5.02343
-5.02494
-5.02985
-5.04202
-5.05603
-5.07068
-5.08243
-5.08717
-5.0825
-5.07108
-5.05328
-5.03418
-5.01387
-4.99851
-4.98808
-4.98773
-4.99501
-5.00866
-5.02482
-5.04171
-5.0583
-5.0739
-5.08925
-5.10274
-5.11586
-5.12863
-5.14144
-5.15317
-5.16384
-5.17181
-5.17768
-5.17816
-5.17144
-5.15604
-5.13508
-5.11137
-5.08625
-5.0607
-5.03563
-5.01051
-4.98832
-4.96976
-4.95593
-4.94806
-4.94827
-4.95432
-4.96583
-4.98109
-5.0007
-5.02352
-5.0484
-5.07421
-5.09838
-5.12068
-5.13827
-5.15043
-5.15595
-5.15386
-5.1478
-5.13889
-5.13057
-5.12816
-5.13019
-5.13662
-5.14384
-5.15053
-5.15889
-5.16464
-5.16705
-5.16719
-5.16371
-5.15795
-5.14836
-5.13294
-5.11096
-5.08539
-5.05848
-5.02939
-5.00387
-4.98353
-4.96749
-4.95611
-4.9482
-4.94208
-4.93773
-4.93585
-4.93626
-4.93992
-4.94949
-4.96432
-4.98353
-5.00791
-5.03457
-5.0611
-5.08293
-5.0966
-5.1036
-5.1042
-5.09919
-5.08974
-5.07652
-5.06121
-5.04561
-5.02873
-5.01089
-4.99522
-4.97955
-4.96604
-4.9572
-4.95541
-4.96267
-4.97722
-4.99728
-5.0189
-5.03972
-5.05659
-5.0697
-5.07948
-5.08519
-5.09033
-5.09278
-5.09661
-5.0998
-5.10471
-5.10804
-5.11377
-5.12159
-5.12919
-5.13778
-5.14565
-5.14983
-5.15071
-5.14529
-5.13637
-5.12437
-5.10937
-5.09332
-5.07809
-5.0631
-5.05134
-5.04161
-5.03753
-5.03645
-5.03606
-5.03505
-5.03306
-5.033
-5.03599
-5.04346
-5.05237
-5.06278
-5.07293
-5.07997
-5.08442
-5.08465
-5.07844
-5.06868
-5.06035
-5.05596
-5.0602
-5.07327
-5.09139
-5.11003
-5.1227
-5.12606
-5.11853
-5.09958
-5.07718
-5.05594
-5.03833
-5.02729
-5.0211
-5.01725
-5.01456
-5.01182
-5.01181
-5.01678
-5.02724
-5.04143
-5.05718
-5.07108
-5.07917
-5.0826
-5.07876
-5.07099
-5.06034
-5.05162
-5.04633
-5.04349
-5.04449
-5.04924
-5.05582
-5.06383
-5.07105
-5.07765
-5.08031
-5.08181
-5.08406
-5.08515
-5.08459
-5.08077
-5.07311
-5.06119
-5.04545
-5.02675
-5.0089
-4.99008
-4.97633
-4.96998
-4.97214
-4.98271
-4.99913
-5.01794
-5.03535
-5.04946
-5.05842
-5.06643
-5.07581
-5.08773
-5.09985
-5.11043
-5.11493
-5.11269
-5.10594
-5.09535
-5.08323
-5.07179
-5.06199
-5.05349
-5.04718
-5.04159
-5.03801
-5.03859
-5.04519
-5.0579
-5.07653
-5.09877
-5.12084
-5.13975
-5.15527
-5.16405
-5.16638
-5.16431
-5.1564
-5.14218
-5.12282
-5.09991
-5.07831
-5.06106
-5.04688
-5.04025
-5.0397
-5.04521
-5.05511
-5.06878
-5.08681
-5.10366
-5.11567
-5.11704
-5.10746
-5.08651
-5.05759
-5.02173
-4.98425
-4.95016
-4.92104
-4.90376
-4.89732
-4.9039
-4.92275
-4.94907
-4.98063
-5.01139
-5.03626
-5.05359
-5.06307
-5.06367
-5.05582
-5.04088
-5.02309
-5.00574
-4.99253
-4.98551
-4.986
-4.99355
-5.00733
-5.02524
-5.04509
-5.0668
-5.0893
-5.11078
-5.13169
-5.15075
-5.16948
-5.18766
-5.20478
-5.21925
-5.2313
-5.23744
-5.23872
-5.23593
-5.23002
-5.22101
-5.20749
-5.19166
-5.17557
-5.16023
-5.14745
-5.13753
-5.13021
-5.1232
-5.11486
-5.10506
-5.0938
-5.08175
-5.06912
-5.05901
-5.04872
-5.03853
-5.02629
-5.01728
-5.01536
-5.02342
-5.04265
-5.06602
-5.09187
-5.11604
-5.13228
-5.14051
-5.14024
-5.13215
-5.11659
-5.09611
-5.07403
-5.05272
-5.03663
-5.02843
-5.03003
-5.03676
-5.04568
-5.05531
-5.06236
-5.06404
-5.06051
-5.05385
-5.04554
-5.03779
-5.03149
-5.03117
-5.0381
-5.05014
-5.06939
-5.09107
-5.11255
-5.13117
-5.14328
-5.14971
-5.14895
-5.14364
-5.13534
-5.12765
-5.122
-5.11715
-5.11318
-5.10887
-5.10497
-5.098
-5.0884
-5.07652
-5.06163
-5.0436
-5.02292
-4.99752
-4.96749
-4.93938
-4.91883
-4.91398
-4.91944
-4.93384
-4.9518
-4.96651
-4.97923
-4.99152
-5.00755
-5.02772
-5.05135
-5.07786
-5.10499
-5.13319
-5.15664
-5.17552
-5.18697
-5.19293
-5.19206
-5.18473
-5.17386
-5.16142
-5.14858
-5.1373
-5.12881
-5.12167
-5.11544
-5.11118
-5.10306
-5.08982
-5.07384
-5.05312
-5.03254
-5.01295
-4.99848
-4.99091
-4.99045
-4.99834
-5.01348
-5.03105
-5.0489
-5.06393
-5.07357
-5.08201
-5.08822
-5.0942
-5.09945
-5.10497
-5.10851
-5.11077
-5.10746
-5.09745
-5.07975
-5.05547
-5.02951
-5.00322
-4.98167
-4.96477
-4.95223
-4.94616
-4.94316
-4.94629
-4.95444
-4.97219
-4.99631
-5.02662
-5.05763
-5.08694
-5.10996
-5.12601
-5.13527
-5.13838
-5.1344
-5.12623
-5.11444
-5.09819
-5.08075
-5.06238
-5.04742
-5.03638
-5.03199
-5.03432
-5.04278
-5.05678
-5.07536
-5.09509
-5.11332
-5.12715
-5.13345
-5.13211
-5.12337
-5.10918
-5.09032
-5.06694
-5.04353
-5.01777
-4.99514
-4.97218
-4.95201
-4.93507
-4.92454
-4.92229
-4.92539
-4.9317
-4.9396
-4.94641
-4.95642
-4.96934
-4.98884
-5.01496
-5.04444
-5.0727
-5.09692
-5.1138
-5.11982
-5.11679
-5.10288
-5.08108
-5.05666
-5.03333
-5.01852
-5.01532
-5.02666
-5.04956
-5.08136
-5.11608
-5.14804
-5.17154
-5.18284
-5.17957
-5.16434
-5.13872
-5.10749
-5.07379
-5.04199
-5.01229
-4.98812
-4.97117
-4.96333
-4.96044
-4.96235
-4.96786
-4.97146
-4.97614
-4.97822
-4.98126
-4.98901
-5.00296
-5.02696
-5.05869
-5.0948
-5.13246
-5.16521
-5.18879
-5.2016
-5.20309
-5.1929
-5.17033
-5.13967
-5.10193
-5.06383
-5.02586
-4.99398
-4.97527
-4.96851
-4.97652
-4.99588
-5.02195
-5.05249
-5.08432
-5.1135
-5.14156
-5.16532
-5.18455
-5.19704
-5.20293
-5.20016
-5.19075
-5.17769
-5.16125
-5.14407
-5.12562
-5.10814
-5.08897
-5.06805
-5.04626
-5.02667
-5.01197
-5.00447
-5.00576
-5.01389
-5.02719
-5.04203
-5.0511
-5.05274
-5.04189
-5.02089
-4.99466
-4.9696
-4.9548
-4.95612
-4.96781
-4.98826
-5.01195
-5.03536
-5.05642
-5.07406
-5.08757
-5.09591
-5.1012
-5.10256
-5.10348
-5.10575
-5.10968
-5.1096
-5.10508
-5.09516
-5.08036
-5.06404
-5.046
-5.03196
-5.02367
-5.02053
-5.02323
-5.02917
-5.0362
-5.04476
-5.05333
-5.05963
-5.06457
-5.06861
-5.0713
-5.07293
-5.07558
-5.08274
-5.09402
-5.10735
-5.12054
-5.12973
-5.13404
-5.13377
-5.13031
-5.12617
-5.12197
-5.11666
-5.10984
-5.09826
-5.08207
-5.06266
-5.04105
-5.01821
-4.99402
-4.97122
-4.9503
-4.934
-4.92499
-4.92779
-4.94224
-4.96766
-4.99844
-5.03104
-5.05948
-5.08082
-5.09314
-5.09567
-5.08923
-5.07851
-5.06247
-5.04761
-5.03332
-5.02421
-5.0184
-5.01841
-5.02239
-5.02938
-5.03684
-5.04481
-5.0505
-5.0571
-5.06083
-5.06369
-5.07017
-5.07611
-5.08461
-5.09648
-5.1103
-5.12168
-5.13071
-5.13461
-5.13207
-5.12432
