-3.47063
-3.47088
-3.47128
-3.47289
-3.47272
-3.47324
-3.47461
-3.47501
-3.47573
-3.47548
-3.47505
-3.47418
-3.47326
-3.47268
-3.47149
-3.47099
-3.47103
-3.47021
-3.46935
-3.47004
-3.47091
-3.47198
-3.47281
-3.4719
-3.47205
-3.47291
-3.47446
-3.47409
-3.47467
-3.47545
-3.4763
-3.47635
-3.47727
-3.47632
-3.47564
-3.47568
-3.47497
-3.47444
-3.4744
-3.47363
-3.47252
-3.47254
-3.47127
-3.47043
-3.46985
-3.47008
-3.46932
-3.4702
-3.4714
-3.47201
-3.47222
-3.47346
-3.47403
-3.47522
-3.476
-3.4763
-3.47773
-3.47745
-3.47808
-3.47711
-3.47642
-3.47556
-3.47484
-3.47458
-3.47408
-3.47413
-3.47404
-3.47471
-3.47485
-3.47496
-3.47442
-3.47303
-3.47169
-3.47204
-3.47049
-3.47012
-3.46993
-3.4705
-3.47164
-3.47247
-3.47397
-3.47526
-3.4761
-3.47693
-3.4769
-3.47578
-3.4759
-3.47571
-3.47471
-3.47391
-3.47345
-3.47234
-3.47204
-3.47122
-3.47147
-3.4734
-3.47455
-3.47506
-3.47546
-3.47603
-3.4755
-3.47625
-3.47688
-3.47762
-3.47668
-3.47661
-3.47585
-3.47495
-3.47499
-3.47539
-3.47615
-3.4773
-3.47837
-3.4778
-3.47863
-3.47826
-3.47822
-3.47701
-3.47508
-3.47309
-3.47225
-3.47148
-3.47029
-3.47025
-3.47104
-3.47156
-3.47273
-3.4742
-3.47536
-3.47565
-3.47733
-3.47755
-3.47698
-3.47539
-3.47449
-3.47448
-3.4745
-3.47382
-3.47382
-3.47393
-3.47354
-3.47357
-3.47293
-3.47308
-3.47305
-3.47339
-3.47514
-3.47396
-3.47443
-3.47393
-3.47406
-3.47366
-3.47453
-3.47448
-3.47366
-3.47438
-3.47457
-3.47455
-3.47495
-3.47551
-3.47519
-3.47412
-3.47488
-3.47452
-3.47408
-3.47295
-3.47318
-3.47397
-3.47426
-3.47513
-3.4752
-3.4762
-3.47665
-3.4776
-3.47726
-3.47698
-3.47808
-3.48003
-3.47969
-3.47944
-3.47887
-3.47881
-3.47829
-3.47828
-3.47694
-3.47741
-3.47664
-3.47676
-3.47609
-3.47721
-3.47765
-3.47665
-3.47553
-3.47508
-3.47477
-3.47408
-3.47283
-3.47395
-3.47402
-3.47396
-3.47558
-3.47699
-3.47759
-3.47818
-3.47791
-3.47875
-3.47801
-3.47826
-3.4785
-3.47722
-3.47606
-3.47506
-3.4747
-3.47409
-3.47432
-3.47433
-3.47519
-3.47517
-3.47543
-3.47677
-3.47697
-3.47758
-3.47745
-3.4767
-3.47493
-3.47511
-3.47424
-3.47333
-3.47278
-3.4726
-3.47229
-3.47257
-3.47321
-3.47404
-3.47458
-3.47526
-3.47495
-3.47525
-3.47594
-3.47683
-3.47644
-3.47516
-3.47446
-3.47435
-3.47314
-3.47347
-3.47321
-3.47382
-3.47428
-3.47571
-3.47757
-3.47825
-3.47902
-3.47983
-3.47988
-3.4792
-3.47831
-3.47729
-3.47591
-3.47492
-3.47545
-3.47458
-3.4743
-3.47602
-3.47561
-3.47583
-3.47567
-3.47595
-3.47509
-3.47486
-3.47531
-3.47549
-3.47554
-3.47657
-3.4765
-3.47722
-3.47826
-3.47868
-3.47762
-3.47732
-3.47821
-3.4778
-3.47826
-3.47822
-3.47824
-3.47855
-3.4782
-3.47717
-3.47762
-3.47823
-3.47774
-3.4785
-3.47932
-3.47907
-3.47978
-3.47964
-3.48096
-3.48061
-3.48063
-3.48254
-3.48192
-3.48196
-3.48126
-3.48044
-3.48028
-3.47965
-3.47914
-3.47882
-3.47873
-3.47865
-3.47855
-3.47851
-3.47821
-3.47835
-3.47843
-3.47714
-3.47665
-3.47662
-3.47685
-3.47595
-3.47559
-3.47477
-3.47497
-3.47664
-3.47721
-3.47925
-3.48063
-3.48169
-3.48221
-3.48321
-3.4829
-3.48314
-3.48363
-3.483
-3.48198
-3.48106
-3.48106
-3.48011
-3.47816
-3.47742
-3.47711
-3.47706
-3.47749
-3.47763
-3.47944
-3.4793
-3.48142
-3.48216
-3.483
-3.48393
-3.484
-3.48191
-3.47932
-3.47839
-3.47714
-3.47511
-3.47526
-3.47514
-3.47496
-3.47554
-3.47578
-3.47658
-3.4771
-3.47799
-3.47819
-3.47828
-3.47776
-3.47819
-3.47716
-3.47582
-3.47571
-3.47648
-3.47608
-3.47579
-3.4763
-3.47582
-3.47548
-3.4755
-3.47433
-3.47417
-3.4739
-3.47348
-3.47263
-3.4733
-3.47384
-3.47399
-3.47496
-3.47569
-3.4767
-3.47614
-3.47617
-3.47696
-3.47716
-3.47709
-3.47748
-3.47682
-3.47589
-3.47577
-3.47457
-3.47506
-3.47439
-3.47306
-3.4726
-3.47215
-3.47177
-3.47215
-3.47244
-3.47328
-3.47426
-3.47561
-3.47599
-3.47663
-3.47701
-3.47628
-3.47556
-3.47423
-3.47401
-3.47335
-3.47275
-3.47262
-3.47326
-3.47203
-3.47223
-3.47145
-3.47157
-3.47134
-3.47235
-3.47371
-3.47458
-3.47524
-3.47538
-3.47599
-3.47561
-3.47516
-3.47449
-3.47478
-3.47427
-3.4745
-3.47534
-3.47598
-3.47642
-3.47616
-3.47389
-3.4727
-3.47251
-3.47148
-3.47185
-3.47178
-3.47303
-3.4739
-3.47433
-3.47418
-3.47479
-3.47556
-3.4754
-3.47458
-3.47476
-3.47495
-3.47401
-3.47439
-3.47509
-3.47517
-3.47541
-3.47504
-3.47421
-3.47367
-3.47329
-3.47167
-3.4707
-3.47024
-3.46861
-3.46919
-3.47019
-3.47055
-3.47088
-3.47126
-3.47188
-3.47278
-3.47402
-3.47387
-3.47402
-3.47292
-3.47175
-3.4714
-3.47224
-3.47358
-3.47419
-3.47417
-3.47355
-3.474
-3.47185
-3.472
-3.47199
-3.47111
-3.47131
-3.4717
-3.47173
-3.47171
-3.4724
-3.47276
-3.47345
-3.47341
-3.47311
-3.47346
-3.47219
-3.47379
-3.47397
-3.47454
-3.47372
-3.47353
-3.47329
-3.47187
-3.47039
-3.47041
-3.47107
-3.47153
-3.47196
-3.47194
-3.47215
-3.47279
-3.47442
-3.47596
-3.47534
-3.47628
-3.47749
-3.47698
-3.47735
-3.47617
-3.47551
-3.47429
-3.47545
-3.47419
-3.47461
-3.47472
-3.47524
-3.47498
-3.47624
-3.47803
-3.47756
-3.47835
-3.47834
-3.47689
-3.47657
-3.47581
-3.47468
-3.47547
-3.47501
-3.47586
-3.47529
-3.47569
-3.4766
-3.47572
-3.47474
-3.47551
-3.47716
-3.47818
-3.47731
-3.47837
-3.47896
-3.47858
-3.4783
-3.47821
-3.47784
-3.47849
-3.47835
-3.47888
-3.47864
-3.4788
-3.47865
-3.4797
-3.48148
-3.48133
-3.48105
-3.48086
-3.4797
-3.47986
-3.48113
-3.48131
-3.4817
-3.48215
-3.48225
-3.48145
-3.48032
-3.48005
-3.47965
-3.479
-3.47977
-3.47968
-3.47988
-3.47972
-3.48009
-3.48021
-3.47978
-3.47987
-3.47924
-3.47861
-3.47856
-3.47849
-3.47954
-3.4804
-3.48131
-3.48013
-3.47859
-3.47809
-3.47788
-3.47695
-3.47595
-3.4755
-3.47511
-3.47623
-3.47732
-3.47842
-3.47993
-3.48067
-3.48262
-3.48373
-3.48421
-3.48342
-3.48101
-3.48022
-3.47789
-3.47702
-3.47593
-3.47499
-3.47424
-3.47349
-3.47409
-3.47582
-3.47612
-3.47539
-3.47596
-3.47644
-3.47617
-3.47737
-3.47931
-3.48008
-3.48097
-3.48007
-3.478
-3.47669
-3.47628
-3.477
-3.47716
-3.47683
-3.47607
-3.47476
-3.47298
-3.47309
-3.47272
-3.473
-3.47328
-3.47348
-3.47474
-3.47428
-3.47296
-3.47347
-3.4734
-3.47395
-3.47407
-3.47279
-3.47295
-3.47378
-3.47472
-3.47448
-3.47614
-3.47687
-3.47732
-3.47652
-3.47631
-3.476
-3.47616
-3.47623
-3.47578
-3.47546
-3.47634
-3.47701
-3.47677
-3.47741
-3.47764
-3.47778
-3.47745
-3.47711
-3.4773
-3.47492
-3.47414
-3.47375
-3.47461
-3.47438
-3.47392
-3.47373
-3.47527
-3.47625
-3.47707
-3.47788
-3.4769
-3.47684
-3.47724
-3.477
-3.47653
-3.47515
-3.47462
-3.47275
-3.47213
-3.4724
-3.47267
-3.47235
-3.47268
-3.47256
-3.47281
-3.47343
-3.47284
-3.47416
-3.47448
-3.47456
-3.47508
-3.47623
-3.4757
-3.47488
-3.47474
-3.47439
-3.47454
-3.47446
-3.47352
-3.4738
-3.47362
-3.47328
-3.47219
-3.47234
-3.47225
-3.47177
-3.47198
-3.47183
-3.47074
-3.47134
-3.47227
-3.47327
-3.47426
-3.47328
-3.4724
-3.47298
-3.47182
-3.47199
-3.47277
-3.47409
-3.47636
-3.477
-3.47902
-3.47893
-3.47854
-3.47746
-3.47844
-3.4768
-3.47637
-3.47613
-3.475
-3.47416
-3.47523
-3.4755
-3.47647
-3.4767
-3.47798
-3.4779
-3.4781
-3.47695
-3.47635
-3.47585
-3.47593
-3.4756
-3.47616
-3.47669
-3.47814
-3.48007
-3.48152
-3.48201
-3.48118
-3.48116
-3.48091
-3.47995
-3.47857
-3.47872
-3.47863
-3.4786
-3.47533
-3.47536
-3.47358
-3.47346
-3.47324
-3.47322
-3.47406
-3.47333
-3.47302
-3.47278
-3.47262
-3.47349
-3.4762
-3.4782
-3.47978
-3.48014
-3.47978
-3.48052
-3.48025
-3.48116
-3.48122
-3.48027
-3.47959
-3.48025
-3.48092
-3.47871
-3.47768
-3.47687
-3.47652
-3.47733
-3.47666
-3.47619
-3.47683
-3.47775
-3.47852
-3.48006
-3.48046
-3.47936
-3.47946
-3.47931
-3.47825
-3.47811
-3.47714
-3.47624
-3.47621
-3.47849
-3.47994
-3.48054
-3.48212
-3.48271
-3.48368
-3.48328
-3.48282
-3.48246
-3.48274
-3.48228
-3.48152
-3.4812
-3.48072
-3.48108
-3.4817
-3.48119
-3.48142
-3.48259
-3.48179
-3.48091
-3.48267
-3.48406
-3.48334
-3.48317
-3.48425
-3.48372
-3.48297
-3.48353
-3.48346
-3.48273
-3.48271
-3.48196
-3.48095
-3.48081
-3.48082
-3.47966
-3.47971
-3.47823
-3.47791
-3.4784
-3.4782
-3.47974
-3.4812
-3.48031
-3.48218
-3.48206
-3.48276
-3.48285
-3.48258
-3.48073
-3.4799
-3.47896
-3.47741
-3.47717
-3.47622
-3.47553
-3.476
-3.47683
-3.47671
-3.47635
-3.47606
-3.4744
-3.4739
-3.47442
-3.47402
-3.47334
-3.47371
-3.47517
-3.47498
-3.47502
-3.47494
-3.47482
-3.47601
-3.47623
-3.47596
-3.47664
-3.47691
-3.47739
-3.47692
-3.47638
-3.47655
-3.47677
-3.47622
-3.47648
-3.47778
-3.4781
-3.4792
-3.47947
-3.47929
-3.47923
-3.47885
-3.4785
-3.47852
-3.47671
-3.47445
-3.47272
-3.47098
-3.46998
-3.46942
-3.46852
-3.46832
-3.47017
-3.47124
-3.47232
-3.47414
-3.47464
-3.47601
-3.47575
-3.47553
-3.47585
-3.4761
-3.47581
-3.47551
-3.47595
-3.47652
-3.47816
-3.47806
-3.47726
-3.47624
-3.47492
-3.47465
-3.4744
-3.47382
-3.47359
-3.47349
-3.47368
-3.47335
-3.47375
-3.47395
-3.47393
-3.47416
-3.47372
-3.47414
-3.47421
-3.47348
-3.47332
-3.47384
-3.47403
-3.47331
-3.47398
-3.47336
-3.47265
-3.47354
-3.47399
-3.47288
-3.47296
-3.47278
-3.47338
-3.47327
-3.47246
-3.47388
-3.47461
-3.4748
-3.47464
-3.47454
-3.47576
-3.47501
-3.47504
-3.47453
-3.47528
-3.47485
-3.47438
-3.47362
-3.47367
-3.47458
-3.47587
-3.47631
-3.47635
-3.475
-3.47421
-3.47384
-3.47495
-3.47603
-3.47597
-3.4771
-3.47643
-3.47678
-3.47552
-3.47547
-3.47502
-3.47542
-3.47483
-3.4749
-3.47497
-3.47476
-3.47663
-3.47609
-3.47551
-3.47531
-3.47576
-3.47613
-3.47532
-3.47587
-3.47661
-3.4773
-3.47697
-3.47619
-3.47679
-3.47551
-3.47566
-3.47542
-3.47642
-3.47668
-3.47732
-3.47771
-3.47849
-3.4797
-3.47914
-3.47904
-3.47862
-3.47761
-3.47746
-3.47706
-3.47637
-3.47536
-3.47446
-3.47396
-3.47512
-3.47605
-3.4769
-3.47779
-3.4782
-3.4778
-3.47778
-3.47603
-3.47525
-3.47544
-3.47412
-3.47226
-3.47307
-3.47393
-3.47571
-3.47753
-3.47761
-3.47704
-3.47637
-3.47654
-3.47787
-3.47785
-3.47758
-3.47717
-3.47557
-3.47523
-3.47406
-3.4751
-3.4747
-3.47562
-3.4772
-3.47854
-3.47767
-3.47892
-3.47942
-3.47852
-3.47801
-3.47809
-3.47833
-3.4792
-3.4798
-3.48
-3.47846
-3.47849
-3.47827
-3.47865
-3.47768
-3.47798
-3.47779
-3.47851
-3.47962
-3.48087
-3.48079
-3.48056
-3.4802
-3.4799
-3.48026
-3.47946
-3.47979
-3.47929
-3.47855
-3.47736
-3.47581
-3.47539
-3.47356
-3.47255
-3.47317
-3.47437
-3.47462
-3.47481
-3.47557
-3.47545
-3.47587
-3.477
-3.47731
-3.47654
-3.47624
-3.47519
-3.47452
-3.47432
-3.47518
-3.47615
-3.47801
-3.47857
-3.47885
-3.47903
-3.4796
-3.48018
-3.48017
-3.48057
-3.48054
-3.47992
-3.47751
-3.47661
-3.47537
-3.47556
-3.47519
-3.47469
-3.47519
-3.47634
-3.47771
-3.47955
-3.48071
-3.48311
-3.48492
-3.485
-3.48532
-3.48459
-3.48322
-3.48333
-3.48198
-3.48155
-3.48105
-3.48128
-3.48111
-3.48192
-3.48309
-3.48324
-3.48392
-3.48469
-3.48386
-3.48379
-3.48323
-3.48294
-3.4816
-3.48152
-3.48063
-3.47915
-3.47833
-3.47746
-3.47686
-3.47635
-3.47668
-3.47653
-3.47762
-3.47703
-3.47781
-3.47895
-3.47977
-3.48049
-3.48025
-3.48015
-3.4803
-3.48037
-3.48058
-3.47974
-3.47844
-3.4779
-3.4793
-3.47931
-3.48021
-3.47912
-3.47851
-3.47801
-3.47781
-3.47855
-3.47837
-3.47793
-3.47803
-3.47721
-3.47682
-3.47645
-3.47678
-3.47708
-3.47754
-3.47682
-3.47649
-3.47661
-3.47757
-3.47866
-3.47989
-3.48207
-3.48303
-3.48345
-3.4831
-3.48369
-3.48374
-3.48186
-3.47919
-3.47689
-3.47521
-3.47481
-3.47565
-3.47679
-3.4779
-3.47887
-3.48122
-3.48219
-3.48227
-3.48148
-3.48254
-3.48263
-3.48196
-3.48048
-3.4791
-3.48015
-3.47956
-3.47944
-3.48028
-3.48065
-3.47925
-3.47888
-3.47769
-3.47638
-3.47637
-3.4762
-3.47635
-3.47546
-3.47592
-3.4762
-3.47662
-3.47659
-3.47684
-3.47805
-3.47906
-3.47798
-3.47902
-3.47823
-3.47831
-3.47881
-3.47889
-3.47851
-3.47823
-3.47797
-3.47773
-3.47728
-3.47575
-3.47559
-3.47552
-3.47505
-3.4762
-3.4761
-3.47572
-3.4756
-3.47616
-3.47844
-3.47935
-3.48039
-3.48098
-3.48049
-3.47982
-3.47908
-3.47931
-3.4781
-3.47644
-3.47596
-3.47676
-3.47668
-3.47725
-3.4779
-3.47601
-3.47676
-3.47637
-3.47699
-3.47743
-3.47766
-3.47811
-3.47727
-3.47725
-3.47727
-3.4764
-3.47542
-3.47576
-3.47587
-3.47702
-3.47751
-3.47685
-3.4778
-3.47837
-3.47883
-3.47816
-3.4791
-3.47997
-3.48025
-3.47985
-3.47914
-3.47759
-3.47767
-3.47682
-3.47641
-3.47612
-3.47699
-3.47691
-3.47803
-3.47769
-3.47628
-3.476
-3.47553
-3.47653
-3.47709
-3.47799
-3.47883
-3.47892
-3.47949
-3.47996
-3.48016
-3.48002
-3.48023
-3.48029
-3.47934
-3.47947
-3.47842
-3.47744
-3.47531
-3.47666
-3.47752
-3.4776
-3.47821
-3.47915
-3.48024
-3.48054
-3.4815
-3.48176
-3.48068
-3.48054
-3.48049
-3.4811
-3.48017
-3.47986
-3.48047
-3.47935
-3.47996
-3.47989
-3.4801
-3.48075
-3.48163
-3.48276
-3.48409
-3.48455
-3.48521
-3.48432
-3.48534
-3.48483
-3.48421
-3.48283
-3.48243
-3.48191
-3.48106
-3.47999
-3.48042
-3.47962
-3.47914
-3.47976
-3.47853
-3.47844
-3.47938
-3.4785
-3.47894
-3.47813
-3.47828
-3.47893
-3.47894
-3.47929
-3.47898
-3.47862
-3.47846
-3.47724
-3.47641
-3.47545
-3.47493
-3.47499
-3.47373
-3.47248
-3.47243
-3.47281
-3.47365
-3.47364
-3.47409
-3.4747
-3.47528
-3.4752
-3.47564
-3.47716
-3.47713
-3.47755
-3.47787
-3.47734
-3.4785
-3.47985
-3.47967
-3.47889
-3.47851
-3.47821
-3.47709
-3.47793
-3.47769
-3.4774
-3.47636
-3.47595
-3.47502
-3.47472
-3.47501
-3.47612
-3.47789
-3.47841
-3.47949
-3.47958
-3.47867
-3.47728
-3.47649
-3.47672
-3.47653
-3.47562
-3.47605
-3.47561
-3.47621
-3.476
-3.47511
-3.47626
-3.47533
-3.47653
-3.47608
-3.47541
-3.4742
-3.47441
-3.47509
-3.47519
-3.47561
-3.47533
-3.47526
-3.47453
-3.47448
-3.47428
-3.47389
-3.47322
-3.47318
-3.47286
-3.47351
-3.4731
-3.47292
-3.47374
-3.47432
-3.47412
-3.47372
-3.47422
-3.4731
-3.47374
-3.47349
-3.47451
-3.47485
-3.47572
-3.47588
-3.47662
-3.47637
-3.47648
-3.47679
-3.47649
-3.47572
-3.47593
-3.47621
-3.47627
-3.47577
-3.47689
-3.47621
-3.47614
-3.47634
-3.47673
-3.47712
-3.47787
-3.47673
-3.47769
-3.47741
-3.47773
-3.477
-3.4775
-3.47835
-3.47656
-3.4755
-3.47415
-3.47335
-3.47375
-3.47346
-3.47342
-3.47394
-3.47396
-3.47508
-3.47571
-3.47788
-3.4789
-3.48033
-3.48147
-3.48184
-3.48074
-3.48047
-3.47976
-3.48048
-3.48
-3.47887
-3.47734
-3.47815
-3.47767
-3.47701
-3.47785
-3.47753
-3.47702
-3.47737
-3.47742
-3.47667
-3.47494
-3.47522
-3.47512
-3.4749
-3.4758
-3.47556
-3.47558
-3.47496
-3.47486
-3.47406
-3.47493
-3.47552
-3.47532
-3.47471
-3.47484
-3.47525
-3.47592
-3.47551
-3.4755
-3.47663
-3.47659
-3.47575
-3.47424
-3.47309
-3.47295
-3.47276
-3.47228
-3.47174
-3.47193
-3.47361
-3.47352
-3.4737
-3.47382
-3.47452
-3.47512
-3.4749
-3.47441
-3.47431
-3.47284
-3.4723
-3.47192
-3.47215
-3.47185
-3.47305
-3.47431
-3.47361
-3.47437
-3.47371
-3.47269
-3.47107
-3.47104
-3.47031
-3.47004
-3.47002
-3.46983
-3.46991
-3.47066
-3.47135
-3.47272
-3.47238
-3.47316
-3.47327
-3.4731
-3.4736
-3.47306
-3.47269
-3.47311
-3.47219
-3.47218
-3.47297
-3.47319
-3.47405
-3.47372
-3.47324
-3.47231
-3.47338
-3.47432
-3.47432
-3.47395
-3.47466
-3.47482
-3.47377
-3.47376
-3.47444
-3.47545
-3.47659
-3.47785
-3.47813
-3.47954
-3.47857
-3.47784
-3.47746
-3.47752
-3.47819
-3.47763
-3.47697
-3.47674
-3.47651
-3.47679
-3.47635
-3.47412
-3.47307
-3.47392
-3.47436
-3.47341
-3.47311
-3.47316
-3.4735
-3.47354
-3.47441
-3.47422
-3.47564
-3.47542
-3.47654
-3.47682
-3.47627
-3.47471
-3.47427
-3.47347
-3.47349
-3.47316
-3.47384
-3.47529
-3.47716
-3.47798
-3.47885
-3.47921
-3.47945
-3.47997
-3.47942
-3.47951
-3.47975
-3.47931
-3.47914
-3.47732
-3.47588
-3.47534
-3.47545
-3.47568
-3.47676
-3.47578
-3.47703
-3.47803
-3.47845
-3.47942
-3.4809
-3.48237
-3.48307
-3.48336
-3.48265
-3.4822
-3.48072
-3.47989
-3.47822
-3.47718
-3.47618
-3.47452
-3.475
-3.47579
-3.4761
-3.47608
-3.47649
-3.47665
-3.47655
-3.477
-3.4769
-3.47769
-3.47854
-3.47838
-3.4784
-3.47841
-3.47773
-3.478
-3.47826
-3.47866
-3.47861
-3.47801
-3.47754
-3.4769
-3.47644
-3.47673
-3.47763
-3.47916
-3.48066
-3.48101
-3.48118
-3.47959
-3.48039
-3.47832
-3.47828
-3.47776
-3.47816
-3.47851
-3.47954
-3.47862
-3.47911
-3.48012
-3.48075
-3.48054
-3.47949
-3.47872
-3.47782
-3.47833
-3.47862
-3.47766
-3.47714
-3.47762
-3.47776
-3.47759
-3.47762
-3.47759
-3.47713
-3.47788
-3.47782
-3.47741
-3.47659
-3.47528
-3.47453
-3.47382
-3.47319
-3.47205
-3.47284
-3.47387
-3.47401
-3.47525
-3.47536
-3.47445
-3.47315
-3.47237
-3.47257
-3.47106
-3.47151
-3.47116
-3.47077
-3.4716
-3.47054
-3.4696
-3.47177
-3.47186
-3.47346
-3.47336
-3.47344
-3.47407
-3.47376
-3.47334
-3.47166
-3.47145
-3.47105
-3.47093
-3.47047
-3.47066
-3.47001
-3.47063
-3.47153
-3.47281
-3.47427
-3.47558
-3.47494
-3.47518
-3.47464
-3.47473
-3.47398
-3.4735
-3.47336
-3.47242
-3.4729
-3.47143
-3.47128
-3.47068
-3.47145
-3.47164
-3.47214
-3.47339
-3.4739
-3.47485
-3.47558
-3.47717
-3.47695
-3.47812
-3.47803
-3.4779
-3.47749
-3.4775
-3.47722
-3.47764
-3.4775
-3.47648
-3.47634
-3.4757
-3.47471
-3.4754
-3.47575
-3.47667
-3.47833
-3.47884
-3.47898
-3.47878
-3.47856
-3.47889
-3.47958
-3.47907
-3.47872
-3.4776
-3.47754
-3.47659
-3.47601
-3.47391
-3.47254
-3.4712
-3.47083
-3.47088
-3.47115
-3.47174
-3.47313
-3.47434
-3.47548
-3.47624
-3.4759
-3.47604
-3.47713
-3.47681
-3.47737
-3.47836
-3.47791
-3.4788
-3.47829
-3.47768
-3.47663
-3.47604
-3.47518
-3.47547
-3.47561
-3.47446
-3.47433
-3.47392
-3.47311
-3.47274
-3.47332
-3.47405
-3.47347
-3.47499
-3.47556
-3.47708
-3.47774
-3.47767
-3.47759
-3.47755
-3.47588
-3.47702
-3.47757
-3.47774
-3.47693
-3.47477
-3.47351
-3.47282
-3.47253
-3.472
-3.47337
-3.47404
-3.47405
-3.47408
-3.47269
-3.47345
-3.47427
-3.47527
-3.47477
-3.47506
-3.47668
-3.47755
-3.47807
-3.47862
-3.47852
-3.47798
-3.47626
-3.47421
-3.47369
-3.47388
-3.47414
-3.47483
-3.47525
-3.47509
-3.47339
-3.47315
-3.47464
-3.47613
-3.4773
-3.47836
-3.4786
-3.47851
-3.47876
-3.47956
-3.47936
-3.48022
-3.47996
-3.48098
-3.48029
-3.48055
-3.48002
-3.47885
-3.47882
-3.47776
-3.4778
-3.47783
-3.47817
-3.48035
-3.48033
-3.48107
-3.47998
-3.48014
-3.47964
-3.48065
-3.48156
-3.48233
-3.48181
-3.4817
-3.48174
-3.48026
-3.47877
-3.47742
-3.47747
-3.47856
-3.47994
-3.48083
-3.48149
-3.48139
-3.48121
-3.48189
-3.48137
-3.48134
-3.48149
-3.4815
-3.48213
-3.48168
-3.48197
-3.48315
-3.48314
-3.48402
-3.48429
-3.48424
-3.48392
-3.48444
-3.48517
-3.48474
-3.48526
-3.48398
-3.48388
-3.48382
-3.48341
-3.4828
-3.48267
-3.48176
-3.48182
-3.48108
-3.4806
-3.47914
-3.47837
-3.47777
-3.47833
-3.47784
-3.47765
-3.47623
-3.47603
-3.47615
-3.47684
-3.47739
-3.47726
-3.47768
-3.47763
-3.47776
-3.47777
-3.4772
-3.47734
-3.47709
-3.47776
-3.47686
-3.47676
-3.47655
-3.47654
-3.47557
-3.47578
-3.47415
-3.47428
-3.47463
-3.47482
-3.47298
-3.47229
-3.47073
-3.46928
-3.46972
-3.46995
-3.46935
-3.46897
-3.47015
-3.4709
-3.47167
-3.47331
-3.47513
-3.47669
-3.4773
-3.47804
-3.47893
-3.47931
-3.47837
-3.47685
-3.47453
-3.47394
-3.47231
-3.47239
-3.4739
-3.47399
-3.475
-3.47675
-3.47699
-3.47705
-3.47726
-3.47811
-3.47737
-3.47704
-3.47713
-3.4775
-3.47708
-3.47889
-3.479
-3.47879
-3.47855
-3.47902
-3.47907
-3.47837
-3.47752
-3.47768
-3.47709
-3.47687
-3.47653
-3.4771
-3.4778
-3.47735
-3.47775
-3.47752
-3.47683
-3.47702
-3.47711
-3.47791
-3.47826
-3.47856
-3.47835
-3.47844
-3.47853
-3.47815
-3.47771
-3.478
-3.47979
-3.48073
-3.48192
-3.48232
-3.48273
-3.48219
-3.47997
-3.47967
-3.47866
-3.47787
-3.4782
-3.47885
-3.47817
-3.47803
-3.47832
-3.47969
-3.48063
-3.48241
-3.48351
-3.48365
-3.48497
-3.48517
-3.485
-3.48545
-3.48543
-3.48456
-3.48393
-3.48475
-3.484
-3.48354
-3.48186
-3.48167
-3.48079
-3.48128
-3.47993
-3.48097
-3.48109
-3.48048
-3.48101
-3.48151
-3.48187
-3.48233
-3.48224
-3.48293
-3.48207
-3.48091
-3.48022
-3.47926
-3.47863
-3.4787
-3.47799
-3.47738
-3.47737
-3.47634
-3.47602
-3.47576
-3.47629
-3.47806
-3.4782
-3.47792
-3.47696
-3.47631
-3.47567
-3.47601
-3.47569
-3.47545
-3.47477
-3.47386
-3.47359
-3.47255
-3.47313
-3.47325
-3.47436
-3.47477
-3.47446
-3.47403
-3.47332
-3.47223
-3.47234
-3.47353
-3.47415
-3.4746
-3.4748
-3.47569
-3.4753
-3.47491
-3.47439
-3.47502
-3.47606
-3.47537
-3.47578
-3.47612
-3.47558
-3.47551
-3.47517
-3.4754
-3.47552
-3.47611
-3.47719
-3.47873
-3.47887
-3.47933
-3.47843
-3.47827
-3.47844
-3.47814
-3.47779
-3.47722
-3.47667
-3.47632
-3.47525
-3.47466
-3.47501
-3.47392
-3.47632
-3.47804
-3.47945
-3.48082
-3.48122
-3.48078
-3.4803
-3.47866
-3.47754
-3.47595
-3.4755
-3.47416
-3.47451
-3.4741
-3.4748
-3.4753
-3.47517
-3.47572
-3.47638
-3.47555
-3.47497
-3.47343
-3.47473
-3.47534
-3.47548
-3.47684
-3.47655
-3.47634
-3.47575
-3.47608
-3.47519
-3.47433
-3.47363
-3.47218
-3.47203
-3.47173
-3.47287
-3.47408
-3.4742
-3.47573
-3.47644
-3.47664
-3.47706
-3.47554
-3.4756
-3.47575
-3.47534
-3.47524
-3.47506
-3.4754
-3.47517
-3.47475
-3.475
-3.47562
-3.47538
-3.47455
-3.47385
-3.47271
-3.472
-3.47062
-3.47045
-3.46991
-3.47028
-3.47024
-3.47129
-3.47129
-3.47108
-3.47163
-3.47119
-3.47074
-3.47042
-3.47056
-3.47138
-3.47239
-3.47221
-3.47292
-3.47339
-3.47326
-3.47295
-3.471
-3.4714
-3.47074
-3.47004
-3.47211
-3.47219
-3.4731
-3.47379
-3.47277
-3.47256
-3.47216
-3.47221
-3.4712
-3.47153
-3.47112
-3.47073
-3.47034
-3.47097
-3.47036
-3.47097
-3.47194
-3.47302
-3.47419
-3.4747
-3.47514
-3.47523
-3.47658
-3.47799
-3.4778
-3.47654
-3.47617
-3.47557
-3.47422
-3.47363
-3.47296
-3.47304
-3.47429
-3.47553
-3.47561
-3.47571
-3.47604
-3.4761
-3.475
-3.47435
-3.47426
-3.47405
-3.47509
-3.47584
-3.47575
-3.47577
-3.47515
-3.4752
-3.47563
-3.47668
-3.47713
-3.47677
-3.47594
-3.47628
-3.47636
-3.47717
-3.47771
-3.47853
-3.47826
-3.47791
-3.47631
-3.47472
-3.47336
-3.47359
-3.47443
-3.47518
-3.47642
-3.47718
-3.47748
-3.47761
-3.47668
-3.47692
-3.47713
-3.47732
-3.47679
-3.4768
-3.47601
-3.47658
-3.47788
-3.47825
-3.47871
-3.47954
-3.48006
-3.47832
-3.47617
-3.47571
-3.47593
-3.4764
-3.47737
-3.47944
-3.47897
-3.47809
-3.47837
-3.4786
-3.47879
-3.47764
-3.47823
-3.47795
-3.47764
-3.47807
-3.47827
-3.47884
-3.47863
-3.47705
-3.47614
-3.47599
-3.47501
-3.47458
-3.47439
-3.47439
-3.47545
-3.47604
-3.47595
-3.47676
-3.47717
-3.47731
-3.47771
-3.47937
-3.47935
-3.48001
-3.48013
-3.47944
-3.48039
-3.48044
-3.48121
-3.48177
-3.48176
-3.48312
-3.48323
-3.48402
-3.48168
-3.48046
-3.48063
-3.48008
-3.47842
-3.47914
-3.47943
-3.48119
-3.48293
-3.48428
-3.48563
-3.487
-3.48709
-3.48592
-3.48435
-3.48254
-3.48154
-3.48023
-3.47875
-3.4781
-3.47795
-3.47666
-3.47672
-3.47703
-3.47805
-3.47896
-3.47974
-3.4807
-3.48099
-3.48103
-3.48126
-3.48063
-3.48085
-3.48078
-3.47978
-3.47855
-3.47931
-3.47863
-3.47851
-3.47956
-3.47868
-3.47877
-3.47857
-3.47872
-3.47865
-3.47923
-3.47911
-3.4791
-3.47993
-3.48047
-3.48156
-3.48253
-3.48141
-3.48073
-3.48005
-3.47866
-3.47785
-3.47736
-3.47684
-3.47729
-3.47911
-3.48055
-3.48254
-3.48379
-3.48356
-3.48233
-3.48152
-3.48202
-3.48243
-3.48234
-3.48315
-3.48336
-3.48337
-3.48304
-3.48305
-3.48385
-3.48267
-3.48217
-3.48153
-3.4817
-3.4809
-3.48213
-3.48177
-3.48131
-3.48054
-3.47997
-3.47902
-3.47827
-3.47693
-3.47596
-3.47576
-3.47525
-3.47577
-3.47686
-3.4773
-3.4791
-3.47902
-3.47987
-3.47915
-3.47996
-3.4791
-3.47746
-3.47663
-3.47583
-3.47461
-3.47533
-3.4737
-3.47422
-3.47426
-3.47495
-3.47498
-3.47505
-3.47595
-3.47505
-3.47585
-3.47504
-3.47608
-3.47541
-3.47652
-3.47722
-3.47792
-3.47878
-3.47824
-3.47853
-3.47759
-3.47718
-3.47774
-3.47762
-3.47752
-3.4786
-3.47944
-3.47891
-3.47894
-3.47838
-3.47812
-3.47843
-3.47852
-3.4785
-3.47885
-3.47912
-3.47844
-3.47717
-3.47662
-3.47724
-3.47633
-3.47653
-3.47553
-3.47569
-3.47572
-3.47615
-3.47709
-3.47726
-3.47736
-3.47724
-3.47663
-3.47609
-3.47569
-3.47514
-3.47469
-3.47531
-3.47525
-3.47556
-3.47521
-3.47516
-3.47606
-3.47554
-3.47601
-3.47852
-3.47868
-3.47931
-3.47948
-3.47987
-3.47965
-3.48043
-3.48023
-3.4794
-3.47836
-3.47805
-3.47744
-3.47735
-3.4769
-3.47748
-3.47735
-3.47643
-3.47629
-3.47498
-3.4745
-3.475
-3.47566
-3.47646
-3.47761
-3.47837
-3.47925
-3.47924
-3.47964
-3.48073
-3.48068
-3.48102
-3.48102
-3.48093
-3.47901
-3.47827
-3.4776
-3.47767
-3.47913
-3.48001
-3.48105
-3.48201
-3.48318
-3.48393
-3.4835
-3.48376
-3.48331
-3.483
-3.4818
-3.4801
-3.47854
-3.47727
-3.47719
-3.47752
-3.47807
-3.47826
-3.48033
-3.48221
-3.48307
-3.48406
-3.48326
-3.48261
-3.48143
-3.48216
-3.48019
-3.47863
-3.4786
-3.47869
-3.47929
-3.48032
-3.48105
-3.48116
-3.48047
-3.48135
-3.47978
-3.47933
-3.47999
-3.47974
-3.47961
-3.48007
-3.48077
-3.48012
-3.48024
-3.47904
-3.47738
-3.4765
-3.4752
-3.47299
-3.47308
-3.47336
-3.47502
-3.4773
-3.47869
-3.47982
-3.4818
-3.48148
-3.48198
-3.48218
-3.48153
-3.48032
-3.47961
-3.47798
-3.47828
-3.47808
-3.47754
-3.47856
-3.4783
-3.47771
-3.47677
-3.47684
-3.47701
-3.47601
-3.47654
-3.47687
-3.47744
-3.47676
-3.47807
-3.47832
-3.47751
-3.47701
-3.47681
-3.47632
-3.47738
-3.47644
-3.47582
-3.47647
-3.47656
-3.47697
-3.47656
-3.47725
-3.47764
-3.47802
-3.4793
-3.47996
-3.48151
-3.48208
-3.48208
-3.4824
-3.4814
-3.4815
-3.48067
-3.47992
-3.4785
-3.4779
-3.47746
-3.47672
-3.47724
-3.47772
-3.47747
-3.47647
-3.47636
-3.47621
-3.47702
-3.4774
-3.47704
-3.47626
-3.476
-3.47634
-3.4764
-3.47526
-3.47519
-3.47514
-3.47453
-3.47504
-3.47394
-3.47211
-3.47179
-3.47135
-3.47126
-3.47181
-3.47158
-3.47277
-3.47241
-3.47282
-3.47223
-3.47243
-3.47278
-3.47206
-3.47195
-3.47208
-3.47271
-3.47387
-3.47461
-3.47562
-3.47623
-3.47506
-3.47495
-3.47465
-3.47451
-3.47294
-3.47378
-3.47367
-3.47392
-3.47488
-3.4731
-3.4742
-3.47462
-3.47521
-3.47532
-3.47631
-3.4766
-3.47774
-3.47839
-3.47792
-3.47758
-3.47812
-3.47756
-3.47857
-3.47801
-3.47771
-3.47857
-3.4789
-3.47986
-3.4796
-3.48006
-3.48031
-3.48114
-3.48073
-3.47998
-3.47959
-3.4792
-3.47847
-3.47867
-3.47841
-3.47768
-3.47732
-3.4764
-3.47603
-3.47606
-3.47609
-3.47489
-3.47403
-3.47469
-3.47416
-3.47538
-3.47613
-3.47691
-3.47806
-3.47992
-3.48047
-3.48112
-3.48002
-3.47993
-3.47952
-3.47855
-3.47966
-3.47977
-3.48002
-3.48052
-3.4807
-3.48027
-3.4797
-3.47871
-3.47761
-3.47706
-3.47716
-3.47724
-3.47677
-3.47765
-3.47716
-3.4767
-3.47662
-3.47614
-3.47668
-3.47633
-3.47729
-3.47637
-3.47546
-3.47552
-3.47543
-3.47582
-3.47597
-3.47484
-3.47378
-3.47398
-3.47408
-3.47391
-3.47482
-3.47453
-3.47422
-3.47448
-3.47392
-3.47318
-3.47204
-3.47164
-3.47204
-3.47325
-3.47375
-3.47373
-3.47356
-3.47386
-3.47358
-3.47409
-3.47549
-3.47558
-3.47619
-3.47624
-3.47678
-3.47569
-3.47484
-3.47459
-3.47473
-3.47468
-3.47498
-3.4746
-3.47437
-3.47362
-3.4731
-3.47386
-3.47422
-3.47446
-3.47428
-3.47399
-3.47364
-3.47328
-3.4733
-3.4738
-3.47429
-3.47521
-3.47516
-3.4755
-3.4755
-3.47554
-3.47675
-3.47618
-3.47499
-3.47437
-3.47398
-3.47354
-3.47406
-3.47382
-3.47399
-3.47409
-3.47412
-3.47502
-3.47645
-3.47838
-3.47813
-3.47877
-3.47904
-3.47859
-3.47856
-3.4778
-3.47731
-3.47817
-3.47765
-3.4768
-3.47661
-3.47663
-3.47582
-3.4747
-3.47509
-3.47491
-3.4761
-3.47612
-3.47859
-3.47973
-3.47998
-3.47974
-3.47927
-3.4785
-3.47773
-3.47577
-3.47594
-3.47613
-3.47529
-3.47476
-3.47541
-3.47704
-3.47748
-3.47775
-3.47927
-3.47994
-3.48055
-3.48158
-3.48052
-3.47985
-3.4795
-3.47956
-3.47862
-3.47825
-3.47819
-3.47734
-3.47872
-3.4796
-3.47935
-3.47976
-3.47923
-3.47858
-3.47824
-3.47796
-3.47793
-3.47791
-3.47768
-3.47714
-3.47592
-3.47629
-3.47682
-3.47695
-3.47807
-3.47738
-3.47745
-3.47724
-3.47711
-3.47704
-3.47655
-3.47655
-3.47652
-3.47523
-3.47492
-3.47545
-3.47523
-3.47668
-3.47748
-3.47775
-3.47876
-3.47943
-3.47912
-3.47902
-3.48017
-3.47881
-3.47934
-3.478
-3.47873
-3.47823
-3.47742
-3.47721
-3.47611
-3.47549
-3.47497
-3.47558
-3.47523
-3.47669
-3.47722
-3.47772
-3.47815
-3.47782
-3.47808
-3.47844
-3.47803
-3.47758
-3.47777
-3.47838
-3.47941
-3.47918
-3.47863
-3.47839
-3.478
-3.47791
-3.47799
-3.47796
-3.47665
-3.47646
-3.47678
-3.47723
-3.47759
-3.47766
-3.4771
-3.47663
-3.47596
-3.47386
-3.47341
-3.47234
-3.47143
-3.47173
-3.4718
-3.47157
-3.47334
-3.47337
-3.47476
-3.47591
-3.47717
-3.47739
-3.47735
-3.47669
-3.47604
-3.47512
-3.47517
-3.47492
-3.47602
-3.47732
-3.47899
-3.47882
-3.47903
-3.47987
-3.47954
-3.47749
-3.47825
-3.47722
-3.47664
-3.47608
-3.47548
-3.47536
-3.47505
-3.47444
-3.47492
-3.47545
-3.47554
-3.4753
-3.47551
-3.47543
-3.47589
-3.47532
-3.47468
-3.47424
-3.47429
-3.47513
-3.47579
-3.47568
-3.47552
-3.47675
-3.47841
-3.48014
-3.48151
-3.48072
-3.48068
-3.48114
-3.48112
-3.48053
-3.48077
-3.48032
-3.48026
-3.48014
-3.48044
-3.47927
-3.47789
-3.47682
-3.47635
-3.47659
-3.47635
-3.4762
-3.47679
-3.47686
-3.47726
-3.47835
-3.47818
-3.47829
-3.47912
-3.47689
-3.4768
-3.47641
-3.47603
-3.47602
-3.47614
-3.47618
-3.47611
-3.47644
-3.47704
-3.47566
-3.47606
-3.47614
-3.47607
-3.47543
-3.47455
-3.47272
-3.47194
-3.47212
-3.47091
-3.47045
-3.47042
-3.47088
-3.47096
-3.47127
-3.47261
-3.47252
-3.47289
-3.47221
-3.47311
-3.47399
-3.47398
-3.47364
-3.47288
-3.47318
-3.47322
-3.47359
-3.4735
-3.4739
-3.47468
-3.47526
-3.47585
-3.47449
-3.47461
-3.47509
-3.47502
-3.47546
-3.47534
-3.47617
-3.47645
-3.47604
-3.47644
-3.47629
-3.47645
-3.47586
-3.47678
-3.47675
-3.47706
-3.47692
-3.47659
-3.47674
-3.47623
-3.47484
-3.47475
-3.47477
-3.47466
-3.47414
-3.47382
-3.47424
-3.47411
-3.47398
-3.4744
-3.47523
-3.47548
-3.47503
-3.47697
-3.47847
-3.47774
-3.47604
-3.4762
-3.47527
-3.47503
-3.47474
-3.47554
-3.47476
-3.4735
-3.47427
-3.47559
-3.4769
-3.47626
-3.47627
-3.47696
-3.47744
-3.47709
-3.47694
-3.47649
-3.47628
-3.47737
-3.47747
-3.47749
-3.47759
-3.47717
-3.47563
-3.47617
-3.47609
-3.47467
-3.4754
-3.47557
-3.4758
-3.47535
-3.47695
-3.47682
-3.47739
-3.47785
-3.47815
-3.47801
-3.47825
-3.47732
-3.47737
-3.47549
-3.47407
-3.47391
-3.47371
-3.47487
-3.47564
-3.47691
-3.47696
-3.47681
-3.47644
-3.47642
-3.47592
-3.47482
-3.4752
-3.4747
-3.47422
-3.47353
-3.474
-3.47576
-3.47577
-3.47517
-3.47528
-3.47485
-3.47369
-3.4732
-3.47398
-3.47382
-3.47316
-3.47274
-3.47299
-3.47388
-3.47473
-3.47523
-3.47581
-3.47652
-3.4763
-3.47724
-3.47614
-3.47535
-3.47564
-3.4767
-3.47653
-3.47605
-3.47531
-3.47529
-3.47576
-3.47522
-3.47467
-3.47398
-3.47425
-3.47507
-3.47523
-3.47427
-3.4744
-3.47333
-3.47337
-3.47371
-3.4745
-3.47497
-3.47446
-3.47443
-3.47494
-3.4756
-3.47594
-3.47714
-3.47689
-3.47747
-3.47743
-3.47682
-3.47694
-3.47748
-3.47849
-3.4784
-3.47858
-3.47814
-3.4772
-3.47769
-3.47623
-3.47611
-3.47534
-3.47465
-3.47468
-3.47517
-3.47667
-3.477
-3.47754
-3.4778
-3.47725
-3.47688
-3.47601
-3.47678
-3.47863
-3.47831
-3.47769
-3.47882
-3.47857
-3.47974
-3.47987
-3.48033
-3.48071
-3.48129
-3.48136
-3.48119
-3.48035
-3.47957
-3.47822
-3.47721
-3.47666
-3.47728
-3.4761
-3.47748
-3.47815
-3.47808
-3.47861
-3.47849
-3.47897
-3.4788
-3.47763
-3.47654
-3.477
-3.4768
-3.47696
-3.47705
-3.47702
-3.47496
-3.4748
-3.47356
-3.47374
-3.47312
-3.47212
-3.47284
-3.47334
-3.47402
-3.47503
-3.47606
-3.47657
-3.47576
-3.47509
-3.47442
-3.47377
-3.47442
-3.4751
-3.47461
-3.47431
-3.47448
-3.47471
-3.47601
-3.47689
-3.47681
-3.47645
-3.47614
-3.47477
-3.47347
-3.47308
-3.47283
-3.47269
-3.47261
-3.4734
-3.47396
-3.47238
-3.47293
-3.47396
-3.47408
-3.47501
-3.47629
-3.47752
-3.47711
-3.47746
-3.47738
-3.47558
-3.47579
-3.47557
-3.47611
-3.47661
-3.47771
-3.4775
-3.47765
-3.4776
-3.47773
-3.47644
-3.47666
-3.47665
-3.47733
-3.47686
-3.47681
-3.47789
-3.47881
-3.47837
-3.47716
-3.47626
-3.47544
-3.47584
-3.47621
-3.47635
-3.47622
-3.47658
-3.4785
-3.47898
-3.47948
-3.47948
-3.47978
-3.47984
-3.4795
-3.47976
-3.47966
-3.47864
-3.47938
-3.47915
-3.47988
-3.4799
-3.48025
-3.48091
-3.48094
-3.48143
-3.48206
-3.48205
-3.48301
-3.48365
-3.48368
-3.48451
-3.48442
-3.48423
-3.48299
-3.48206
-3.48093
-3.481
-3.48055
-3.48028
-3.48153
-3.48081
-3.47982
-3.48029
-3.47988
-3.47984
-3.47938
-3.48025
-3.47999
-3.4807
-3.48111
-3.48164
-3.48234
-3.48344
-3.48328
-3.48305
-3.48235
-3.48257
-3.4811
-3.47957
-3.47889
-3.47842
-3.47853
-3.47759
-3.47763
-3.47856
-3.47957
-3.47992
-3.48034
-3.47932
-3.47805
-3.47749
-3.47749
-3.47692
-3.47697
-3.4767
-3.47765
-3.47727
-3.47833
-3.47847
-3.47837
-3.4781
-3.47767
-3.47627
-3.47546
-3.47509
-3.47474
-3.47617
-3.47659
-3.47686
-3.47769
-3.47752
-3.47801
-3.47839
-3.4788
-3.47696
-3.47679
-3.47549
-3.47493
-3.4743
-3.47438
-3.47493
-3.47567
-3.4744
-3.47474
-3.4751
-3.47424
-3.47537
-3.4751
-3.47602
-3.4753
-3.47519
-3.47561
-3.47603
-3.47577
-3.47588
-3.4757
-3.47578
-3.47516
-3.47473
-3.47483
-3.47447
-3.47468
-3.47477
-3.47397
-3.47436
-3.4752
-3.47433
-3.47398
-3.47354
-3.47239
-3.47304
-3.47323
-3.47484
-3.47508
-3.47476
-3.47509
-3.47376
-3.47299
-3.47153
-3.47137
-3.47021
-3.46983
-3.46891
-3.46855
-3.46871
-3.46967
-3.47107
-3.47057
-3.47099
-3.47152
-3.4732
-3.47449
-3.47414
-3.47459
-3.4754
-3.47558
-3.4746
-3.47491
-3.47497
-3.47536
-3.47463
-3.47439
-3.47371
-3.47433
-3.47498
-3.47381
-3.47464
-3.47537
-3.4759
-3.47595
-3.47612
-3.4753
-3.47513
-3.47512
-3.47383
-3.47412
-3.47441
-3.47493
-3.47495
-3.47534
-3.47617
-3.47642
-3.47703
-3.47704
-3.4769
-3.47738
-3.47683
-3.47574
-3.47683
-3.47576
-3.47524
-3.4762
-3.4747
-3.47389
-3.47318
-3.4738
-3.47219
-3.47269
-3.47214
-3.47249
-3.47319
-3.47416
-3.47541
-3.4772
-3.47672
-3.47782
-3.47772
-3.47641
-3.47512
-3.47431
-3.47379
-3.47256
-3.47166
-3.47149
-3.47093
-3.47131
-3.47278
-3.47369
-3.4745
-3.47494
-3.47613
-3.47671
-3.47714
-3.47935
-3.47832
-3.47823
-3.47698
-3.47626
-3.47582
-3.47581
-3.4758
-3.47544
-3.47609
-3.47669
-3.47578
-3.47607
-3.4763
-3.47553
-3.47584
-3.47395
-3.47428
-3.4748
-3.47515
-3.47522
-3.47462
-3.47413
-3.47361
-3.47303
-3.47201
-3.47137
-3.47132
-3.47244
-3.47253
-3.47351
-3.47455
-3.47622
-3.47723
-3.47739
-3.4782
-3.47662
-3.47651
-3.47756
-3.47649
-3.47713
-3.47569
-3.4754
-3.47556
-3.47443
-3.47461
-3.47387
-3.47447
-3.47497
-3.47551
-3.47602
-3.4764
-3.47619
-3.47677
-3.47695
-3.47679
-3.47725
-3.47775
-3.47752
-3.47699
-3.47599
-3.47592
-3.47499
-3.47445
-3.47474
-3.47475
-3.47446
-3.47448
-3.47409
-3.47471
-3.47444
-3.47479
-3.47574
-3.47691
-3.4772
-3.47807
-3.47857
-3.47939
-3.47906
-3.47887
-3.47774
-3.47648
-3.47747
-3.47731
-3.47566
-3.4747
-3.47387
-3.4732
-3.47301
-3.47277
-3.47317
-3.47309
-3.47495
-3.47689
-3.47889
-3.47977
-3.48095
-3.4801
-3.48005
-3.48
-3.4791
-3.47919
-3.47862
-3.47683
-3.47553
-3.4746
-3.4739
-3.47428
-3.47375
-3.47324
-3.47406
-3.47452
-3.47483
-3.4754
-3.47673
-3.47795
-3.47822
-3.479
-3.47949
-3.47902
-3.4795
-3.47879
-3.47887
-3.47855
-3.47791
-3.47648
-3.47569
-3.47513
-3.47456
-3.47495
-3.47568
-3.4766
-3.47793
-3.47837
-3.4791
-3.47803
-3.47853
-3.47837
-3.47905
-3.47754
-3.47702
-3.47795
-3.47766
-3.47786
-3.47726
-3.47575
-3.47547
-3.47553
-3.47576
-3.47563
-3.47602
-3.4765
-3.4758
-3.47456
-3.47335
-3.47146
-3.47073
-3.47185
-3.4732
-3.47391
-3.47542
-3.4764
-3.47811
-3.47968
-3.47916
-3.4788
-3.47888
-3.47792
-3.47669
-3.47562
-3.47431
-3.4745
-3.474
-3.47426
-3.47476
-3.4755
-3.47571
-3.47615
-3.47685
-3.47727
-3.47637
-3.47591
-3.47577
-3.47741
-3.47653
-3.47646
-3.47651
-3.47585
-3.47581
-3.47542
-3.47533
-3.47436
-3.47363
-3.47417
-3.47503
-3.47521
-3.47552
-3.47732
-3.47717
-3.47619
-3.47735
-3.47647
-3.47711
-3.4784
-3.47852
-3.47809
-3.47901
-3.47738
-3.47652
-3.47608
-3.47562
-3.47527
-3.47531
-3.47466
-3.47512
-3.47543
-3.47464
-3.47499
-3.47589
-3.47613
-3.47572
-3.47635
-3.47638
-3.47645
-3.47778
-3.47697
-3.47591
-3.47498
-3.47526
-3.47456
-3.47508
-3.47589
-3.47558
-3.47544
-3.47548
-3.4759
-3.47743
-3.4775
-3.47926
-3.48049
-3.4807
-3.48086
-3.48064
-3.48012
-3.47977
-3.47954
-3.47984
-3.47832
-3.47987
-3.48051
-3.47969
-3.47867
-3.47934
-3.47859
-3.4789
-3.4776
-3.47819
-3.47824
-3.47892
-3.47845
-3.47851
-3.47985
-3.48004
-3.4796
-3.47903
-3.47757
-3.47644
-3.47551
-3.47524
-3.47378
-3.47401
-3.4747
-3.47413
-3.47397
-3.4759
-3.47712
-3.47872
-3.47998
-3.4816
-3.48207
-3.48329
-3.48282
-3.48264
-3.48068
-3.48016
-3.47886
-3.47926
-3.4786
-3.47898
-3.47986
-3.47883
-3.47751
-3.47614
-3.47647
-3.47594
-3.47558
-3.47466
-3.47392
-3.4736
-3.47301
-3.47329
-3.47481
-3.47551
-3.47583
-3.47715
-3.47937
-3.4801
-3.48002
-3.48088
-3.48006
-3.47986
-3.47973
-3.47986
-3.47863
-3.4789
-3.47997
-3.48025
-3.48109
-3.48226
-3.48224
-3.48205
-3.48285
-3.48247
-3.4831
-3.48328
-3.48314
-3.48366
-3.48454
-3.48328
-3.48274
-3.48233
-3.48252
-3.48254
-3.48034
-3.48022
-3.48006
-3.47964
-3.4802
-3.47902
-3.47895
-3.47911
-3.4783
-3.47931
-3.47965
-3.47879
-3.4786
-3.47824
-3.47738
-3.47661
-3.47689
-3.47703
-3.47628
-3.47556
-3.47519
-3.47385
-3.47434
-3.47475
-3.47449
-3.47608
-3.47788
-3.47821
-3.47881
-3.47825
-3.47932
-3.48018
-3.48075
-3.48169
-3.48036
-3.47965
-3.47888
-3.47789
-3.47756
-3.47845
-3.479
-3.47753
-3.47743
-3.47633
-3.47568
-3.47447
-3.47358
-3.47288
-3.4726
-3.47193
-3.47378
-3.47539
-3.47987
-3.48047
-3.47937
-3.47709
-3.47504
-3.47308
-3.47348
-3.4727
-3.47274
-3.47373
-3.47409
-3.47473
-3.47498
-3.47569
-3.4759
-3.47749
-3.47795
-3.47883
-3.47869
-3.47903
-3.47876
-3.47828
-3.47864
-3.47773
-3.47622
-3.47541
-3.47512
-3.47474
-3.47438
-3.47387
-3.47429
-3.4746
-3.47475
-3.47461
-3.47527
-3.47544
-3.47607
-3.47617
-3.47635
-3.47533
-3.47538
-3.47598
-3.47555
-3.47513
-3.47515
-3.4768
-3.47721
-3.47711
-3.47853
-3.48013
-3.48016
-3.4793
-3.47849
-3.47706
-3.47695
-3.47662
-3.47751
-3.47692
-3.47743
-3.47815
-3.47892
-3.48023
-3.48083
-3.48056
-3.48076
-3.48061
-3.48013
-3.47911
-3.47844
-3.47747
-3.47706
-3.47723
-3.4754
-3.47521
-3.47562
-3.47555
-3.47692
-3.47696
-3.47696
-3.47521
-3.47382
-3.47246
-3.47171
-3.47141
-3.4712
-3.47071
-3.47117
-3.47017
-3.47157
-3.47243
-3.47282
-3.47443
-3.47494
-3.47583
-3.47676
-3.47693
-3.47778
-3.47766
-3.47741
-3.4768
-3.47641
-3.47563
-3.47449
-3.47419
-3.47508
-3.47638
-3.47682
-3.47687
-3.4771
-3.47601
-3.4753
-3.47406
-3.47447
-3.47414
-3.47332
-3.4739
-3.47334
-3.47292
-3.47274
-3.4727
-3.47111
-3.47099
-3.46975
-3.46962
-3.47001
-3.47182
-3.47423
-3.47508
-3.47737
-3.47942
-3.47892
-3.47871
-3.47849
-3.47684
-3.47608
-3.47578
-3.47657
-3.47713
-3.47608
-3.47452
-3.47429
-3.47405
-3.47361
-3.47403
-3.47434
-3.47397
-3.47492
-3.47524
-3.47516
-3.47334
-3.47332
-3.47266
-3.47117
-3.47105
-3.46975
-3.47014
-3.47132
-3.47044
-3.47198
-3.47284
-3.47413
-3.47458
-3.47504
-3.47545
-3.47521
-3.47477
-3.47428
-3.47284
-3.47215
-3.4726
-3.47129
-3.47062
-3.47101
-3.47083
-3.4706
-3.47152
-3.47145
-3.47135
-3.472
-3.47089
-3.47037
-3.46985
-3.46933
-3.46916
-3.46951
-3.47017
-3.47009
-3.47135
-3.47249
-3.47228
-3.47318
-3.47301
-3.47246
-3.47241
-3.47242
-3.47217
-3.4726
-3.47368
-3.47364
-3.47357
-3.47394
-3.47407
-3.4747
-3.47301
-3.47305
-3.47263
-3.47197
-3.473
-3.47362
-3.47463
-3.47468
-3.47402
-3.47502
-3.47539
-3.47596
-3.47599
-3.47694
-3.47692
-3.4775
-3.47694
-3.47653
-3.47627
-3.47653
-3.47618
-3.47663
-3.47674
-3.47726
-3.47805
-3.4781
-3.47704
-3.47628
-3.47633
-3.47549
-3.47716
-3.47759
-3.47809
-3.47986
-3.48059
-3.48028
-3.47981
-3.47882
-3.47787
-3.47602
-3.47558
-3.47427
-3.47386
-3.47322
-3.47398
-3.47293
-3.47253
-3.47164
-3.47068
-3.4702
-3.46968
-3.47096
-3.4718
-3.47295
-3.4741
-3.47562
-3.47647
-3.47688
-3.47877
-3.48037
-3.47987
-3.47962
-3.47745
-3.4762
-3.47522
-3.4748
-3.47465
-3.47397
-3.47394
-3.47483
-3.47406
-3.47475
-3.4754
-3.47556
-3.47476
-3.47441
-3.4746
-3.47393
-3.47468
-3.47404
-3.47349
-3.47297
-3.47276
-3.47264
-3.47234
-3.47231
-3.47315
-3.47333
-3.47418
-3.47498
-3.4748
-3.47484
-3.47489
-3.47452
-3.47459
-3.47534
-3.47468
-3.47476
-3.47423
-3.47505
-3.47509
-3.47555
-3.47553
-3.47502
-3.47454
-3.47473
-3.47477
-3.47423
-3.47568
-3.47663
-3.47728
-3.47735
-3.47845
-3.47831
-3.47732
-3.478
-3.47728
-3.47757
-3.47804
-3.47755
-3.47761
-3.47742
-3.47719
-3.47745
-3.47763
-3.47718
-3.47666
-3.47637
-3.47677
-3.47711
-3.47911
-3.48006
-3.47952
-3.48003
-3.48053
-3.4802
-3.47879
-3.47902
-3.47889
-3.4785
-3.47775
-3.47682
-3.47683
-3.47798
-3.47841
-3.4779
-3.4778
-3.47808
-3.47724
-3.47566
-3.47418
-3.47325
-3.47298
-3.47206
-3.47334
-3.47352
-3.47377
-3.47323
-3.47369
-3.47497
-3.47504
-3.47436
-3.47365
-3.47421
-3.47423
-3.47493
-3.47391
-3.47285
-3.47253
-3.4725
-3.47296
-3.47423
-3.47583
-3.47656
-3.47854
-3.47868
-3.47778
-3.47802
-3.47894
-3.47896
-3.47785
-3.47729
-3.4771
-3.47649
-3.47659
-3.4759
-3.47634
-3.47591
-3.47532
-3.47594
-3.47566
-3.47586
-3.47537
-3.47482
-3.47527
-3.47564
-3.47538
-3.47646
-3.47619
-3.47674
-3.4763
-3.47672
-3.4747
-3.47343
-3.47377
-3.47381
-3.47422
-3.47462
-3.4763
-3.47696
-3.47614
-3.47672
-3.4772
-3.47693
-3.47603
-3.47561
-3.47546
-3.47391
-3.47307
-3.4721
-3.47233
-3.47411
-3.47546
-3.47635
-3.4768
-3.47676
-3.47671
-3.47537
-3.47421
-3.47334
-3.47304
-3.47293
-3.47242
-3.4727
-3.47246
-3.47253
-3.47285
-3.47312
-3.47323
-3.47311
-3.47234
-3.47231
-3.47297
-3.47412
-3.47432
-3.47459
-3.47583
-3.47605
-3.47645
-3.47658
-3.47724
-3.47742
-3.47691
-3.47608
-3.4766
-3.47769
-3.47836
-3.47896
-3.47895
-3.47817
-3.47654
-3.47645
-3.47624
-3.47612
-3.47619
-3.47612
-3.47777
-3.47864
-3.4789
-3.47934
-3.47976
-3.47804
-3.47775
-3.47738
-3.47664
-3.4767
-3.47605
-3.47657
-3.47634
-3.4761
-3.47501
-3.47394
-3.47284
-3.47354
-3.476
-3.47612
-3.47727
-3.4773
-3.47659
-3.47602
-3.47533
-3.47444
-3.47467
-3.4768
-3.47649
-3.47645
-3.47655
-3.47631
-3.47625
-3.47591
-3.47603
-3.47571
-3.47678
-3.47736
-3.47852
-3.47795
-3.4774
-3.47738
-3.47746
-3.47788
-3.47786
-3.47784
-3.47921
-3.48033
-3.48191
-3.48247
-3.48177
-3.48215
-3.48185
-3.48094
-3.48006
-3.47853
-3.47805
-3.47711
-3.47652
-3.47603
-3.47716
-3.47713
-3.47827
-3.47904
-3.47932
-3.47994
-3.4792
-3.47846
-3.47828
-3.47732
-3.47615
-3.47552
-3.47552
-3.476
-3.47567
-3.47577
-3.47731
-3.4783
-3.47841
-3.47799
-3.47707
-3.47628
-3.47676
-3.47691
-3.4765
-3.47646
-3.47677
-3.47747
-3.47751
-3.47836
-3.47794
-3.47764
-3.47693
-3.47694
-3.47648
-3.47684
-3.47812
-3.47941
-3.47941
-3.47949
-3.47929
-3.47798
-3.47785
-3.47654
-3.47637
-3.4748
-3.47408
-3.47506
-3.47573
-3.47683
-3.47753
-3.47853
-3.47931
-3.4803
-3.48083
-3.48085
-3.48116
-3.48033
-3.47902
-3.47946
-3.47923
-3.47882
-3.47866
-3.47859
-3.47868
-3.47969
-3.47998
-3.47949
-3.47964
-3.47962
-3.48018
-3.48136
-3.4814
-3.48196
-3.48217
-3.48224
-3.48185
-3.4813
-3.4805
-3.48228
-3.48271
-3.48423
-3.48426
-3.48298
-3.4829
-3.483
-3.48161
-3.48066
-3.48118
-3.4809
-3.48151
-3.48032
-3.4799
-3.47938
-3.47849
-3.4783
-3.47913
-3.47849
-3.47843
-3.47809
-3.47717
-3.47815
-3.47842
-3.4776
-3.47821
-3.47879
-3.47939
-3.4795
-3.47763
-3.47658
-3.47641
-3.47629
-3.47615
-3.47635
-3.47572
-3.47669
-3.47755
-3.47808
-3.4781
-3.47761
-3.47691
-3.47689
-3.47584
-3.47488
-3.47396
-3.47498
-3.47547
-3.47668
-3.47787
-3.479
-3.47897
-3.47843
-3.47772
-3.47693
-3.4747
-3.47365
-3.47157
-3.47186
-3.4721
-3.47307
-3.47435
-3.47484
-3.4755
-3.47709
-3.47834
-3.47871
-3.47961
-3.47957
-3.47955
-3.47925
-3.47785
-3.47705
-3.47664
-3.4757
-3.47477
-3.47474
-3.47498
-3.4747
-3.47484
-3.47545
-3.47607
-3.47555
-3.47508
-3.4752
-3.47534
-3.47616
-3.4766
-3.47655
-3.47604
-3.47563
-3.4744
-3.47497
-3.47475
-3.4756
-3.4756
-3.47606
-3.47537
-3.47453
-3.47454
-3.47375
-3.47483
-3.47572
-3.47597
-3.47612
-3.47705
-3.47682
-3.47599
-3.47628
-3.4767
-3.47715
-3.47697
-3.47826
-3.47806
-3.47765
-3.47678
-3.47683
-3.47687
-3.47645
-3.47706
-3.47778
-3.47785
-3.47847
-3.47742
-3.47736
-3.47641
-3.47808
-3.4781
-3.47873
-3.48045
-3.48094
-3.4813
-3.48083
-3.48079
-3.47943
-3.47923
-3.47769
-3.47738
-3.47685
-3.47631
-3.47657
-3.477
-3.47764
-3.47853
-3.47837
-3.47839
-3.47784
-3.47899
-3.47935
-3.47961
-3.4783
-3.47746
-3.47756
-3.4777
-3.47689
-3.47735
-3.47721
-3.47814
-3.47853
-3.47868
-3.47881
-3.47934
-3.47919
-3.47976
-3.48045
-3.48043
-3.48108
-3.48006
-3.47987
-3.47846
-3.47841
-3.47789
-3.47605
-3.47563
-3.47575
-3.47754
-3.47992
-3.4825
-3.48407
-3.48489
-3.48456
-3.48438
-3.4845
-3.48429
-3.48277
-3.48144
-3.48094
-3.4795
-3.47884
-3.47857
-3.4791
-3.47977
-3.47961
-3.47986
-3.47947
-3.47824
-3.47936
-3.47922
-3.4795
-3.47851
-3.47969
-3.48087
-3.4802
-3.48033
-3.47996
-3.48056
-3.47973
-3.47959
-3.48063
-3.48071
-3.47997
-3.47966
-3.47964
-3.48014
-3.48012
-3.47988
-3.48013
-3.48093
-3.48082
-3.48016
-3.47956
-3.47983
-3.47833
-3.4767
-3.4755
-3.47552
-3.47545
-3.4762
-3.47683
-3.47922
-3.48131
-3.48383
-3.48418
-3.48401
-3.484
-3.48409
-3.48268
-3.48093
-3.4798
-3.47819
-3.47788
-3.47687
-3.47577
-3.47635
-3.476
-3.47711
-3.47825
-3.47962
-3.48103
-3.48106
-3.48052
-3.48026
-3.4794
-3.47819
-3.47796
-3.47785
-3.4774
-3.47628
-3.47546
-3.47392
-3.47411
-3.47412
-3.47558
-3.47635
-3.47808
-3.47823
-3.47918
-3.48048
-3.48035
-3.47987
-3.48055
-3.48158
-3.48261
-3.48281
-3.48337
-3.48353
-3.48262
-3.48254
-3.48096
-3.48127
-3.47988
-3.47998
-3.47903
-3.47871
-3.47779
-3.47763
-3.47921
-3.48122
-3.4809
-3.48096
-3.4814
-3.48037
-3.47885
-3.47791
-3.47729
-3.47797
-3.47803
-3.47868
-3.47983
-3.47907
-3.47932
-3.47913
-3.47926
-3.47861
-3.4773
-3.47604
-3.47498
-3.47533
-3.47503
-3.47371
-3.47424
-3.4751
-3.47519
-3.47532
-3.47611
-3.47594
-3.47615
-3.4764
-3.47794
-3.47782
-3.47767
-3.47623
-3.4753
-3.47434
-3.47423
-3.47438
-3.47456
-3.47612
-3.47723
-3.47806
-3.47836
-3.47752
-3.47692
-3.47701
-3.47678
-3.47658
-3.47659
-3.47687
-3.47732
-3.47871
-3.47985
-3.48065
-3.48183
-3.48156
-3.48013
-3.47942
-3.47902
-3.47697
-3.47625
-3.47632
-3.47611
-3.47646
-3.47677
-3.47701
-3.4775
-3.47722
-3.47735
-3.47617
-3.47659
-3.47637
-3.47565
-3.47525
-3.47564
-3.47629
-3.47563
-3.47545
-3.47455
-3.47424
-3.47438
-3.47462
-3.47482
-3.47516
-3.47582
-3.47539
-3.47603
-3.4754
-3.47516
-3.47344
-3.47275
-3.47215
-3.47231
-3.472
-3.47146
-3.47108
-3.47081
-3.47065
-3.47089
-3.47196
-3.47188
-3.47261
-3.47118
-3.47116
-3.47082
-3.4696
-3.46962
-3.46976
-3.47012
-3.47047
-3.47008
-3.47009
-3.47022
-3.47062
-3.47063
-3.47098
-3.47256
-3.47355
-3.47476
-3.47449
-3.47557
-3.47563
-3.47543
-3.47639
-3.47621
-3.4754
-3.47418
-3.47281
-3.47297
-3.47272
-3.47257
-3.4725
-3.47135
-3.47252
-3.47251
-3.47142
-3.47229
-3.47324
-3.4738
-3.47425
-3.47538
-3.47566
-3.47639
-3.47528
-3.47635
-3.47681
-3.47634
-3.47624
-3.47697
-3.47654
-3.47533
-3.47614
-3.47545
-3.47498
-3.47403
-3.47449
-3.47555
-3.47647
-3.47797
-3.4793
-3.47919
-3.47932
-3.47974
-3.48024
-3.48075
-3.48053
-3.47982
-3.48023
-3.47962
-3.47901
-3.47903
-3.47781
-3.47652
-3.47713
-3.47655
-3.47564
-3.47516
-3.47574
-3.47639
-3.47516
-3.47624
-3.47599
-3.47728
-3.4765
-3.47609
-3.47678
-3.47573
-3.47479
-3.47329
-3.47282
-3.47236
-3.47195
-3.47192
-3.47351
-3.47502
-3.47588
-3.47707
-3.47746
-3.47814
-3.47795
-3.47669
-3.47498
-3.47431
-3.47332
-3.47273
-3.47249
-3.47225
-3.47309
-3.47398
-3.47466
-3.47457
-3.47551
-3.47546
-3.47616
-3.47699
-3.47704
-3.47617
-3.47685
-3.47688
-3.47696
-3.47745
-3.47695
-3.4748
-3.47518
-3.47546
-3.47618
-3.47667
-3.47635
-3.47658
-3.47787
-3.47739
-3.47818
-3.47819
-3.47906
-3.47874
-3.47972
-3.47975
-3.47975
-3.47982
-3.47979
-3.47893
-3.47837
-3.47685
-3.47735
-3.47719
-3.47606
-3.47689
-3.47744
-3.47832
-3.4776
-3.47825
-3.47698
-3.47599
-3.47572
-3.47523
-3.47519
-3.47424
-3.47506
-3.47517
-3.47437
-3.474
-3.47344
-3.4741
-3.4739
-3.47348
-3.4739
-3.47425
-3.47365
-3.475
-3.47524
-3.47576
-3.47643
-3.47583
-3.47566
-3.47523
-3.47502
-3.4746
-3.47473
-3.47388
-3.4737
-3.47204
-3.46981
-3.46949
-3.46897
-3.46835
-3.46852
-3.46761
-3.47025
-3.47098
-3.47179
-3.47323
-3.47379
-3.47455
-3.47399
-3.47451
-3.4742
-3.47452
-3.47469
-3.47545
-3.47645
-3.47613
-3.4765
-3.47589
-3.47656
-3.47633
-3.47615
-3.4758
-3.4767
-3.47672
-3.47826
-3.47879
-3.48105
-3.48027
-3.47926
-3.4781
-3.47604
-3.47545
-3.47438
-3.47382
-3.47393
-3.47437
-3.47556
-3.47579
-3.47612
-3.47571
-3.4752
-3.47527
-3.47571
-3.47478
-3.47437
-3.47438
-3.47468
-3.47425
-3.47411
-3.47303
-3.47205
-3.47225
-3.47286
-3.47379
-3.47431
-3.47414
-3.47365
-3.47405
-3.47254
-3.4717
-3.47126
-3.47211
-3.47121
-3.47192
-3.47247
-3.47259
-3.47236
-3.47267
-3.4734
-3.47477
-3.47571
-3.47619
-3.4759
-3.47476
-3.47355
-3.47419
-3.47355
-3.47363
-3.47246
-3.4716
-3.47235
-3.47228
-3.47204
-3.47171
-3.47148
-3.47175
-3.47368
-3.4749
-3.47584
-3.47757
-3.47793
-3.4778
-3.47804
-3.47753
-3.4766
-3.47661
-3.47648
-3.47639
-3.47723
-3.47742
-3.47809
-3.47807
-3.47804
-3.47786
-3.47728
-3.47751
-3.4766
-3.47594
-3.47663
-3.47545
-3.4761
-3.475
-3.47399
-3.47423
-3.47524
-3.4748
-3.47491
-3.47537
-3.47674
-3.47691
-3.47612
-3.47611
-3.47678
-3.47598
-3.4757
-3.47643
-3.4759
-3.47507
-3.47432
-3.47437
-3.47411
-3.47405
-3.47434
-3.4737
-3.473
-3.47194
-3.47295
-3.47339
-3.475
-3.47595
-3.47567
-3.4763
-3.47716
-3.47616
-3.47611
-3.47593
-3.4748
-3.4743
-3.47305
-3.47237
-3.47156
-3.47128
-3.47153
-3.47157
-3.47291
-3.47435
-3.47507
-3.4751
-3.47565
-3.47674
-3.47692
-3.47742
-3.47683
-3.47754
-3.47707
-3.47726
-3.47849
-3.47763
-3.47795
-3.47746
-3.47698
-3.4756
-3.47525
-3.4761
-3.47726
-3.47746
-3.4777
-3.47851
-3.47839
-3.47801
-3.47957
-3.47983
-3.47925
-3.4788
-3.47802
-3.47734
-3.47634
-3.47556
-3.47492
-3.4757
-3.47607
-3.47632
-3.47652
-3.47708
-3.47722
-3.47795
-3.47893
-3.47975
-3.47955
-3.47953
-3.47919
-3.47988
-3.47863
-3.47878
-3.47859
-3.47958
-3.48017
-3.48116
-3.48134
-3.4811
-3.48098
-3.47998
-3.47997
-3.48071
-3.47997
-3.47796
-3.47715
-3.4768
-3.47731
-3.47769
-3.47706
-3.47693
-3.47632
-3.4763
-3.47592
-3.47643
-3.47662
-3.47704
-3.47769
-3.47817
-3.47847
-3.48009
-3.48058
-3.48116
-3.48026
-3.48014
-3.47965
-3.47849
-3.478
-3.47756
-3.47652
-3.47613
-3.4752
-3.47443
-3.4732
-3.47341
-3.4737
-3.47374
-3.47458
-3.47409
-3.47344
-3.47364
-3.47474
-3.47382
-3.47333
-3.47248
-3.47273
-3.4725
-3.47285
-3.47282
-3.47371
-3.47351
-3.47434
-3.47429
-3.47493
-3.47519
-3.47592
-3.47587
-3.47591
-3.47756
-3.4782
-3.47957
-3.47897
-3.47946
-3.48
-3.48015
-3.48137
-3.48241
-3.48119
-3.48074
-3.47985
-3.47948
-3.47826
-3.47804
-3.4787
-3.47713
-3.47762
-3.47826
-3.47907
-3.47896
-3.48018
-3.48033
-3.48003
-3.48009
-3.47959
-3.47938
-3.48021
-3.47982
-3.47936
-3.47934
-3.47964
-3.47929
-3.47998
-3.47929
-3.47907
-3.47915
-3.47807
-3.47783
-3.47611
-3.47535
-3.47566
-3.47521
-3.47587
-3.47705
-3.47861
-3.47838
-3.4786
-3.47897
-3.47743
-3.47689
-3.4764
-3.47494
-3.47362
-3.47383
-3.47492
-3.47569
-3.47738
-3.4786
-3.47845
-3.47893
-3.47941
-3.48006
-3.47862
-3.47841
-3.47901
-3.47832
-3.4782
-3.47867
-3.47865
-3.47823
-3.47763
-3.47711
-3.4764
-3.47688
-3.47588
-3.47541
-3.47538
-3.47627
-3.47742
-3.47774
-3.47735
-3.47716
-3.4774
-3.47752
-3.47787
-3.47827
-3.4788
-3.47878
-3.47773
-3.47822
-3.47862
-3.47859
-3.47996
-3.48122
-3.48161
-3.48142
-3.48011
-3.47945
-3.47813
-3.47738
-3.47543
-3.47413
-3.47307
-3.4726
-3.47296
-3.47348
-3.47399
-3.47366
-3.47338
-3.47282
-3.47387
-3.47535
-3.47533
-3.47743
-3.4786
-3.47851
-3.47829
-3.4784
-3.4772
-3.47703
-3.47689
-3.47661
-3.47621
-3.47548
-3.47495
-3.47457
-3.47495
-3.47568
-3.47522
-3.47608
-3.47632
-3.47636
-3.47741
-3.4783
-3.47848
-3.47971
-3.48031
-3.4809
-3.48238
-3.48312
-3.4821
-3.48158
-3.48083
-3.48117
-3.48133
-3.48228
-3.48271
-3.48379
-3.48364
-3.48189
-3.47896
-3.47715
-3.47697
-3.47572
-3.47416
-3.47533
-3.47565
-3.47631
-3.47715
-3.47882
-3.47975
-3.48009
-3.48088
-3.48122
-3.48189
-3.47917
-3.47965
-3.47934
-3.47861
-3.47976
-3.4806
-3.48088
-3.48153
-3.48093
-3.48112
-3.48045
-3.47879
-3.47803
-3.47672
-3.47502
-3.47343
-3.47262
-3.47197
-3.47103
-3.47081
-3.47224
-3.47295
-3.4738
-3.47468
-3.47527
-3.47548
-3.47625
-3.47632
-3.476
-3.47578
-3.47466
-3.47452
-3.47368
-3.47309
-3.47164
-3.47077
-3.47087
-3.47104
-3.47091
-3.47083
-3.47114
-3.47052
-3.47041
-3.47014
-3.46979
-3.47043
-3.47069
-3.47057
-3.46969
-3.4685
-3.46897
-3.46885
-3.46818
-3.46782
-3.46819
-3.46852
-3.46822
-3.46956
-3.46934
-3.46904
-3.46805
-3.46851
-3.46924
-3.46894
-3.46867
-3.46799
-3.4679
-3.46713
-3.46849
-3.46945
-3.46948
-3.47065
-3.47061
-3.47146
-3.47088
-3.47094
-3.47239
-3.47301
-3.47344
-3.47425
-3.47495
-3.47445
-3.47456
-3.47453
-3.47539
-3.47523
-3.47474
-3.47507
-3.4753
-3.47461
-3.47397
-3.47299
-3.47201
-3.47181
-3.47168
-3.47122
-3.47008
-3.47018
-3.4713
-3.47193
-3.47433
-3.47561
-3.47747
-3.4783
-3.47775
-3.47806
-3.47694
-3.47592
-3.47543
-3.47488
-3.47435
-3.47427
-3.47535
-3.4758
-3.47688
-3.47689
-3.47685
-3.47712
-3.4771
-3.47642
-3.47595
-3.47473
-3.47421
-3.47489
-3.47539
-3.47504
-3.47544
-3.47501
-3.47427
-3.47348
-3.47387
-3.47435
-3.47469
-3.47497
-3.47509
-3.47497
-3.47534
-3.47547
-3.4755
-3.47429
-3.47335
-3.47286
-3.47358
-3.474
-3.47431
-3.4754
-3.4758
-3.47565
-3.47618
-3.47646
-3.47663
-3.47712
-3.47659
-3.47615
-3.47493
-3.47358
-3.47346
-3.47379
-3.47336
-3.47367
-3.47339
-3.47405
-3.47462
-3.47407
-3.47371
-3.4732
-3.47303
-3.47478
-3.47609
-3.47695
-3.47717
-3.47763
-3.47642
-3.47514
-3.47567
-3.47521
-3.47491
-3.47527
-3.47485
-3.47504
-3.47561
-3.47619
-3.47768
-3.47937
-3.48048
-3.48124
-3.48159
-3.48182
-3.48216
-3.48169
-3.48197
-3.48167
-3.48213
-3.48116
-3.48124
-3.4817
-3.4815
-3.48183
-3.4817
-3.48117
-3.47983
-3.48072
-3.4806
-3.4795
-3.47927
-3.47908
-3.4799
-3.48098
-3.48123
-3.48181
-3.48164
-3.48133
-3.48093
-3.48086
-3.48121
-3.48189
-3.48119
-3.48203
-3.48292
-3.48214
-3.48287
-3.48223
-3.48229
-3.48113
-3.4809
-3.48154
-3.48081
-3.48016
-3.48041
-3.48073
-3.48123
-3.48081
-3.48145
-3.48173
-3.48169
-3.48143
-3.48044
-3.48101
-3.48015
-3.48097
-3.48139
-3.48117
-3.48369
-3.48519
-3.48619
-3.48663
-3.48664
-3.48774
-3.48585
-3.48483
-3.48398
-3.48385
-3.48428
-3.48412
-3.48374
-3.48261
-3.48283
-3.48193
-3.48163
-3.47934
-3.47798
-3.47761
-3.47694
-3.47725
-3.47858
-3.47995
-3.48171
-3.48184
-3.48199
-3.48177
-3.48086
-3.47947
-3.47961
-3.48037
-3.48083
-3.47978
-3.47863
-3.47803
-3.47741
-3.47616
-3.47511
-3.47482
-3.47407
-3.47549
-3.4769
-3.47837
-3.47958
-3.48044
-3.4809
-3.48045
-3.47929
-3.47938
-3.47844
-3.47726
-3.47572
-3.47532
-3.47448
-3.47578
-3.47663
-3.47663
-3.47714
-3.47818
-3.47859
-3.47881
-3.47826
-3.47713
-3.47771
-3.47638
-3.47648
-3.47631
-3.47679
-3.47598
-3.47533
-3.47502
-3.47521
-3.47518
-3.47555
-3.47654
-3.47706
-3.47697
-3.47696
-3.47673
-3.47679
-3.47731
-3.47824
-3.47873
-3.48031
-3.48151
-3.48198
-3.4817
-3.4812
-3.48114
-3.47993
-3.4794
-3.4794
-3.47801
-3.47632
-3.47536
-3.4744
-3.47576
-3.47656
-3.47815
-3.47931
-3.48123
-3.48266
-3.48455
-3.48511
-3.48477
-3.48397
-3.48424
-3.4835
-3.48216
-3.4807
-3.47982
-3.47868
-3.47743
-3.47661
-3.47551
-3.47573
-3.47593
-3.47632
-3.47669
-3.47732
-3.47889
-3.47862
-3.47873
-3.47919
-3.47832
-3.47745
-3.47666
-3.47689
-3.47428
-3.47372
-3.47278
-3.47235
-3.47347
-3.47539
-3.47797
-3.47939
-3.47928
-3.47864
-3.47826
-3.47835
-3.47799
-3.47858
-3.47785
-3.47882
-3.47949
-3.47947
-3.4779
-3.47666
-3.47723
-3.47726
-3.47743
-3.47746
-3.477
-3.47813
-3.47719
-3.47633
-3.47683
-3.47662
-3.47584
-3.47636
-3.47717
-3.47729
-3.4777
-3.47761
-3.47813
-3.47781
-3.47597
-3.47493
-3.47319
-3.47083
-3.47014
-3.46991
-3.47131
-3.47315
-3.47583
-3.47674
-3.47752
-3.47761
-3.47667
-3.47477
-3.47514
-3.4749
-3.47475
-3.47447
-3.47379
-3.47538
-3.47581
-3.47586
-3.47674
-3.47772
-3.47874
-3.47856
-3.47764
-3.47665
-3.47581
-3.47613
-3.47442
-3.47517
-3.47432
-3.47452
-3.47415
-3.47381
-3.47347
-3.47418
-3.47475
-3.47527
-3.47542
-3.47574
-3.47551
-3.47519
-3.4749
-3.47481
-3.47306
-3.47274
-3.47289
-3.47324
-3.4738
-3.47583
-3.47859
-3.48075
-3.48216
-3.48369
-3.48296
-3.48194
-3.47993
-3.47853
-3.47683
-3.47624
-3.47513
-3.47385
-3.4741
-3.47498
-3.47504
-3.47482
-3.47485
-3.47504
-3.47438
-3.47319
-3.47268
-3.47266
-3.47247
-3.47337
-3.47578
-3.47707
-3.4785
-3.47895
-3.47881
-3.47858
-3.4777
-3.4777
-3.4775
-3.47712
-3.47665
-3.47555
-3.47484
-3.47488
-3.47447
-3.475
-3.47529
-3.47544
-3.47561
-3.47532
-3.47576
-3.47598
-3.47521
-3.47558
-3.47599
-3.47679
-3.47712
-3.47797
-3.47786
-3.47793
-3.47755
-3.47812
-3.47873
-3.47945
-3.47937
-3.47953
-3.47968
-3.48019
-3.48119
-3.48092
-3.47959
-3.47978
-3.47878
-3.47863
-3.47815
-3.47821
-3.47831
-3.47795
-3.47781
-3.47662
-3.47558
-3.47458
-3.47481
-3.47359
-3.47376
-3.47506
-3.47608
-3.47832
-3.48114
-3.48248
-3.4827
-3.48237
-3.48148
-3.48133
-3.4809
-3.48234
-3.48273
-3.48238
-3.48151
-3.48174
-3.48118
-3.48021
-3.481
-3.48099
-3.48072
-3.48039
-3.47995
-3.47879
-3.47866
-3.47846
-3.47824
-3.47833
-3.47927
-3.47831
-3.47891
-3.47953
-3.48057
-3.48092
-3.48067
-3.47995
-3.47938
-3.47867
-3.47739
-3.47651
-3.47616
-3.47537
-3.47615
-3.47727
-3.47904
-3.47978
-3.48043
-3.48049
-3.48058
-3.4807
-3.48055
-3.479
-3.47812
-3.47782
-3.47712
-3.47694
-3.47614
-3.47626
-3.47714
-3.47743
-3.47829
-3.47925
-3.48104
-3.48314
-3.48215
-3.48362
-3.48418
-3.4837
-3.48308
-3.48171
-3.48106
-3.4792
-3.47903
-3.47796
-3.47618
-3.47474
-3.47441
-3.4737
-3.47219
-3.47144
-3.47202
-3.47251
-3.47232
-3.47332
-3.47473
-3.476
-3.4759
-3.47678
-3.47749
-3.47849
-3.4795
-3.48036
-3.48066
-3.48084
-3.48081
-3.48271
-3.48246
-3.48178
-3.48106
-3.48018
-3.47866
-3.47743
-3.47579
-3.47585
-3.47661
-3.47663
-3.47607
-3.47575
-3.47611
-3.47626
-3.47594
-3.47606
-3.47525
-3.47497
-3.47405
-3.47323
-3.47352
-3.47185
-3.47069
-3.47113
-3.47017
-3.47069
-3.47007
-3.47041
-3.47023
-3.47198
-3.47357
-3.47507
-3.47547
-3.47523
-3.47525
-3.47429
-3.47445
-3.47438
-3.47348
-3.47317
-3.47327
-3.47372
-3.4746
-3.47547
-3.4752
-3.47645
-3.47526
-3.47526
-3.47492
-3.47531
-3.47585
-3.47448
-3.47306
-3.47282
-3.47289
-3.47197
-3.47275
-3.47431
-3.47549
-3.47702
-3.47824
-3.47821
-3.47709
-3.47675
-3.47418
-3.47285
-3.47337
-3.47354
-3.47443
-3.47566
-3.47579
-3.47566
-3.47512
-3.47568
-3.47647
-3.47716
-3.47789
-3.47787
-3.47783
-3.47668
-3.4749
-3.47394
-3.47269
-3.47252
-3.47367
-3.47567
-3.47648
-3.47746
-3.47742
-3.47843
-3.47786
-3.47693
-3.47713
-3.47752
-3.47651
-3.47657
-3.47637
-3.47638
-3.4764
-3.47615
-3.47671
-3.47715
-3.47684
-3.47669
-3.47661
-3.47713
-3.47807
-3.47912
-3.47956
-3.47998
-3.4791
-3.47825
-3.47785
-3.47695
-3.47638
-3.47496
-3.47494
-3.47491
-3.47502
-3.47723
-3.47831
-3.4782
-3.48008
-3.47937
-3.47921
-3.47922
-3.47902
-3.47933
-3.47902
-3.47883
-3.47986
-3.48019
-3.47931
-3.47954
-3.47891
-3.47858
-3.47856
-3.47856
-3.47886
-3.47799
-3.47736
-3.47643
-3.47574
-3.4767
-3.47677
-3.47789
-3.47963
-3.48079
-3.48126
-3.48087
-3.47954
-3.47905
-3.47767
-3.47642
-3.47497
-3.47538
-3.4747
-3.47484
-3.47588
-3.47619
-3.47692
-3.47581
-3.47581
-3.47608
-3.47697
-3.47676
-3.47838
-3.47914
-3.47876
-3.47766
-3.47781
-3.47777
-3.47751
-3.47778
-3.47733
-3.47683
-3.47883
-3.47916
-3.47983
-3.47951
-3.47905
-3.47844
-3.47924
-3.47956
-3.48018
-3.48022
-3.47839
-3.47811
-3.47881
-3.47963
-3.48078
-3.48165
-3.48025
-3.48015
-3.47865
-3.47826
-3.47662
-3.47559
-3.4759
-3.47615
-3.47734
-3.47788
-3.47652
-3.47656
-3.47696
-3.47696
-3.47509
-3.47398
-3.47309
-3.47306
-3.47225
-3.47254
-3.4722
-3.47146
-3.47174
-3.47104
-3.47106
-3.47235
-3.47299
-3.47373
-3.47462
-3.47481
-3.47436
-3.47419
-3.4741
-3.47292
-3.47159
-3.47132
-3.47153
-3.47181
-3.47146
-3.47127
-3.47153
-3.47268
-3.47242
-3.47334
-3.47499
-3.47555
-3.476
-3.47794
-3.47839
-3.47845
-3.47881
-3.4783
-3.47731
-3.47617
-3.47608
-3.47633
-3.47656
-3.47676
-3.47588
-3.47645
-3.47498
-3.47432
-3.47401
-3.47558
-3.47674
-3.47765
-3.47801
-3.4774
-3.47591
-3.47422
-3.47224
-3.47233
-3.47288
-3.47315
-3.47333
-3.47446
-3.4756
-3.4776
-3.47854
-3.47949
-3.4797
-3.47785
-3.47793
-3.47622
-3.47526
-3.47568
-3.47472
-3.4747
-3.47372
-3.47374
-3.47364
-3.47365
-3.47295
-3.47364
-3.47413
-3.47601
-3.47602
-3.47613
-3.47561
-3.4748
-3.47432
-3.47539
-3.47586
-3.47593
-3.47501
-3.47397
-3.47392
-3.47413
-3.47538
-3.4766
-3.47742
-3.47833
-3.47846
-3.4782
-3.4787
-3.47784
-3.4778
-3.47768
-3.47807
-3.47819
-3.47835
-3.47869
-3.47874
-3.478
-3.47711
-3.47657
-3.4771
-3.47725
-3.47615
-3.47528
-3.47571
-3.47714
-3.47791
-3.47881
-3.47986
-3.4792
-3.47944
-3.47893
-3.47804
-3.47816
-3.47803
-3.47828
-3.47837
-3.4779
-3.47754
-3.47711
-3.47719
-3.47809
-3.47857
-3.4773
-3.47721
-3.47697
-3.47718
-3.47687
-3.47637
-3.47673
-3.4772
-3.47847
-3.47967
-3.48111
-3.48092
-3.48086
-3.48004
-3.4791
-3.47983
-3.47984
-3.48055
-3.48034
-3.47969
-3.47993
-3.4799
-3.47863
-3.47863
-3.47841
-3.47913
-3.47857
-3.47792
-3.47675
-3.47711
-3.47727
-3.47606
-3.47694
-3.47746
-3.47891
-3.47986
-3.47967
-3.48073
-3.47897
-3.47913
-3.47993
-3.47946
-3.47952
-3.47921
-3.47926
-3.47952
-3.47965
-3.48023
-3.48073
-3.48049
-3.48079
-3.4799
-3.4783
-3.4779
-3.47721
-3.47666
-3.47529
-3.47588
-3.47526
-3.476
-3.47611
-3.47687
-3.47796
-3.47912
-3.47944
-3.48055
-3.48233
-3.48354
-3.4824
-3.48234
-3.48099
-3.47993
-3.47897
-3.47879
-3.47854
-3.47767
-3.47808
-3.47877
-3.47957
-3.48056
-3.48052
-3.48277
-3.48262
-3.48312
-3.48326
-3.48355
-3.48242
-3.48146
-3.481
-3.47929
-3.47942
-3.47849
-3.47668
-3.47766
-3.47725
-3.47685
-3.47753
-3.4775
-3.47804
-3.47941
-3.48017
-3.47998
-3.48
-3.47929
-3.47854
-3.47805
-3.47775
-3.47599
-3.47645
-3.47684
-3.47778
-3.47904
-3.47895
-3.47939
-3.47928
-3.47984
-3.47961
-3.4803
-3.4808
-3.47944
-3.48084
-3.4814
-3.48037
-3.48035
-3.48085
-3.48039
-3.48024
-3.47934
-3.47781
-3.47576
-3.47432
-3.47256
-3.47141
-3.4718
-3.47206
-3.47193
-3.47271
-3.47303
-3.47456
-3.47442
-3.47479
-3.47593
-3.47552
-3.47452
-3.47359
-3.47248
-3.47181
-3.47243
-3.47408
-3.4748
-3.4744
-3.47607
-3.4779
-3.47913
-3.47884
-3.47886
-3.47835
-3.47826
-3.4786
-3.47883
-3.4775
-3.47664
-3.47614
-3.47522
-3.47433
-3.47507
-3.47506
-3.47582
-3.47533
-3.47572
-3.47565
-3.47411
-3.47449
-3.47364
-3.47272
-3.47183
-3.4714
-3.47043
-3.4708
-3.47226
-3.47445
-3.47483
-3.47628
-3.47741
-3.47707
-3.47609
-3.47556
-3.47438
-3.47311
-3.47286
-3.47309
-3.47315
-3.47377
-3.47523
-3.47603
-3.47713
-3.47771
-3.47814
-3.47701
-3.47571
-3.47402
-3.47276
-3.47258
-3.47243
-3.47342
-3.47335
-3.47346
-3.47489
-3.4746
-3.47541
-3.47525
-3.47511
-3.47472
-3.47498
-3.4744
-3.47386
-3.474
-3.47404
-3.47417
-3.47541
-3.47793
-3.47834
-3.47947
-3.47893
-3.4794
-3.47876
-3.47778
-3.47739
-3.47765
-3.47694
-3.47616
-3.47637
-3.47745
-3.47843
-3.47951
-3.48077
-3.48182
-3.48241
-3.48192
-3.48067
-3.47929
-3.47838
-3.47639
-3.47449
-3.47313
-3.47248
-3.47298
-3.47312
-3.47449
-3.47535
-3.47545
-3.47611
-3.47668
-3.47605
-3.47573
-3.47566
-3.47559
-3.47513
-3.47703
-3.47727
-3.47758
-3.47868
-3.47858
-3.4797
-3.48074
-3.48224
-3.48182
-3.48029
-3.47906
-3.47792
-3.47715
-3.47568
-3.47396
-3.47188
-3.47098
-3.47045
-3.47041
-3.47143
-3.47128
-3.47174
-3.47262
-3.47406
-3.47546
-3.47707
-3.47708
-3.47713
-3.4767
-3.47755
-3.4791
-3.47892
-3.47973
-3.48041
-3.48108
-3.47918
-3.47894
-3.478
-3.47693
-3.47622
-3.47631
-3.47459
-3.47487
-3.47396
-3.47491
-3.47533
-3.47632
-3.47546
-3.47752
-3.47746
-3.47704
-3.47776
-3.47796
-3.47805
-3.47788
-3.47763
-3.47825
-3.47756
-3.47747
-3.47652
-3.47565
-3.47442
-3.47358
-3.47418
-3.47382
-3.47385
-3.47407
-3.47447
-3.47524
-3.47699
-3.47857
-3.47939
-3.4788
-3.4781
-3.47806
-3.47734
-3.47665
-3.47697
-3.47631
-3.47552
-3.47451
-3.47496
-3.47452
-3.47466
-3.47385
-3.4737
-3.47375
-3.47351
-3.4742
-3.47567
-3.47737
-3.47769
-3.47712
-3.47814
-3.47851
-3.4778
-3.47718
-3.47693
-3.47629
-3.47574
-3.47621
-3.47597
-3.4752
-3.47546
-3.47517
-3.47657
-3.47588
-3.47522
-3.47502
-3.47537
-3.47533
-3.47571
-3.475
-3.47483
-3.4744
-3.47327
-3.47328
-3.4723
-3.47267
-3.47358
-3.47371
-3.47545
-3.47607
-3.47588
-3.47546
-3.4762
-3.47486
-3.47386
-3.47415
-3.47462
-3.47551
-3.47631
-3.47527
-3.47559
-3.47504
-3.47378
-3.47281
-3.47264
-3.47342
-3.47437
-3.47554
-3.4767
-3.47781
-3.4772
-3.47625
-3.47458
-3.47383
-3.4717
-3.47173
-3.47144
-3.47067
-3.47206
-3.47319
-3.47425
-3.47601
-3.47781
-3.47981
-3.48004
-3.47893
-3.47826
-3.47754
-3.47629
-3.4757
-3.47526
-3.47577
-3.47506
-3.47436
-3.47448
-3.47496
-3.47606
-3.47632
-3.47633
-3.47621
-3.4766
-3.47625
-3.4765
-3.47606
-3.47701
-3.47627
-3.47699
-3.47649
-3.47603
-3.47615
-3.47655
-3.4769
-3.47544
-3.47586
-3.47449
-3.4742
-3.47209
-3.47249
-3.47305
-3.47365
-3.47538
-3.47737
-3.47853
-3.47746
-3.47866
-3.47733
-3.47716
-3.4767
-3.4763
-3.47553
-3.47501
-3.4742
-3.47384
-3.47313
-3.47298
-3.47371
-3.475
-3.4757
-3.47706
-3.47712
-3.47673
-3.47686
-3.47679
-3.47803
-3.4788
-3.48008
-3.47967
-3.47942
-3.47938
-3.47745
-3.47624
-3.47607
-3.47566
-3.47486
-3.47557
-3.4759
-3.47459
-3.47401
-3.4739
-3.47385
-3.47376
-3.47442
-3.47543
-3.47571
-3.47674
-3.47721
-3.47838
-3.47983
-3.48095
-3.48037
-3.47996
-3.47936
-3.47834
-3.47887
-3.47968
-3.47974
-3.47806
-3.4775
-3.47576
-3.47648
-3.47675
-3.47697
-3.47637
-3.47698
-3.4775
-3.47784
-3.47824
-3.47822
-3.4775
-3.47707
-3.47697
-3.47678
-3.47738
-3.47707
-3.476
-3.47629
-3.47612
-3.47593
-3.47646
-3.47605
-3.4764
-3.47607
-3.47587
-3.47593
-3.47548
-3.47661
-3.4768
-3.47671
-3.47749
-3.47731
-3.47825
-3.47807
-3.47846
-3.47774
-3.47707
-3.47546
-3.4767
-3.47596
-3.47493
-3.47469
-3.47353
-3.47553
-3.47644
-3.47564
-3.47798
-3.47779
-3.47782
-3.47719
-3.47566
-3.47648
-3.47633
-3.47595
-3.47721
-3.47875
-3.47883
-3.47928
-3.4803
-3.48036
-3.48101
-3.48064
-3.47933
-3.47863
-3.47924
-3.48013
-3.48116
-3.48147
-3.48165
-3.4819
-3.481
-3.48136
-3.4808
-3.48112
-3.48091
-3.48117
-3.47987
-3.4799
-3.47898
-3.47846
-3.47806
-3.47741
-3.47702
-3.47772
-3.47797
-3.4774
-3.47752
-3.47708
-3.47663
-3.47607
-3.47527
-3.47568
-3.47643
-3.47602
-3.47496
-3.47414
-3.47345
-3.47393
-3.47331
-3.47382
-3.47297
-3.47329
-3.47365
-3.47349
-3.47379
-3.47448
-3.47459
-3.47523
-3.4751
-3.47458
-3.47521
-3.47468
-3.47312
-3.47128
-3.47064
-3.46914
-3.46785
-3.4681
-3.46864
-3.4688
-3.46872
-3.46945
-3.47036
-3.47224
-3.47287
-3.47403
-3.47436
-3.47438
-3.47277
-3.47231
-3.47158
-3.47046
-3.46973
-3.4698
-3.47128
-3.47156
-3.47337
-3.47427
-3.47408
-3.47464
-3.47371
-3.47347
-3.4729
-3.47267
-3.47295
-3.47268
-3.47268
-3.47356
-3.47485
-3.47505
-3.4755
-3.4758
-3.47585
-3.47629
-3.47585
-3.47574
-3.47635
-3.47714
-3.47725
-3.477
-3.47649
-3.47616
-3.47631
-3.47485
-3.47428
-3.47538
-3.47677
-3.47821
-3.47802
-3.47878
-3.47832
-3.47809
-3.47656
-3.47632
-3.47631
-3.47525
-3.47469
-3.47446
-3.47467
-3.47495
-3.47513
-3.47552
-3.47574
-3.47557
-3.47731
-3.47729
-3.47789
-3.47903
-3.47993
-3.47935
-3.47892
-3.47869
-3.47839
-3.47799
-3.47781
-3.47687
-3.47727
-3.47707
-3.47669
-3.47612
-3.47565
-3.47574
-3.47638
-3.4766
-3.47854
-3.47809
-3.47886
-3.47747
-3.47742
-3.47774
-3.47817
-3.47754
-3.47789
-3.47676
-3.47548
-3.47449
-3.47378
-3.4738
-3.47347
-3.47343
-3.47391
-3.47364
-3.47446
-3.47513
-3.47628
-3.47699
-3.47833
-3.47885
-3.47973
-3.48019
-3.479
-3.47855
-3.4766
-3.47639
-3.47534
-3.47466
-3.4744
-3.4732
-3.47325
-3.47555
-3.47595
-3.47676
-3.47731
-3.47728
-3.47651
-3.47671
-3.47797
-3.47888
-3.48032
-3.48009
-3.48127
-3.48113
-3.48041
-3.47944
-3.47828
-3.47698
-3.47564
-3.47546
-3.47708
-3.47623
-3.47579
-3.4769
-3.47671
-3.47649
-3.47718
-3.47727
-3.47623
-3.47624
-3.47658
-3.47777
-3.47766
-3.47731
-3.47809
-3.47738
-3.47685
-3.4762
-3.47585
-3.47626
-3.47651
-3.47747
-3.47859
-3.4788
-3.4806
-3.48187
-3.48087
-3.47986
-3.47945
-3.47788
-3.47633
-3.47648
-3.47619
-3.47628
-3.47567
-3.47529
-3.47407
-3.47247
-3.47164
-3.47083
-3.4711
-3.47072
-3.47042
-3.47135
-3.47258
-3.4757
-3.47765
-3.47953
-3.48064
-3.48039
-3.48111
-3.48031
-3.47877
-3.47828
-3.47666
-3.47479
-3.47441
-3.47383
-3.47359
-3.47401
-3.47367
-3.47399
-3.47485
-3.47615
-3.47752
-3.47816
-3.47762
-3.47732
-3.4773
-3.47733
-3.47623
-3.47607
-3.47589
-3.47575
-3.47442
-3.4739
-3.47351
-3.47272
-3.47273
-3.47186
-3.47148
-3.47176
-3.47206
-3.47326
-3.47304
-3.47582
-3.47667
-3.47754
-3.47758
-3.47791
-3.47712
-3.47542
-3.47337
-3.47269
-3.47113
-3.47038
-3.47089
-3.4717
-3.47273
-3.47404
-3.47596
-3.47641
-3.47789
-3.47842
-3.47863
-3.47792
-3.47693
-3.47597
-3.47572
-3.47518
-3.47605
-3.47651
-3.47699
-3.47686
-3.4764
-3.47581
-3.47542
-3.47543
-3.47527
-3.47523
-3.47483
-3.47507
-3.47586
-3.47571
-3.47626
-3.4772
-3.47768
-3.47889
-3.47981
-3.48007
-3.47916
-3.47835
-3.47679
-3.47701
-3.47605
-3.47465
-3.47371
-3.47264
-3.47215
-3.47313
-3.47359
-3.47538
-3.47587
-3.47577
-3.47593
-3.47468
-3.47393
-3.47346
-3.47343
-3.47485
-3.4753
-3.47657
-3.47779
-3.47788
-3.47763
-3.47839
-3.4788
-3.47886
-3.47728
-3.47647
-3.47536
-3.4739
-3.47268
-3.47208
-3.47164
-3.47186
-3.47215
-3.47198
-3.47308
-3.4736
-3.47458
-3.47528
-3.47548
-3.47512
-3.47502
-3.47456
-3.47461
-3.47542
-3.47607
-3.47667
-3.47703
-3.47711
-3.47737
-3.47663
-3.47602
-3.47693
-3.47575
-3.47568
-3.47522
-3.47488
-3.47424
-3.47423
-3.47477
-3.47515
-3.47554
-3.47526
-3.47471
-3.47423
-3.47423
-3.47403
-3.47326
-3.47369
-3.47509
-3.47553
-3.47657
-3.47642
-3.47645
-3.47607
-3.47534
-3.47501
-3.4752
-3.47659
-3.47745
-3.47813
-3.47716
-3.47538
-3.47502
-3.47509
-3.47441
-3.47436
-3.47271
-3.47256
-3.47341
-3.47321
-3.47312
-3.47345
-3.47423
-3.47373
-3.47443
-3.47462
-3.47541
-3.4776
-3.47781
-3.47817
-3.47747
-3.47609
-3.47568
-3.47543
-3.47588
-3.47555
-3.47576
-3.47525
-3.47619
-3.47583
-3.47538
-3.47521
-3.47539
-3.47539
-3.47643
-3.47656
-3.4771
-3.47738
-3.47748
-3.47751
-3.47715
-3.47661
-3.47736
-3.47738
-3.47778
-3.47846
-3.47927
-3.48045
-3.48093
-3.48159
-3.48019
-3.47883
-3.47747
-3.47687
-3.47616
-3.47625
-3.47584
-3.4757
-3.47576
-3.47636
-3.47719
-3.4775
-3.47897
-3.47941
-3.47991
-3.47987
-3.47841
-3.47667
-3.47667
-3.47634
-3.47678
-3.47683
-3.47673
-3.47555
-3.47526
-3.47462
-3.47496
-3.47512
-3.47625
-3.47667
-3.47565
-3.47479
-3.47581
-3.47564
-3.47504
-3.4746
-3.47409
-3.47409
-3.47453
-3.47529
-3.47538
-3.47525
-3.47553
-3.47584
-3.47564
-3.47619
-3.47724
-3.47692
-3.47692
-3.47744
-3.47693
-3.47757
-3.47839
-3.47895
-3.47836
-3.47788
-3.47835
-3.47762
-3.47827
-3.47809
-3.47832
-3.47826
-3.47789
-3.47812
-3.47763
-3.47718
-3.47639
-3.47603
-3.47509
-3.47567
-3.47649
-3.47596
-3.47655
-3.47726
-3.47805
-3.47755
-3.47763
-3.47664
-3.47507
-3.47323
-3.4724
-3.47146
-3.47147
-3.47152
-3.47237
-3.47346
-3.47545
-3.47666
-3.47946
-3.47992
-3.48006
-3.47943
-3.47902
-3.47801
-3.47743
-3.47667
-3.47627
-3.47609
-3.4762
-3.47574
-3.47563
-3.47563
-3.47582
-3.4758
-3.47633
-3.47631
-3.476
-3.47507
-3.47551
-3.47543
-3.47437
-3.47366
-3.47404
-3.4734
-3.4739
-3.47427
-3.47442
-3.47544
-3.4758
-3.47451
-3.47358
-3.47184
-3.4714
-3.46986
-3.46953
-3.46863
-3.47005
-3.47047
-3.47117
-3.47217
-3.47163
-3.47119
-3.47003
-3.46934
-3.4688
-3.47016
-3.47098
-3.47181
-3.47189
-3.47259
-3.47312
-3.47315
-3.47304
-3.4731
-3.47358
-3.47397
-3.47438
-3.47439
-3.47488
-3.47697
-3.47862
-3.48059
-3.48157
-3.48231
-3.48215
-3.4814
-3.48016
-3.47907
-3.47831
-3.47726
-3.47746
-3.47742
-3.47786
-3.47751
-3.47789
-3.47896
-3.47949
-3.47834
-3.47903
-3.47971
-3.48005
-3.47909
-3.47825
-3.47845
-3.47787
-3.47845
-3.47935
-3.47912
-3.47975
-3.47955
-3.48005
-3.47981
-3.48022
-3.48235
-3.48367
-3.48371
-3.48341
-3.48332
-3.48248
-3.48197
-3.48103
-3.48039
-3.47927
-3.47883
-3.47895
-3.47811
-3.47763
-3.47817
-3.4777
-3.47663
-3.47661
-3.47711
-3.47653
-3.47588
-3.47707
-3.47648
-3.47624
-3.47674
-3.47772
-3.47772
-3.47648
-3.47688
-3.47664
-3.47622
-3.47658
-3.47642
-3.47612
-3.47618
-3.47715
-3.47799
-3.47713
-3.47706
-3.47638
-3.47609
-3.47607
-3.47616
-3.47576
-3.47673
-3.47635
-3.47613
-3.47668
-3.47546
-3.47598
-3.47539
-3.47586
-3.47671
-3.4761
-3.47522
-3.4766
-3.47571
-3.47616
-3.47691
-3.47642
-3.47556
-3.47471
-3.47476
-3.47522
-3.47503
-3.47569
-3.47434
-3.47304
-3.4723
-3.47282
-3.47352
-3.4729
-3.47218
-3.47248
-3.47289
-3.47294
-3.47276
-3.47302
-3.47293
-3.4736
-3.47342
-3.47337
-3.47347
-3.47392
-3.47393
-3.47376
-3.47305
-3.47339
-3.474
-3.47313
-3.47164
-3.47056
-3.46975
-3.46977
-3.47051
-3.47145
-3.47089
-3.4706
-3.47138
-3.47125
-3.4708
-3.47026
-3.47044
-3.47061
-3.47098
-3.47101
-3.47106
-3.47277
-3.47386
-3.47475
-3.4753
-3.47478
-3.47442
-3.47431
-3.47442
-3.47452
-3.47355
-3.47263
-3.47397
-3.47491
-3.47628
-3.47667
-3.47687
-3.47688
-3.47626
-3.47482
-3.47381
-3.47295
-3.47183
-3.47276
-3.47296
-3.47386
-3.47537
-3.47612
-3.4774
-3.4779
-3.47737
-3.47711
-3.47679
-3.47766
-3.47825
-3.47922
-3.47775
-3.47749
-3.47722
-3.47706
-3.47622
-3.47607
-3.47533
-3.47505
-3.4753
-3.47654
-3.47687
-3.47827
-3.47894
-3.48081
-3.48172
-3.48285
-3.48287
-3.48208
-3.48112
-3.47935
-3.47745
-3.47657
-3.47531
-3.47442
-3.47398
-3.47388
-3.47467
-3.47626
-3.47838
-3.47942
-3.48054
-3.48019
-3.48097
-3.48076
-3.48003
-3.47996
-3.47866
-3.47829
-3.47774
-3.47619
-3.47634
-3.47543
-3.47533
-3.47625
-3.47712
-3.47849
-3.47908
-3.47988
-3.47958
-3.48116
-3.48217
-3.48182
-3.48195
-3.48099
-3.48032
-3.47934
-3.47987
-3.48054
-3.48011
-3.48007
-3.47946
-3.47888
-3.47887
-3.47932
-3.47928
-3.48007
-3.48085
-3.48091
-3.48102
-3.48033
-3.4792
-3.479
-3.47929
-3.47973
-3.48059
-3.48114
-3.48036
-3.48024
-3.47991
-3.4795
-3.47915
-3.47913
-3.47851
-3.4783
-3.47851
-3.47902
-3.47884
-3.47832
-3.4788
-3.48005
-3.48144
-3.4814
-3.48165
-3.48015
-3.47889
-3.47766
-3.47821
-3.47901
-3.47935
-3.4806
-3.48114
-3.48128
-3.47996
-3.48029
-3.48144
-3.48134
-3.48203
-3.48171
-3.48101
-3.47962
-3.47909
-3.47904
-3.47839
-3.47859
-3.48002
-3.48138
-3.48182
-3.48232
-3.48223
-3.48112
-3.47883
-3.47786
-3.47658
-3.47444
-3.47247
-3.47185
-3.47249
-3.47376
-3.47444
-3.47449
-3.47668
-3.47618
-3.47535
-3.47643
-3.47843
-3.48082
-3.48168
-3.4818
-3.48157
-3.47995
-3.47988
-3.47937
-3.47929
-3.47733
-3.47555
-3.4752
-3.47569
-3.47698
-3.47795
-3.47903
-3.47897
-3.47778
-3.47832
-3.47842
-3.47888
-3.47899
-3.4787
-3.47743
-3.478
-3.4766
-3.47803
-3.47779
-3.47797
-3.4789
-3.47865
-3.47788
-3.47735
-3.47683
-3.4774
-3.47744
-3.47697
-3.47684
-3.47765
-3.4778
-3.47829
-3.4783
-3.47854
-3.47995
-3.48057
-3.48072
-3.48169
-3.48158
-3.4805
-3.47881
-3.47777
-3.47877
-3.47925
-3.47891
-3.47889
-3.47786
-3.47737
-3.47709
-3.47706
-3.47745
-3.47707
-3.47649
-3.47666
-3.47737
-3.47684
-3.47735
-3.47669
-3.47618
-3.47628
-3.47705
-3.47767
-3.47732
-3.47771
-3.47809
-3.47737
-3.47758
-3.47791
-3.47818
-3.47807
-3.4786
-3.47842
-3.47892
-3.47912
-3.47906
-3.47901
-3.47861
-3.47839
-3.47792
-3.47696
-3.47575
-3.47633
-3.47588
-3.47535
-3.47608
-3.4757
-3.47604
-3.47711
-3.47742
-3.47698
-3.47718
-3.47742
-3.47705
-3.47637
-3.47665
-3.47593
-3.47677
-3.47714
-3.47742
-3.47741
-3.47904
-3.47872
-3.47951
-3.48056
-3.48109
-3.48193
-3.48249
-3.48315
-3.48279
-3.48263
-3.4818
-3.48095
-3.47953
-3.47892
-3.47754
-3.47716
-3.47573
-3.47578
-3.47562
-3.47689
-3.47778
-3.47808
-3.4784
-3.47849
-3.47825
-3.4781
-3.47749
-3.47676
-3.47686
-3.47599
-3.47427
-3.47322
-3.473
-3.47303
-3.474
-3.47338
-3.4733
-3.47355
-3.47414
-3.47391
-3.47442
-3.4745
-3.47407
-3.47382
-3.47412
-3.47413
-3.47477
-3.47472
-3.47453
-3.47428
-3.47452
-3.4738
-3.47342
-3.474
-3.47405
-3.47455
-3.47399
-3.47308
-3.47273
-3.47078
-3.46914
-3.46922
-3.46964
-3.47056
-3.47004
-3.47007
-3.47079
-3.47226
-3.47323
-3.4734
-3.47377
-3.47421
-3.47445
-3.4742
-3.47336
-3.4726
-3.47256
-3.47237
-3.47268
-3.4728
-3.47299
-3.47388
-3.47378
-3.47547
-3.47641
-3.47536
-3.4752
-3.47564
-3.47575
-3.47621
-3.47569
-3.4749
-3.47554
-3.47543
-3.47515
-3.47492
-3.47375
-3.47435
-3.4734
-3.47316
-3.47253
-3.47255
-3.47223
-3.47247
-3.47147
-3.47098
-3.47125
-3.47189
-3.47283
-3.47361
-3.47315
-3.47304
-3.4735
-3.47359
-3.4745
-3.47461
-3.47493
-3.47479
-3.47503
-3.47416
-3.4739
-3.47432
-3.47484
-3.47547
-3.47691
-3.47779
-3.47854
-3.47867
-3.47842
-3.47894
-3.479
-3.48
-3.47898
-3.47795
-3.4774
-3.47793
-3.47817
-3.47754
-3.47743
-3.47741
-3.47735
-3.47598
-3.47734
-3.47761
-3.47706
-3.47765
-3.47693
-3.47647
-3.47558
-3.47462
-3.47476
-3.47381
-3.47312
-3.47217
-3.47347
-3.47389
-3.47358
-3.47354
-3.47381
-3.47319
-3.47327
-3.47273
-3.47232
-3.47281
-3.47342
-3.47293
-3.47312
-3.47388
-3.47322
-3.47287
-3.4717
-3.47094
-3.47182
-3.47206
-3.47261
-3.47302
-3.47304
-3.47249
-3.47173
-3.471
-3.46959
-3.46891
-3.46885
-3.46816
-3.46787
-3.46722
-3.468
-3.46901
-3.47009
-3.4729
-3.47499
-3.4757
-3.47709
-3.47637
-3.47566
-3.47466
-3.47368
-3.47361
-3.47346
-3.47251
-3.47236
-3.47397
-3.47483
-3.4743
-3.47375
-3.47406
-3.47442
-3.47462
-3.47373
-3.47335
-3.4733
-3.47354
-3.47404
-3.47328
-3.47351
-3.47384
-3.47493
-3.47741
-3.47759
-3.47759
-3.47777
-3.47758
-3.47841
-3.47861
-3.47846
-3.47765
-3.47675
-3.47667
-3.47652
-3.47635
-3.47607
-3.47661
-3.47676
-3.47574
-3.47684
-3.47659
-3.47634
-3.47556
-3.47616
-3.47611
-3.47786
-3.47816
-3.47926
-3.47871
-3.47856
-3.47863
-3.4787
-3.47886
-3.4789
-3.47884
-3.47893
-3.47933
-3.47832
-3.47761
-3.47781
-3.47736
-3.47706
-3.47674
-3.47645
-3.4769
-3.47853
-3.47818
-3.47789
-3.47708
-3.4765
-3.47638
-3.47676
-3.4765
-3.47662
-3.47551
-3.47488
-3.47346
-3.47259
-3.47147
-3.47099
-3.47226
-3.47314
-3.47455
-3.47585
-3.47712
-3.4784
-3.47707
-3.47619
-3.47568
-3.47581
-3.47604
-3.47554
-3.47484
-3.4744
-3.47515
-3.47482
-3.47431
-3.47512
-3.47514
-3.47479
-3.47583
-3.47651
-3.4773
-3.47755
-3.47725
-3.47525
-3.47479
-3.47416
-3.47314
-3.47138
-3.47074
-3.47065
-3.47059
-3.47048
-3.47113
-3.47091
-3.47085
-3.47117
-3.47149
-3.47214
-3.47218
-3.47296
-3.47276
-3.47216
-3.47385
-3.47611
-3.47714
-3.47885
-3.47853
-3.47799
-3.47744
-3.47689
-3.47582
-3.47511
-3.47471
-3.47641
-3.47597
-3.47586
-3.4751
-3.47558
-3.47644
-3.47694
-3.47675
-3.47657
-3.47795
-3.4792
-3.4793
-3.47897
-3.4798
-3.47932
-3.47863
-3.47741
-3.47653
-3.47632
-3.47562
-3.47588
-3.47489
-3.47453
-3.47529
-3.47537
-3.47634
-3.47655
-3.47712
-3.4778
-3.47901
-3.47889
-3.47927
-3.48048
-3.48111
-3.48151
-3.48203
-3.48076
-3.47998
-3.47899
-3.47779
-3.47708
-3.47632
-3.47534
-3.47551
-3.47557
-3.47564
-3.47676
-3.47793
-3.47818
-3.47936
-3.47898
-3.47869
-3.47832
-3.47703
-3.47686
-3.4761
-3.47602
-3.47623
-3.47571
-3.47506
-3.4751
-3.4757
-3.47589
-3.47762
-3.47794
-3.47827
-3.47846
-3.47817
-3.47854
-3.47813
-3.47831
-3.47727
-3.4774
-3.47684
-3.47603
-3.47481
-3.47414
-3.47286
-3.47217
-3.47238
-3.47306
-3.47385
-3.47482
-3.47819
-3.47986
-3.47995
-3.48081
-3.47942
-3.47777
-3.47644
-3.47516
-3.47404
-3.4738
-3.47343
-3.47433
-3.4744
-3.47563
-3.47781
-3.47876
-3.47906
-3.47756
-3.47685
-3.47564
-3.47627
-3.47508
-3.47368
-3.47219
-3.47185
-3.47172
-3.47215
-3.47287
-3.47154
-3.47207
-3.47192
-3.47267
-3.47246
-3.47334
-3.47423
-3.47474
-3.47502
-3.47557
-3.47579
-3.47517
-3.47451
-3.47472
-3.47451
-3.47496
-3.47792
-3.47954
-3.47948
-3.48009
-3.48022
-3.47966
-3.4783
-3.47712
-3.4765
-3.47614
-3.4751
-3.47535
-3.47467
-3.47501
-3.47517
-3.47632
-3.4764
-3.47626
-3.47729
-3.47809
-3.47892
-3.47858
-3.47769
-3.47789
-3.47878
-3.47906
-3.47794
-3.47737
-3.47786
-3.47796
-3.47774
-3.47664
-3.47649
-3.47712
-3.47671
-3.47613
-3.47552
-3.47626
-3.47536
-3.47512
-3.47532
-3.47437
-3.47438
-3.47453
-3.47651
-3.47662
-3.4768
-3.47756
-3.4779
-3.47937
-3.47988
-3.48014
-3.48033
-3.47999
-3.47943
-3.47817
-3.47703
-3.47599
-3.47489
-3.47486
-3.4737
-3.47242
-3.47152
-3.47189
-3.4733
-3.47425
-3.47628
-3.47889
-3.47874
-3.47886
-3.47902
-3.47764
-3.47616
-3.47564
-3.47468
-3.47347
-3.47268
-3.47191
-3.47141
-3.47194
-3.47255
-3.47454
-3.4758
-3.47593
-3.47546
-3.47501
-3.47466
-3.474
-3.4739
-3.47385
-3.47404
-3.47273
-3.47251
-3.47285
-3.47273
-3.47332
-3.47321
-3.47397
-3.47299
-3.47345
-3.47349
-3.4742
-3.47419
-3.4756
-3.47507
-3.47645
-3.47724
-3.47732
-3.47666
-3.47648
-3.47609
-3.47645
-3.47757
-3.47728
-3.47839
-3.47919
-3.47994
-3.47955
-3.47878
-3.47782
-3.47709
-3.47577
-3.4754
-3.47475
-3.47546
-3.47567
-3.47663
-3.47659
-3.47735
-3.47711
-3.47654
-3.47624
-3.47723
-3.47819
-3.47721
-3.47705
-3.47706
-3.47668
-3.47435
-3.47382
-3.47336
-3.47327
-3.47239
-3.47174
-3.47093
-3.47055
-3.47105
-3.47251
-3.47207
-3.47193
-3.47317
-3.47377
-3.47556
-3.47579
-3.47494
-3.47453
-3.47372
-3.47312
-3.47238
-3.47202
-3.47216
-3.47349
-3.47278
-3.47346
-3.47415
-3.47451
-3.47479
-3.47525
-3.47553
-3.47454
-3.47445
-3.47524
-3.47483
-3.47444
-3.47354
-3.4728
-3.47206
-3.47152
-3.4716
-3.47258
-3.47343
-3.47413
-3.47511
-3.47536
-3.47592
-3.47709
-3.47687
-3.47748
-3.47681
-3.47538
-3.47561
-3.4755
-3.47572
-3.47713
-3.47752
-3.47696
-3.47703
-3.47752
-3.47737
-3.47713
-3.47668
-3.47689
-3.47654
-3.47738
-3.47802
-3.47928
-3.47911
-3.47961
-3.47859
-3.47614
-3.4758
-3.47502
-3.47534
-3.47533
-3.47619
-3.47711
-3.47721
-3.47748
-3.47772
-3.47706
-3.47632
-3.47712
-3.47666
-3.47703
-3.47753
-3.47722
-3.47712
-3.4761
-3.47594
-3.47562
-3.47615
-3.47516
-3.47461
-3.47445
-3.47483
-3.47472
-3.47408
-3.47478
-3.47366
-3.47431
-3.47408
-3.4743
-3.4745
-3.47485
-3.47433
-3.47435
-3.47522
-3.47556
-3.47546
-3.4751
-3.47484
-3.4749
-3.47469
-3.47372
-3.47247
-3.47237
-3.47313
-3.47339
-3.47392
-3.47462
-3.47521
-3.47586
-3.47523
-3.47452
-3.47503
-3.47448
-3.47356
-3.47419
-3.47464
-3.47474
-3.47521
-3.47531
-3.47575
-3.47636
-3.47632
-3.47452
-3.47424
-3.47351
-3.47339
-3.47392
-3.47346
-3.47234
-3.47239
-3.47229
-3.47241
-3.4718
-3.47145
-3.4722
-3.47258
-3.47388
-3.4751
-3.47541
-3.47536
-3.47595
-3.47634
-3.47672
-3.47724
-3.4761
-3.47615
-3.47557
-3.47553
-3.47573
-3.47452
-3.47438
-3.4739
-3.47319
-3.47382
-3.4741
-3.47588
-3.47628
-3.47756
-3.47856
-3.47735
-3.4778
-3.47797
-3.47691
-3.47856
-3.47797
-3.47826
-3.47807
-3.47858
-3.47785
-3.4792
-3.48071
-3.48121
-3.48053
-3.47976
-3.4785
-3.4803
-3.48156
-3.48077
-3.48139
-3.48063
-3.48117
-3.48161
-3.48092
-3.48187
-3.48228
-3.48261
-3.48327
-3.48204
-3.48247
-3.4823
-3.48225
-3.48253
-3.48312
-3.48397
-3.48483
-3.48464
-3.48586
-3.48575
-3.4846
-3.484
-3.48269
-3.48251
-3.48221
-3.48328
-3.48281
-3.48271
-3.48134
-3.48237
-3.48183
-3.48244
-3.48314
-3.48409
-3.48362
-3.48252
-3.48044
-3.48036
-3.47871
-3.4783
-3.47717
-3.4777
-3.47666
-3.47611
-3.47718
-3.47663
-3.47637
-3.47741
-3.47828
-3.48001
-3.48022
-3.48082
-3.48075
-3.48204
-3.48033
-3.4805
-3.48012
-3.47917
-3.47854
-3.47689
-3.47563
-3.47424
-3.47284
-3.47214
-3.47233
-3.47251
-3.47311
-3.4745
-3.47495
-3.47621
-3.47692
-3.47772
-3.47878
-3.48009
-3.48156
-3.48234
-3.48355
-3.48355
-3.48346
-3.48243
-3.48232
-3.48129
-3.48047
-3.47934
-3.47828
-3.47774
-3.47737
-3.47833
-3.47838
-3.4782
-3.47761
-3.47716
-3.47691
-3.47582
-3.47594
-3.47597
-3.47535
-3.47489
-3.47503
-3.47468
-3.47559
-3.47558
-3.47553
-3.4757
-3.476
-3.47614
-3.47742
-3.47702
-3.47654
-3.4769
-3.47651
-3.47602
-3.47577
-3.47635
-3.47649
-3.47584
-3.4762
-3.47533
-3.47525
-3.47602
-3.47651
-3.47672
-3.47648
-3.47765
-3.47711
-3.47698
-3.47581
-3.47512
-3.47505
-3.47459
-3.47329
-3.47249
-3.47282
-3.47394
-3.47409
-3.47355
-3.47335
-3.47297
-3.47172
-3.47175
-3.4717
-3.4718
-3.47281
-3.47265
-3.47267
-3.47317
-3.47406
-3.47388
-3.47451
-3.47418
-3.47395
-3.47375
-3.47452
-3.47348
-3.47521
-3.47489
-3.47634
-3.4773
-3.47828
-3.4778
-3.47799
-3.47801
-3.47693
-3.47629
-3.47589
-3.47576
-3.47558
-3.47722
-3.4767
-3.47581
-3.47731
-3.47645
-3.47614
-3.47668
-3.47631
-3.47602
-3.47622
-3.47606
-3.47577
-3.47568
-3.47624
-3.47678
-3.47623
-3.47585
-3.47559
-3.47647
-3.47638
-3.47734
-3.47827
-3.47946
-3.4803
-3.48011
-3.48043
-3.48092
-3.47984
-3.48057
-3.479
-3.47812
-3.47732
-3.47645
-3.47626
-3.47531
-3.4767
-3.47754
-3.47841
-3.47815
-3.47791
-3.47722
-3.47693
-3.47642
-3.47577
-3.47777
-3.4782
-3.47836
-3.47835
-3.47791
-3.47832
-3.47799
-3.47827
-3.47772
-3.47763
-3.47811
-3.47765
-3.47772
-3.47648
-3.47554
-3.47565
-3.47623
-3.47554
-3.4756
-3.47664
-3.47749
-3.478
-3.47791
-3.47754
-3.47892
-3.47944
-3.47925
-3.48111
-3.48136
-3.48026
-3.47944
-3.47835
-3.47703
-3.47611
-3.47582
-3.47588
-3.47605
-3.47753
-3.47773
-3.47805
-3.47739
-3.47729
-3.47752
-3.47758
-3.4774
-3.47791
-3.47904
-3.47798
-3.47725
-3.47692
-3.47627
-3.47684
-3.47813
-3.47889
-3.47957
-3.48094
-3.47979
-3.47908
-3.47646
-3.47595
-3.4763
-3.47575
-3.47657
-3.47691
-3.4774
-3.4761
-3.47513
-3.4746
-3.47401
-3.47336
-3.4742
-3.47477
-3.47753
-3.47744
-3.47848
-3.47689
-3.477
-3.47726
-3.47897
-3.47987
-3.48006
-3.48017
-3.47852
-3.47827
-3.47805
-3.47732
-3.47754
-3.47766
-3.47911
-3.47987
-3.47956
-3.47974
-3.47914
-3.47984
-3.47938
-3.47783
-3.47843
-3.47818
-3.479
-3.47897
-3.47934
-3.47914
-3.4793
-3.48023
-3.47993
-3.48058
-3.48046
-3.4826
-3.48257
-3.48203
-3.48138
-3.48014
-3.47792
-3.47718
-3.47626
-3.47718
-3.47677
-3.47802
-3.47801
-3.4798
-3.4806
-3.48097
-3.48012
-3.47904
-3.47833
-3.47777
-3.47797
-3.47727
-3.47717
-3.47769
-3.47899
-3.4797
-3.47992
-3.4788
-3.47867
-3.47847
-3.4783
-3.47713
-3.47664
-3.47703
-3.47728
-3.47728
-3.47762
-3.47715
-3.47759
-3.47804
-3.47815
-3.47819
-3.47976
-3.48068
-3.48122
-3.48059
-3.48047
-3.4807
-3.48113
-3.48175
-3.4813
-3.48115
-3.48008
-3.47899
-3.47811
-3.47683
-3.47732
-3.47744
-3.47671
-3.47766
-3.47811
-3.47916
-3.47896
-3.47787
-3.47925
-3.47965
-3.47895
-3.47866
-3.47787
-3.47839
-3.47916
-3.47868
-3.47654
-3.47538
-3.47608
-3.47528
-3.47566
-3.47663
-3.4768
-3.47745
-3.47861
-3.47927
-3.47951
-3.47964
-3.47906
-3.47823
-3.47915
-3.48029
-3.48037
-3.4809
-3.48114
-3.48181
-3.48158
-3.4795
-3.47828
-3.47805
-3.47841
-3.47895
-3.47873
-3.47815
-3.47823
-3.47759
-3.47635
-3.47742
-3.47786
-3.47821
-3.47852
-3.47873
-3.47957
-3.47994
-3.48045
-3.48047
-3.4807
-3.4799
-3.47906
-3.47857
-3.47709
-3.47723
-3.47594
-3.47665
-3.47708
-3.47923
-3.47905
-3.47957
-3.47993
-3.47838
-3.47755
-3.47759
-3.4772
-3.4778
-3.47673
-3.47649
-3.47666
-3.47606
-3.47528
-3.47506
-3.474
-3.47425
-3.47342
-3.47426
-3.47492
-3.47534
-3.47599
-3.47619
-3.47689
-3.47742
-3.47868
-3.47844
-3.47833
-3.47835
-3.47731
-3.47719
-3.47745
-3.4761
-3.47482
-3.47546
-3.47597
-3.47704
-3.47798
-3.47813
-3.47845
-3.47798
-3.47738
-3.47676
-3.47445
-3.47447
-3.47593
-3.47668
-3.47774
-3.47843
-3.47873
-3.47926
-3.47867
-3.47827
-3.47861
-3.4794
-3.47959
-3.47931
-3.47853
-3.47657
-3.47662
-3.47616
-3.47673
-3.47627
-3.47652
-3.47704
-3.47634
-3.47618
-3.47703
-3.47764
-3.47859
-3.47895
-3.47999
-3.4789
-3.47831
-3.47959
-3.48055
-3.48113
-3.48082
-3.48026
-3.47968
-3.4792
-3.47842
-3.47935
-3.47809
-3.47828
-3.47965
-3.48115
-3.48239
-3.48299
-3.48334
-3.4835
-3.48412
-3.48365
-3.48422
-3.48507
-3.48563
-3.48499
-3.48489
-3.48396
-3.48272
-3.4827
-3.4826
-3.48242
-3.4824
-3.48242
-3.48211
-3.48269
-3.48257
-3.482
-3.48144
-3.4813
-3.48113
-3.48157
-3.48236
-3.48254
-3.48188
-3.48214
-3.48098
-3.47904
-3.47859
-3.47842
-3.478
-3.47758
-3.47667
-3.47714
-3.47895
-3.4785
-3.47917
-3.47947
-3.48015
-3.4803
-3.47993
-3.48086
-3.48062
-3.4802
-3.47821
-3.47673
-3.47523
-3.47506
-3.47405
-3.47373
-3.47504
-3.4754
-3.4779
-3.47878
-3.47933
-3.48008
-3.47951
-3.47997
-3.48014
-3.47891
-3.47748
-3.47701
-3.47686
-3.47671
-3.47604
-3.47617
-3.47669
-3.47755
-3.478
-3.47818
-3.47808
-3.47841
-3.47887
-3.47876
-3.47914
-3.47989
-3.47997
-3.48045
-3.48033
-3.481
-3.48184
-3.48234
-3.4818
-3.482
-3.48077
-3.47941
-3.47825
-3.47787
-3.47824
-3.47776
-3.47759
-3.47793
-3.47783
-3.47781
-3.4779
-3.47863
-3.47907
-3.47894
-3.47892
-3.47895
-3.47893
-3.47809
-3.47906
-3.47951
-3.48025
-3.4787
-3.4778
-3.47758
-3.47784
-3.47972
-3.47937
-3.47961
-3.48054
-3.47922
-3.47789
-3.47713
-3.47723
-3.47707
-3.47701
-3.4777
-3.47816
-3.47899
-3.47974
-3.48133
-3.48095
-3.4794
-3.47916
-3.47977
-3.47974
-3.47916
-3.47917
-3.47967
-3.48071
-3.48065
-3.48157
-3.48291
-3.48209
-3.48241
-3.48181
-3.48103
-3.48056
-3.47904
-3.47837
-3.47688
-3.47589
-3.47468
-3.47458
-3.47548
-3.47563
-3.47542
-3.47449
-3.47479
-3.47407
-3.47361
-3.47393
-3.47397
-3.47353
-3.47375
-3.47347
-3.4722
-3.47257
-3.47337
-3.47678
-3.47675
-3.47681
-3.47811
-3.478
-3.47817
-3.47801
-3.47899
-3.47989
-3.47997
-3.47975
-3.47872
-3.47957
-3.47883
-3.47868
-3.47755
-3.47778
-3.47763
-3.47654
-3.47606
-3.47638
-3.47675
-3.47727
-3.478
-3.47746
-3.47644
-3.47807
-3.4786
-3.47816
-3.47928
-3.4789
-3.47984
-3.48015
-3.48119
-3.48228
-3.4821
-3.48169
-3.48162
-3.48039
-3.47986
-3.47977
-3.47821
-3.4783
-3.47774
-3.47782
-3.47765
-3.47793
-3.47688
-3.47696
-3.47634
-3.4759
-3.4752
-3.47411
-3.47471
-3.47478
-3.47603
-3.47633
-3.4752
-3.47577
-3.47542
-3.47657
-3.47627
-3.47755
-3.47747
-3.47813
-3.47765
-3.47754
-3.47644
-3.4754
-3.47485
-3.47483
-3.47354
-3.47307
-3.47329
-3.47254
-3.47286
-3.47264
-3.47388
-3.47472
-3.47615
-3.47732
-3.47754
-3.47703
-3.47672
-3.47608
-3.47586
-3.47615
-3.47572
-3.47513
-3.4743
-3.47421
-3.47426
-3.47298
-3.47321
-3.47128
-3.47183
-3.47091
-3.471
-3.47101
-3.47158
-3.47267
-3.47215
-3.47124
-3.47163
-3.47148
-3.47328
-3.47371
-3.47425
-3.47495
-3.47499
-3.47385
-3.47291
-3.47243
-3.4712
-3.4718
-3.47152
-3.47081
-3.47102
-3.47098
-3.47283
-3.47492
-3.47754
-3.47853
-3.4793
-3.4796
-3.47979
-3.4795
-3.47893
-3.47742
-3.4766
-3.47507
-3.47404
-3.47345
-3.47481
-3.47541
-3.47594
-3.47627
-3.47792
-3.47775
-3.47751
-3.47825
-3.47668
-3.47729
-3.47661
-3.47663
-3.47806
-3.4789
-3.48074
-3.48163
-3.48134
-3.48176
-3.48127
-3.47956
-3.47765
-3.47641
-3.47581
-3.4743
-3.47412
-3.4731
-3.47413
-3.47362
-3.47325
-3.47583
-3.47696
-3.47874
-3.48003
-3.48014
-3.4808
-3.4817
-3.48078
-3.48094
-3.48036
-3.48024
-3.4797
-3.47972
-3.47828
-3.47652
-3.47584
-3.47473
-3.47434
-3.47337
-3.47404
-3.47407
-3.47352
-3.47251
-3.4722
-3.47261
-3.47341
-3.47457
-3.47451
-3.47423
-3.47451
-3.47308
-3.47279
-3.47131
-3.47069
-3.47134
-3.47155
-3.47197
-3.4743
-3.47428
-3.47484
-3.475
-3.47459
-3.47384
-3.47326
-3.47321
-3.47303
-3.47418
-3.47404
-3.47381
-3.47391
-3.47534
-3.47483
-3.47456
-3.47475
-3.4751
-3.47665
-3.47623
-3.47681
-3.47813
-3.47872
-3.47966
-3.47981
-3.47887
-3.47887
-3.47925
-3.47837
-3.47772
-3.47826
-3.47933
-3.47986
-3.47956
-3.47999
-3.48036
-3.48017
-3.48025
-3.47978
-3.47943
-3.47906
-3.47828
-3.4778
-3.47746
-3.47685
-3.47712
-3.47653
-3.47579
-3.47577
-3.47618
-3.47671
-3.47626
-3.47668
-3.477
-3.47747
-3.47751
-3.47869
-3.47955
-3.48087
-3.48096
-3.48142
-3.48116
-3.48078
-3.4803
-3.47926
-3.47748
-3.4776
-3.47603
-3.47654
-3.47605
-3.47724
-3.47699
-3.47761
-3.47796
-3.47847
-3.47807
-3.47817
-3.47697
-3.47818
-3.47779
-3.47691
-3.47874
-3.47793
-3.47699
-3.47703
-3.47781
-3.47686
-3.47659
-3.47629
-3.47594
-3.47557
