1.08754
1.07447
1.06447
1.0602
1.06288
1.07193
1.0854
1.10083
1.11603
1.1293
1.13931
1.145
1.14571
1.14135
1.13252
1.12048
1.10683
1.09311
1.08035
1.06905
1.0594
1.05163
1.04614
1.04342
1.0437
1.04691
1.05266
1.06037
1.06931
1.07878
1.08815
1.09701
1.10507
1.11204
1.11762
1.12154
1.12371
1.12424
1.1234
1.1214
1.11821
1.11343
1.10651
1.09704
1.08525
1.07218
1.05935
1.04796
1.0385
1.03099
1.02563
1.02307
1.02404
1.02891
1.0374
1.04857
1.06104
1.07337
1.08432
1.09314
1.09944
1.10308
1.10396
1.10207
1.0976
1.09106
1.08333
1.07549
1.06838
1.06218
1.05617
1.04885
1.03848
1.02375
1.00438
0.981436
0.957393
0.93593
0.921118
0.916004
0.921381
0.93578
0.956406
0.980178
1.0042
1.02598
1.04345
1.05513
1.06027
1.05884
1.05159
1.03999
1.0261
1.01237
1.00125
0.994437
0.992445
0.994615
0.999405
1.00498
1.00968
1.01253
1.01337
1.01267
1.01129
1.01007
1.0096
1.01015
1.01185
1.01497
1.01992
1.0272
1.03732
1.05063
1.06697
1.08507
1.10246
1.11623
1.12406
1.12481
1.11852
1.10623
1.08979
1.07161
1.05432
1.04037
1.03156
1.02864
1.03108
1.03746
1.04594
1.05475
1.06244
1.06798
1.07074
1.07045
1.06712
1.06104
1.05267
1.04264
1.03164
1.02043
1.00969
0.999854
0.990962
0.982632
0.974261
0.965261
0.955334
0.944735
0.934314
0.925423
0.919572
0.917987
0.921148
0.928605
0.939178
0.951382
0.963865
0.975578
0.985591
0.993016
0.996919
0.996591
0.99197
0.983985
0.974427
0.96526
0.95773
0.952066
0.948011
0.945468
0.944703
0.946102
0.950038
0.956923
0.96706
0.980388
0.996173
1.01311
1.02981
1.04537
1.05949
1.07234
1.08421
1.09521
1.10524
1.11411
1.12165
1.12768
1.13191
1.1338
1.1327
1.12789
1.11898
1.10614
1.09025
1.07281
1.05571
1.04107
1.03104
1.02756
1.03188
1.04386
1.0617
1.08213
1.10148
1.11669
1.12592
1.12859
1.12506
1.11626
1.10337
1.0877
1.0707
1.05393
1.03897
1.02731
1.02
1.01754
1.01978
1.02583
1.03414
1.04263
1.0493
1.05266
1.05213
1.04807
1.04159
1.0341
1.02699
1.02129
1.01764
1.01637
1.01766
1.02153
1.02772
1.03549
1.04362
1.05053
1.05463
1.05465
1.04998
1.04098
1.02897
1.01593
1.00406
0.995341
0.991209
0.992422
0.999119
1.01082
1.02646
1.04446
1.06291
1.07982
1.0935
1.10283
1.10718
1.10616
1.09953
1.08762
1.07173
1.05398
1.03653
1.02096
1.00816
0.998322
0.991122
0.985862
0.981824
0.978796
0.977435
0.979135
0.9851
0.995393
1.0087
1.02292
1.03603
1.0466
1.05405
1.05849
1.06054
1.06096
1.06032
1.05881
1.0562
1.05204
1.04593
1.03776
1.02792
1.01736
1.00748
0.999507
0.994091
0.991543
0.992359
0.997389
1.00741
1.02246
1.04146
1.06223
1.08195
1.09767
1.10706
1.10913
1.10467
1.09622
1.08728
1.08087
1.07807
1.07799
1.07883
1.07912
1.07808
1.07549
1.07151
1.06631
1.0598
1.0516
1.04123
1.02838
1.01335
0.99734
0.98257
0.971882
0.967639
0.970654
0.980075
0.994161
1.0111
1.02937
1.04761
1.06444
1.07837
1.0879
1.09183
1.08952
1.08099
1.06687
1.04861
1.02846
1.00942
0.99471
0.987007
0.987948
0.998072
1.01685
1.04261
1.07251
1.1029
1.13014
1.15136
1.16482
1.16992
1.16702
1.15724
1.14238
1.12486
1.10753
1.09336
1.08469
1.08259
1.08641
1.09401
1.10265
1.10988
1.11424
1.11548
1.11426
1.1117
1.10884
1.10624
1.10389
1.10131
1.09784
1.09311
1.08726
1.08062
1.07315
1.06424
1.05348
1.04137
1.02951
1.02007
1.01498
1.01525
1.02077
1.03063
1.04355
1.05828
1.07375
1.089
1.10323
1.11556
1.12503
1.13071
1.13187
1.12814
1.11947
1.10613
1.08862
1.0676
1.04398
1.01901
0.994392
0.972345
0.955474
0.946178
0.945816
0.953968
0.968279
0.985158
1.00092
1.01281
1.01974
1.02235
1.02242
1.02183
1.02146
1.02089
1.0189
1.01441
1.00734
0.998926
0.9915
0.987642
0.989227
0.99685
1.00973
1.02594
1.04277
1.0574
1.06767
1.07303
1.07486
1.07627
1.08079
1.0902
1.10288
1.11477
1.12213
1.12339
1.11905
1.11054
1.09946
1.08715
1.07479
1.06332
1.05338
1.04528
1.03913
1.03501
1.03297
1.03299
1.03479
1.03799
1.04239
1.04827
1.05631
1.06701
1.07996
1.09359
1.10581
1.11503
1.12061
1.12261
1.12104
1.11543
1.10501
1.0895
1.06982
1.04819
1.02749
1.01017
0.997284
0.988733
0.984192
0.983763
0.987564
0.995013
1.00486
1.01615
1.02883
1.04361
1.06119
1.08139
1.10276
1.12268
1.13806
1.14626
1.14569
1.13634
1.11978
1.09878
1.07662
1.05628
1.04002
1.02907
1.02372
1.02345
1.02741
1.03476
1.04481
1.05693
1.07022
1.08347
1.09524
1.10418
1.10924
1.10984
1.10588
1.09773
1.08614
1.0722
1.05735
1.04336
1.03217
1.02563
1.025
1.03052
1.04125
1.05519
1.06978
1.08252
1.09152
1.09595
1.09607
1.09297
1.08811
1.08258
1.07674
1.0706
1.06458
1.06003
1.05881
1.06251
1.07149
1.08456
1.09934
1.11324
1.12427
1.13136
1.13426
1.13334
1.12922
1.12266
1.11437
1.10501
1.09508
1.08496
1.07493
1.06522
1.05626
1.04876
1.04362
1.04154
1.04267
1.04638
1.05137
1.05618
1.05972
1.06168
1.06249
1.06295
1.06375
1.06505
1.06659
1.06812
1.06964
1.07109
1.07198
1.07146
1.06881
1.06409
1.0584
1.05383
1.05259
1.05591
1.0632
1.07248
1.08146
1.08851
1.09286
1.09445
1.09353
1.09047
1.0856
1.07951
1.07343
1.06902
1.06743
1.06804
1.06862
1.06682
1.06167
1.05407
1.0464
1.04149
1.04111
1.04482
1.05031
1.05481
1.05649
1.05477
1.04973
1.04173
1.03134
1.01958
1.00808
0.999224
0.995982
1.00143
1.01759
1.04406
1.07756
1.11303
1.1455
1.17133
1.18845
1.19609
1.1945
1.18475
1.16862
1.14826
1.12586
1.10341
1.08266
1.06469
1.04946
1.03579
1.02245
1.01001
1.0015
1.00018
1.00586
1.01432
1.02067
1.0224
1.0202
1.01666
1.01426
1.01349
1.0128
1.01001
1.00374
0.994083
0.98228
0.97005
0.959
0.950322
0.944755
0.942592
0.94366
0.947398
0.953022
0.959673
0.96643
0.97239
0.976964
0.98025
0.98319
0.987427
0.994543
1.00503
1.01763
1.02977
1.03873
1.04276
1.04141
1.03544
1.02613
1.01499
1.00368
0.994149
0.988292
0.987021
0.989771
0.994968
1.00093
1.00629
1.00993
1.01106
1.00937
1.00513
0.999
0.99146
0.982485
0.972049
0.961645
0.955026
0.956053
0.965026
0.978574
0.992978
1.00638
1.0184
1.02897
1.03777
1.04399
1.04641
1.04382
1.0358
1.0234
1.00906
0.995958
0.986941
0.983761
0.986688
0.994643
1.0058
1.01839
1.03132
1.04452
1.05869
1.07448
1.09148
1.10808
1.12248
1.13369
1.14168
1.14686
1.14966
1.15028
1.14874
1.14495
1.1389
1.13069
1.12062
1.10911
1.0967
1.08392
1.07146
1.06032
1.05177
1.04672
1.04494
1.04485
1.04417
1.04093
1.03455
1.02656
1.02049
1.0204
1.02898
1.04603
1.0687
1.0929
1.11498
1.13261
1.14483
1.15175
1.1542
1.15334
1.15041
1.14644
1.14222
1.13842
1.13574
1.1346
1.13461
1.1342
1.13121
1.12396
1.11224
1.09723
1.08077
1.06447
1.04941
1.03642
1.02645
1.02067
1.02017
1.02525
1.03492
1.04695
1.05866
1.06783
1.07316
1.07436
1.07169
1.06557
1.05648
1.04511
1.03238
1.01935
1.00674
0.994446
0.981444
0.966302
0.948093
0.9273
0.906374
0.889548
0.881626
0.885654
0.901003
0.923632
0.948392
0.97134
0.990702
1.00653
1.01996
1.03244
1.04506
1.05817
1.07128
1.08335
1.0932
1.09993
1.10322
1.10344
1.10153
1.09878
1.09658
1.09607
1.09773
1.10117
1.10515
1.10789
1.10739
1.10172
1.08946
1.07005
1.04421
1.01434
0.984598
0.959808
0.943134
0.934543
0.931818
0.93276
0.936329
0.942335
0.950576
0.960229
0.969719
0.97715
0.980994
0.980633
0.976499
0.969858
0.962377
0.955731
0.951161
0.949278
0.950184
0.953583
0.958951
0.965734
0.97369
0.983137
0.995025
1.01072
1.0313
1.05652
1.0841
1.11062
1.13312
1.14998
1.1609
1.1664
1.16741
1.16504
1.16042
1.15456
1.14823
1.14198
1.13618
1.13126
1.12773
1.12612
1.12678
1.12981
1.13484
1.14108
1.14731
1.15206
1.15395
1.15194
1.14556
1.13515
1.1217
1.1067
1.09189
1.07891
1.06884
1.06183
1.05683
1.05196
1.04542
1.03632
1.02498
1.01252
1.00003
0.988118
0.976932
0.966674
0.958158
0.95292
0.952759
0.958881
0.971087
0.987431
1.0046
1.01886
1.02706
1.02771
1.02134
1.01048
0.99887
0.990263
0.987406
0.991552
1.00256
1.01924
1.03986
1.06229
1.08436
1.10404
1.11964
1.12981
1.13348
1.12988
1.11869
1.10027
1.07597
1.0481
1.01989
0.995039
0.976899
0.967545
0.967047
0.973492
0.983797
0.994824
1.00423
1.01087
1.01476
1.0169
1.01899
1.023
1.03046
1.04145
1.05426
1.06617
1.07497
1.07988
1.08138
1.0806
1.07861
1.07598
1.07276
1.0688
1.06428
1.05994
1.05664
1.05455
1.05276
1.04979
1.04466
1.0375
1.02954
1.02255
1.01827
1.0179
1.02189
1.02984
1.04056
1.05244
1.06395
1.07391
1.08164
1.08691
1.0898
1.09055
1.08943
1.08668
1.08284
1.07903
1.07674
1.07714
1.0803
1.08529
1.09083
1.096
1.10012
1.10254
1.10251
1.09942
1.0936
1.08671
1.08138
1.07997
1.08303
1.08896
1.09467
1.09721
1.09522
1.08944
1.08226
1.07646
1.07381
1.0744
1.07661
1.07793
1.07587
1.06896
1.05759
1.04434
1.03286
1.02557
1.02245
1.02235
1.02423
1.02702
1.02928
1.02978
1.02835
1.0259
1.0236
1.02211
1.02143
1.02098
1.01991
1.01727
1.01232
1.005
0.996253
0.987903
0.982185
0.980967
0.98526
0.995072
1.00959
1.0274
1.04664
1.06522
1.08109
1.0926
1.09872
1.09914
1.09432
1.0855
1.07484
1.06523
1.05956
1.05948
1.06446
1.07197
1.07859
1.08133
1.07817
1.06802
1.05075
1.02742
1.00111
0.977471
0.962978
0.960828
0.968646
0.980904
0.992938
1.00274
1.0103
1.01631
1.02118
1.02468
1.02596
1.02405
1.01858
1.01042
1.00166
0.994946
0.992527
0.9955
1.00378
1.01628
1.03118
1.04642
1.06032
1.072
1.0812
1.08795
1.09237
1.0946
1.09492
1.09376
1.09161
1.08883
1.08558
1.08188
1.0779
1.0742
1.07173
1.07137
1.07341
1.07738
1.08238
1.08748
1.09191
1.09504
1.09626
1.0949
1.09042
1.08274
1.07253
1.06116
1.05028
1.04102
1.03348
1.02674
1.01953
1.01103
1.00136
0.991684
0.984023
0.980427
0.981727
0.98654
0.991946
0.995229
0.99535
0.993093
0.990348
0.989218
0.991665
0.999098
1.01173
1.0283
1.04692
1.06642
1.08673
1.10762
1.12747
1.14361
1.15356
1.15587
1.15012
1.13664
1.11648
1.09151
1.06449
1.03879
1.01798
1.00502
1.00185
1.00883
1.02486
1.04754
1.07366
1.09976
1.12255
1.13935
1.1484
1.14916
1.14273
1.13195
1.12065
1.11212
1.10786
1.10776
1.11105
1.11711
1.1255
1.13575
1.14709
1.15841
1.16846
1.17613
1.18057
1.18127
1.17809
1.17123
1.16121
1.14875
1.13457
1.11927
1.10352
1.08824
1.07501
1.06589
1.06271
1.06619
1.07546
1.08847
1.10294
1.11707
1.1299
1.14111
1.15071
1.15874
1.16516
1.16991
1.17284
1.1738
1.17259
1.16921
1.16406
1.158
1.1522
1.14774
1.1453
1.14485
1.1456
1.14639
1.14616
1.14425
1.14039
1.13453
1.12677
1.11745
1.10735
1.09769
1.09023
1.08694
1.08949
1.09862
1.11356
1.13197
1.15039
1.16501
1.17255
1.17091
1.15958
1.13978
1.11432
1.08709
1.06232
1.04353
1.03278
1.03026
1.03448
1.04286
1.05248
1.06096
1.06711
1.0712
1.07458
1.07894
1.08574
1.09564
1.10834
1.12255
1.13635
1.14776
1.15528
1.15808
1.15601
1.14947
1.13924
1.12638
1.112
1.09716
1.08276
1.06965
1.05879
1.05115
1.04741
1.04761
1.05118
1.05722
1.06465
1.07229
1.07886
1.08332
1.08521
1.08479
1.08302
1.08109
1.0799
1.07972
1.08005
1.07973
1.07717
1.07082
1.05981
1.04451
1.02681
1.00988
0.997298
0.991869
0.994641
1.00459
1.01907
1.03484
1.04895
1.05934
1.06491
1.06538
1.06115
1.05332
1.04372
1.03469
1.02824
1.02528
1.02565
1.02874
1.03411
1.0415
1.05065
1.0611
1.07229
1.08364
1.09453
1.10416
1.11166
1.11646
1.11868
1.11899
1.11821
1.1169
1.11509
1.11231
1.10833
1.10401
1.10105
1.10074
1.10288
1.10618
1.10931
1.11146
1.11223
1.11147
1.10904
1.10477
1.0984
1.08964
1.07829
1.06444
1.04871
1.03228
1.01681
1.00406
0.995472
0.991843
0.993078
0.998469
1.00711
1.01823
1.03111
1.0448
1.05782
1.06827
1.07429
1.07453
1.0686
1.05724
1.04238
1.02679
1.01343
1.00474
1.00199
1.00505
1.01247
1.0221
1.03191
1.0407
1.04823
1.05473
1.06013
1.06389
1.06555
1.06507
1.06263
1.05803
1.05069
1.04048
1.02855
1.01731
1.00961
1.00763
1.01243
1.02381
1.04057
1.06071
1.08189
1.10181
1.1185
1.13056
1.13716
1.13808
1.13385
1.12564
1.11521
1.10449
1.09505
1.08765
1.08226
1.07852
1.07613
1.07491
1.07477
1.07546
1.07649
1.07716
1.077
1.07598
1.07457
1.07342
1.07304
1.07364
1.07501
1.07654
1.07722
1.0759
1.07159
1.06386
1.05321
1.04103
1.02931
1.01985
1.01349
1.00978
1.00753
1.00586
1.00478
1.00515
1.00798
1.0137
1.02194
1.03202
1.0432
1.05475
1.06571
1.07499
1.08188
1.08645
1.08932
1.09081
1.09039
1.08678
1.07869
1.06562
1.04839
1.02934
1.01204
1.00038
0.996978
1.00202
1.01314
1.02674
1.03963
1.04984
1.05674
1.06067
1.06265
1.06395
1.06567
1.06838
1.07216
1.07675
1.08174
1.08662
1.09077
1.09335
1.09342
1.09024
1.0837
1.07468
1.06499
1.05686
1.05203
1.05082
1.05211
1.05427
1.05631
1.05801
1.05929
1.05959
1.05802
1.05416
1.04875
1.04351
1.04033
1.04038
1.04369
1.04934
1.05609
1.0627
1.06825
1.07218
1.07434
1.07499
1.07461
1.07375
1.0728
1.07184
1.07056
1.06836
1.06453
1.05867
1.05113
1.04312
1.03622
1.03153
1.02903
1.02768
1.02626
1.02425
1.02208
1.02082
1.02168
1.02537
1.03185
1.04032
1.04963
1.05859
1.06619
1.07153
1.07388
1.0726
1.06732
1.05797
1.04491
1.02895
1.01126
0.993382
0.977029
0.963934
0.955618
0.953158
0.957065
0.967166
0.982515
1.00149
1.02208
1.04228
1.06045
1.07536
1.08623
1.09283
1.0955
1.09525
1.09355
1.09192
1.09152
1.09282
1.09546
1.09842
1.1004
1.10017
1.09704
1.0911
1.08326
1.07491
1.0675
1.06193
1.05816
1.05523
1.05182
1.04698
1.04059
1.03336
1.02643
1.02082
1.01704
1.0152
1.01517
1.01675
1.01971
1.02377
1.0286
1.03365
1.03787
1.03982
1.03837
1.03349
1.02639
1.01897
1.01316
1.01022
1.0106
1.01387
1.019
1.02467
1.0296
1.03281
1.03373
1.03223
1.0287
1.02391
1.0189
1.01481
1.01273
1.01345
1.01722
1.02373
1.03217
1.04139
1.05
1.05659
1.05991
1.05919
1.05436
1.0461
1.03577
1.02515
1.01611
1.01033
1.00888
1.01187
1.0184
1.02698
1.03605
1.04441
1.05134
1.0566
1.06032
1.06272
1.06395
1.0641
1.06329
1.06178
1.05985
1.05768
1.05531
1.05275
1.05015
1.0477
1.04543
1.043
1.03969
1.03477
1.02785
1.01926
1.01027
1.00279
0.998899
1.00005
1.00649
1.01718
1.03043
1.04456
1.05851
1.07185
1.08461
1.09677
1.10796
1.11726
1.12354
1.12593
1.12418
1.11892
1.11165
1.10423
1.09773
1.09172
1.0846
1.07505
1.06309
1.05022
1.03875
1.03104
1.02857
1.03128
1.03765
1.04527
1.05156
1.05436
1.05244
1.04576
1.03535
1.02282
1.00987
0.998303
0.990592
0.989768
0.998235
1.01616
1.0409
1.06829
1.09458
1.11731
1.13509
1.14718
1.15319
1.15305
1.14704
1.13584
1.1206
1.10287
1.08439
1.06676
1.05105
1.0378
1.02725
1.01975
1.01625
1.01846
1.02798
1.04469
1.06542
1.08501
1.09865
1.10342
1.0987
1.08575
1.06731
1.04689
1.02798
1.01332
1.00441
1.0016
1.00422
1.01086
1.0198
1.02943
1.03867
1.04715
1.05502
1.06267
1.07039
1.07822
1.08586
1.0927
1.09782
1.10016
1.09866
1.09249
1.08119
1.06504
1.04545
1.02551
1.00983
1.00289
1.00599
1.01615
1.02819
1.03749
1.04152
1.04009
1.03495
1.02887
1.0244
1.02299
1.02475
1.02896
1.03478
1.0416
1.04888
1.05605
1.06254
1.06801
1.07241
1.07595
1.0791
1.08248
1.08696
1.09332
1.10183
1.11188
1.12204
1.13071
1.13672
1.13963
1.13977
1.13782
1.13431
1.12929
1.12241
1.11357
1.10361
1.0946
1.0894
1.09037
1.09801
1.11048
1.12455
1.137
1.14557
1.14919
1.14779
1.14197
1.13258
1.12046
1.10634
1.09109
1.07595
1.06265
1.05295
1.04784
1.04699
1.04918
1.05327
1.05871
1.06524
1.07246
1.07938
1.08413
1.0844
1.07833
1.06561
1.04774
1.02763
1.0088
0.994501
0.987014
0.987272
0.994887
1.0084
1.02571
1.0446
1.06303
1.0793
1.09202
1.10016
1.10314
1.101
1.09443
1.08486
1.07419
1.06454
1.05762
1.05413
1.05351
1.05475
1.05726
1.06129
1.06752
1.07636
1.08743
1.09968
1.11174
1.12248
1.13139
1.13837
1.14335
1.14582
1.14494
1.14012
1.13155
1.12046
1.1088
1.09856
1.09108
1.08671
1.0851
1.08565
1.08797
1.09193
1.09733
1.10368
1.11019
1.11588
1.11973
1.12074
1.1179
1.11042
1.09796
1.08091
1.06027
1.03738
1.01382
0.991651
0.973712
0.96292
0.960514
0.965156
0.97416
0.985507
0.998636
1.01386
1.03124
1.05001
1.06896
1.08717
1.10432
1.12024
1.13449
1.14628
1.15465
1.15869
1.15779
1.15175
1.14078
1.12549
1.10681
1.08598
1.06465
1.0449
1.02894
1.01857
1.01446
1.01596
1.02149
1.02926
1.03798
1.04714
1.05688
1.0675
1.07895
1.09058
1.10114
1.10913
1.11326
1.11296
1.10855
1.10129
1.09278
1.08413
1.07534
1.06536
1.05297
1.0379
1.02149
1.00662
0.996723
0.994608
1.00147
1.01686
1.03917
1.06628
1.0956
1.12407
1.14846
1.16627
1.17641
1.17935
1.17656
1.16975
1.1601
1.14813
1.13397
1.11801
1.10148
1.08646
1.07531
1.06961
1.06944
1.07368
1.08097
1.0903
1.10112
1.11299
1.12514
1.13634
1.14509
1.14996
1.14985
1.14426
1.13341
1.11843
1.10117
1.08394
1.06893
1.05769
1.0509
1.04836
1.04927
1.0526
1.05737
1.06297
1.06924
1.07639
1.08464
1.09382
1.10302
1.11056
1.11437
1.11274
1.10544
1.09449
1.08407
1.07886
1.08149
1.09112
1.10431
1.11714
1.12659
1.131
1.12993
1.12411
1.11517
1.10525
1.09642
1.09014
1.08684
1.08602
1.08661
1.08749
1.08806
1.08833
1.08876
1.08983
1.09192
1.09527
1.10012
1.1065
1.11392
1.12135
1.12744
1.13108
1.13171
1.12945
1.12487
1.11871
1.1116
1.1041
1.09658
1.089
1.08072
1.07069
1.05826
1.04378
1.02886
1.01604
1.00788
1.00576
1.00932
1.01675
1.02596
1.03558
1.0453
1.05556
1.06698
1.07983
1.09397
1.10885
1.12374
1.13792
1.15087
1.16227
1.17196
1.17969
1.18506
1.18726
1.18506
1.17698
1.16185
1.13955
1.11161
1.08116
1.0519
1.02692
1.00816
0.996409
0.991358
0.991885
0.996864
1.00597
1.01977
1.03868
1.06175
1.08627
1.10855
1.12518
1.13397
1.1344
1.12774
1.1167
1.10478
1.09516
1.08981
1.08924
1.09282
1.09948
1.1081
1.11775
1.12778
1.13777
1.14748
1.1567
1.16526
1.17292
1.17944
1.18462
1.1883
1.19027
1.19001
1.18664
1.1791
1.16666
1.14961
1.12965
1.1097
1.09259
1.07944
1.06924
1.06033
1.0519
1.04436
1.03865
1.03542
1.03472
1.03593
1.03791
1.0392
1.03857
1.03545
1.03026
1.02422
1.01906
1.01674
1.01907
1.02666
1.03822
1.0511
1.06257
1.07084
1.07518
1.07562
1.07258
1.0665
1.05765
1.04615
1.03231
1.01728
1.00346
0.994621
0.994873
1.00653
1.02826
1.05561
1.08357
1.10857
1.12889
1.14402
1.15418
1.15983
1.16152
1.15988
1.15566
1.14979
1.14323
1.13664
1.13028
1.1241
1.1179
1.11152
1.10502
1.09868
1.09321
1.08956
1.08866
1.09062
1.09428
1.09746
1.09793
1.0942
1.0859
1.07368
1.05897
1.04359
1.02931
1.01748
1.00878
1.00319
1.00027
0.999294
0.999488
1.00004
1.00015
0.999127
0.996698
0.993355
0.990444
0.989246
0.989428
0.988683
0.984528
0.976613
0.967551
0.961823
0.963563
0.974243
0.991843
1.01201
1.03024
1.04356
1.0512
1.0544
1.05534
1.05581
1.05641
1.05668
1.05604
1.05448
1.05273
1.05193
1.05308
1.05636
1.06094
1.0652
1.06744
1.06642
1.0618
1.05419
1.04505
1.03645
1.03068
1.02953
1.03371
1.0426
1.05463
1.06781
1.08004
1.08933
1.09415
1.09371
1.08811
1.07818
1.06517
1.05043
1.03515
1.02044
1.00806
1.00129
1.00427
1.01907
1.04357
1.07271
1.10127
1.1253
1.14222
1.15088
1.1514
1.14498
1.13352
1.11915
1.10402
1.08983
1.0777
1.06784
1.05992
1.05348
1.04846
1.04523
1.04446
1.04691
1.05321
1.0636
1.07761
1.09382
1.11002
1.12364
1.13235
1.13463
1.12998
1.11898
1.10319
1.08492
1.06702
1.0524
1.04318
1.04003
1.04202
1.04708
1.05271
1.05689
1.05875
1.05911
1.05968
1.06153
1.06429
1.06706
1.06974
1.07327
1.07869
1.08615
1.09463
1.10242
1.10813
1.11121
1.1117
1.10957
1.1045
1.09623
1.08503
1.07169
1.05735
1.04332
1.03076
1.02052
1.01296
1.00788
1.00445
1.00147
0.998285
0.995589
0.995376
0.99954
1.00822
1.01951
1.03053
1.0386
1.04209
1.04077
1.03589
1.02986
1.02532
1.02402
1.02616
1.03068
1.03615
1.04155
1.0464
1.05061
1.05413
1.05687
1.05884
1.06015
1.06089
1.06093
1.06004
1.05811
1.05534
1.05232
1.04974
1.0482
1.04828
1.05063
1.05578
1.06369
1.07329
1.0827
1.0898
1.09266
1.08997
1.08123
1.06711
1.04976
1.03263
1.01929
1.01159
1.00873
1.00839
1.00833
1.00727
1.00487
1.00144
0.997928
0.995611
0.995744
0.999144
1.0059
1.01529
1.02592
1.03615
1.04473
1.05117
1.05581
1.05947
1.06302
1.067
1.07148
1.07597
1.07956
1.081
1.07892
1.0719
1.05873
1.0391
1.01439
0.988325
0.966373
0.953248
0.95018
0.954506
0.961879
0.968608
0.972476
0.972731
0.969701
0.964438
0.958376
0.953136
0.950586
0.952713
0.961039
0.975416
0.993367
1.01091
1.02436
1.03176
1.03331
1.03084
1.02703
1.02448
1.02506
1.02952
1.03761
1.04833
1.0603
1.07221
1.08293
1.09173
1.09849
1.10372
1.10834
1.11308
1.11792
1.12204
1.12425
1.12366
1.12001
1.11356
1.10489
1.09463
1.08326
1.0709
1.05747
1.04312
1.02856
1.01501
1.00374
0.99577
0.991666
0.99154
0.995096
1.00179
1.01113
1.02285
1.03687
1.05315
1.0714
1.09105
1.11124
1.13085
1.14853
1.16262
1.17143
1.17368
1.16899
1.15828
1.14373
1.12836
1.11524
1.10678
1.10417
1.10719
1.1144
1.12358
1.13222
1.13825
1.14052
1.13888
1.13402
1.12687
1.1182
1.10838
1.09771
1.08687
1.07717
1.07035
1.06796
1.07075
1.07846
1.08996
1.10366
1.11781
1.13067
1.14068
1.14665
1.14801
1.14488
1.13808
1.12892
1.11902
1.11014
1.10386
1.10108
1.10159
1.10406
1.10678
1.10863
1.10945
1.1098
1.11037
1.11152
1.11312
1.11459
1.1151
1.11365
1.10924
1.10096
1.08831
1.07165
1.05284
1.03555
1.02425
1.02207
1.02868
1.04035
1.052
1.05971
1.06196
1.05946
1.05429
1.04909
1.04626
1.0474
1.05291
1.06204
1.0732
1.0846
1.09473
1.10276
1.10846
1.11206
1.11403
1.11491
1.11517
1.1152
1.1152
1.11485
1.11304
1.10814
1.09875
1.08452
1.0667
1.04786
1.031
1.0185
1.01162
1.01076
1.0157
1.02582
1.03998
1.05658
1.07363
1.08895
1.1006
1.10729
1.10866
1.10523
1.09821
1.08892
1.07852
1.06758
1.05608
1.04343
1.02898
1.01244
0.994396
0.976618
0.961956
0.953552
0.953341
0.960931
0.973876
0.989058
1.00382
1.01627
1.02505
1.02931
1.02892
1.02481
1.01884
1.01312
1.00886
1.00573
1.00246
0.99827
0.994151
0.992615
0.996047
1.00497
1.01768
1.03153
1.04448
1.05586
1.06615
1.07617
1.0863
1.09614
1.10487
1.11179
1.11676
1.12022
1.12268
1.12436
1.12499
1.12405
1.12111
1.11631
1.11032
1.10416
1.09872
1.09438
1.09094
1.08786
1.08467
1.08111
1.07733
1.07375
1.07095
1.06952
1.06994
1.07251
1.07729
1.08398
1.09181
1.09958
1.10584
1.10917
1.10871
1.1046
1.09827
1.09203
1.08805
1.08718
1.08849
1.08992
1.08934
1.08536
1.07782
1.0677
1.05685
1.04728
1.04067
1.03797
1.0393
1.0441
1.0513
1.05952
1.06723
1.07291
1.07522
1.07319
1.0664
1.05519
1.04065
1.0245
1.00881
0.995829
0.987701
0.986225
0.992417
1.00614
1.02612
1.05022
1.07584
1.10007
1.11989
1.13255
1.13629
1.13089
1.11816
1.10191
1.08738
1.0798
1.08252
1.09527
1.11445
1.13493
1.15205
1.16278
1.16582
1.1612
1.14985
1.13318
1.11306
1.09197
1.07303
1.05947
1.05342
1.05492
1.06224
1.0728
1.08412
1.09425
1.10202
1.10706
1.10977
1.11098
1.11156
1.11187
1.11153
1.10924
1.10306
1.09097
1.07154
1.04471
1.01248
0.979089
0.950395
0.932279
0.928593
0.939723
0.9626
0.992232
1.02356
1.05271
1.0773
1.09614
1.10901
1.1165
1.11994
1.12116
1.12149
1.12105
1.11871
1.113
1.10312
1.08926
1.07256
1.05495
1.03873
1.02589
1.01758
1.01402
1.01465
1.01853
1.02462
1.03193
1.03944
1.04618
1.05131
1.05429
1.05507
1.05393
1.0512
1.0471
1.04193
1.03656
1.03264
1.03224
1.03692
1.04718
1.0624
1.08124
1.10205
1.12302
1.14229
1.15813
1.16903
1.17413
1.17336
1.16772
1.159
1.14933
1.14045
1.13344
1.12871
1.12634
1.12633
1.12852
1.13245
1.13742
1.14249
1.14677
1.14959
1.15067
1.15002
1.14777
1.14401
1.13884
1.13243
1.12515
1.11743
1.10952
1.10151
1.09345
1.08561
1.07832
1.07163
1.06514
1.0584
1.05127
1.044
1.03694
1.03024
1.02381
1.01759
1.01187
1.0076
1.0062
1.00913
1.01702
1.02901
1.04282
1.05547
1.06427
1.0675
1.06486
1.05758
1.04806
1.03899
1.03207
1.02715
1.02258
1.01647
1.00802
0.998186
0.989353
0.984265
0.984609
0.99013
0.9989
1.00853
1.01726
1.02437
1.02991
1.03438
1.03849
1.04295
1.04836
1.05506
1.06312
1.07235
1.08243
1.09311
1.10418
1.11545
1.12651
1.13657
1.14446
1.14905
1.14984
1.14724
1.14242
1.13681
1.13149
1.12663
1.12155
1.11511
1.1063
1.09476
1.08101
1.06641
1.05278
1.04175
1.03419
1.03017
1.0292
1.0303
1.03203
1.03279
1.03177
1.02951
1.02764
1.02784
1.03085
1.03603
1.04156
1.04529
1.04564
1.04218
1.0357
1.02765
1.01958
1.01265
1.00746
1.00414
1.0026
1.00291
1.00542
1.0106
1.01856
1.02881
1.04012
1.05109
1.0605
1.06758
1.07202
1.07387
1.07346
1.07128
1.06784
1.06356
1.05878
1.05375
1.04867
1.04365
1.03867
1.03352
1.02786
1.02139
1.01415
1.0067
1.00017
0.996006
0.995114
0.996979
0.999784
1.00191
1.0034
1.00603
1.01204
1.02264
1.03726
1.05376
1.06928
1.08143
1.08906
1.09239
1.09273
1.09184
1.09127
1.09195
1.09416
1.09769
1.10206
1.10676
1.11118
1.11464
1.11633
1.11544
1.11139
1.10395
1.09331
1.08024
1.06627
1.05383
1.04579
1.04395
1.04756
1.05353
1.05816
1.05883
1.05454
1.04563
1.03327
1.01908
1.00461
0.991062
0.979281
0.969872
0.963382
0.960462
0.96177
0.967772
0.978415
0.993008
1.01024
1.02843
1.04606
1.06204
1.07585
1.08735
1.09649
1.10311
1.10681
1.10696
1.10295
1.09445
1.08189
1.0668
1.05186
1.04037
1.03519
1.03769
1.04706
1.06073
1.0752
1.0871
1.09387
1.09399
1.08702
1.07355
1.05523
1.03467
1.01536
1.00103
0.994662
0.997378
1.00828
1.02509
1.04524
1.06638
1.08647
1.10385
1.11731
1.12623
1.13065
1.13117
1.12869
1.12416
1.11835
1.11196
1.10567
1.09995
1.09488
1.08996
1.08431
1.07711
1.06783
1.05634
1.04294
1.0284
1.01398
1.00118
0.991377
0.985343
0.98305
0.983775
0.986483
0.990245
0.994418
0.998471
1.00171
1.00334
1.00279
1.00026
0.996806
0.994032
0.993327
0.995274
0.999717
1.00622
1.01448
1.02431
1.0354
1.04719
1.05896
1.07006
1.07993
1.08814
1.0943
1.09819
1.09971
1.09885
1.09565
1.09017
1.08284
1.07471
1.06737
1.06227
1.0599
1.05955
1.05983
1.05942
1.05773
1.05501
1.05205
1.04974
1.0486
1.04867
1.04969
1.05135
1.05343
1.05588
1.05873
1.062
1.06574
1.07015
1.07558
1.08254
1.09145
1.10247
1.11526
1.12904
1.14272
1.15507
1.16472
1.1702
1.1702
1.16403
1.15209
1.13596
1.11795
1.10039
1.08496
1.07254
1.06337
1.0572
1.05313
1.0496
1.04469
1.0369
1.02564
1.01149
0.996276
0.982762
0.974052
0.972441
0.9784
0.990508
1.00635
1.02372
1.04124
1.05838
1.07481
1.08989
1.10266
1.11215
1.11775
1.11939
1.11752
1.11302
1.10701
1.10077
1.09557
1.0924
1.0917
1.09306
1.09529
1.09671
1.09565
1.09093
1.08228
1.07042
1.05692
1.04369
1.03255
1.02494
1.02193
1.0242
1.03187
1.04412
1.05924
1.07528
1.09079
1.10478
1.11662
1.12576
1.13172
1.13406
1.13245
1.12687
1.11776
1.106
1.09257
1.07834
1.06406
1.05087
1.04055
1.03497
1.03513
1.04045
1.04896
1.05829
1.06669
1.07343
1.07845
1.08187
1.08373
1.08424
1.08403
1.08425
1.08634
1.09137
1.09959
1.11034
1.12244
1.13465
1.14589
1.15528
1.16215
1.16605
1.16675
1.16441
1.15955
1.15309
1.14602
1.13892
1.13168
1.12373
1.11466
1.10467
1.09456
1.08538
1.07796
1.07252
1.06854
1.06497
1.06074
1.05537
1.04948
1.04482
1.04358
1.04706
1.05469
1.06445
1.07408
1.08211
1.08795
1.09173
1.09386
1.09472
1.09461
1.09382
1.09268
1.09158
1.09096
1.09115
1.0924
1.09474
1.09818
1.1026
1.10753
1.11211
1.11515
1.11559
1.11277
1.10659
1.09742
1.08594
1.0731
1.06012
1.0483
1.0388
1.03234
1.02908
1.0288
1.03116
1.03605
1.0438
1.05463
1.06758
1.08022
1.08977
1.09459
1.09473
1.09136
1.08615
1.08062
1.07571
1.07158
1.06786
1.06408
1.05998
1.05555
1.05104
1.04681
1.04342
1.04144
1.04135
1.04331
1.04714
1.0524
1.05862
1.06528
1.07188
1.07793
1.08297
1.0867
1.08892
1.08966
1.08911
1.08751
1.08521
1.08266
1.08037
1.07892
1.0789
1.08083
1.08485
1.09049
1.09658
1.10144
1.10341
1.10126
1.09459
1.08397
1.07139
1.0603
1.05464
1.05655
1.06472
1.07526
1.08411
1.08859
1.08772
1.08189
1.07252
1.0616
1.05135
1.04375
1.04003
1.04034
1.04369
1.0482
1.05166
1.05206
1.04808
1.03952
1.02726
1.01292
0.998298
0.98505
0.974704
0.968665
0.967977
0.9729
0.982578
0.995142
1.00837
1.02048
1.0305
1.03822
1.04378
1.04731
1.04878
1.04809
1.0453
1.04089
1.03585
1.03154
1.02919
1.02933
1.03166
1.03517
1.03852
1.04025
1.03916
1.03483
1.02794
1.02016
1.0136
1.00981
1.00902
1.01052
1.0136
1.01803
1.02381
1.03074
1.03834
1.04606
1.05352
1.06075
1.0683
1.07705
1.08758
1.09929
1.11042
1.11871
1.1224
1.12052
1.11282
1.09973
1.08253
1.06333
1.04485
1.02961
1.01909
1.01332
1.01103
1.01045
1.00994
1.00838
1.00518
1.0001
0.993173
0.984723
0.975545
0.966972
0.960748
0.958565
0.961726
0.970947
0.986114
1.00613
1.02899
1.05211
1.07292
1.08934
1.10014
1.10499
1.10454
1.1002
1.09388
1.08766
1.08326
1.08145
1.08179
1.08307
1.08402
1.08392
1.08284
1.08127
1.07964
1.07792
1.07561
1.07208
1.06716
1.06128
1.05507
1.04878
1.04202
1.03426
1.02552
1.01674
1.00946
1.00512
1.00446
1.0072
1.01216
1.01767
1.02226
1.02529
1.02734
1.02981
1.03423
1.04136
1.05097
1.06219
1.07422
1.08677
1.10004
1.11411
1.1279
1.1391
1.14517
1.14472
1.13801
1.12653
1.11219
1.09661
1.08084
1.06555
1.05134
1.03914
1.03014
1.0255
1.02591
1.03126
1.04056
1.05219
1.0642
1.07465
1.0819
1.08482
1.08307
1.07723
1.06871
1.05939
1.05102
1.04455
1.04
1.03674
1.03415
1.03196
1.03042
1.0301
1.03148
1.03472
1.03944
1.04486
1.04992
1.05353
1.05465
1.05255
1.047
1.03837
1.02776
1.01705
1.00854
1.0042
1.0045
1.00821
1.01317
1.01721
1.01844
1.01561
1.00881
0.999813
0.991531
0.986425
0.985204
0.986792
0.989408
0.991701
0.993244
0.994512
0.996445
1.00005
1.00622
1.01558
1.02834
1.04396
1.06106
1.07769
1.0919
1.10229
1.1084
1.11061
1.10975
1.10661
1.1016
1.09483
1.08628
1.07605
1.06452
1.05256
1.04156
1.03296
1.02737
1.02394
1.02098
1.01757
1.01457
1.01413
1.01785
1.02538
1.03477
1.04364
1.04994
1.0521
1.04922
1.04137
1.02958
1.01547
1.00098
0.988429
0.980121
0.977384
0.97985
0.985573
0.991893
0.996597
0.998638
0.998215
0.996327
0.994174
0.99277
0.993079
0.996254
1.00328
1.01402
1.02658
1.03799
1.04556
1.04792
1.0453
1.03912
1.03144
1.0243
1.01928
1.01755
1.01998
1.02717
1.03906
1.05453
1.07129
1.08642
1.09735
1.10277
1.10283
1.09884
1.09249
1.08523
1.07778
1.07011
1.06183
1.0528
1.04355
1.03515
1.02866
1.02441
1.02192
1.02019
1.01845
1.01643
1.01443
1.01293
1.01224
1.01226
1.01253
1.01235
1.01107
1.00837
1.00457
1.0007
0.997983
0.997031
0.997278
0.997452
0.996524
0.994368
0.991839
0.990559
0.992516
0.999473
1.01221
1.02994
1.05042
1.07069
1.08801
1.10041
1.10685
1.10729
1.1025
1.0938
1.08277
1.07103
1.05999
1.05074
1.04401
1.04006
1.03878
1.03988
1.04284
1.04698
1.05149
1.05563
1.05904
1.06176
1.06424
1.06694
1.07018
1.07384
1.07734
1.07981
1.08054
1.07939
1.07692
1.07425
1.07275
1.07346
1.0767
1.0818
1.08731
1.09159
1.09325
1.09153
1.08642
1.07858
1.06932
1.06026
1.05306
1.04896
1.04849
1.05148
1.05711
1.06436
1.07224
1.07991
1.08667
1.09193
1.09523
1.09625
1.09473
1.09044
1.08302
1.07204
1.05721
1.03848
1.01647
0.992609
0.969369
0.949985
0.937666
0.934412
0.94006
0.952295
0.967738
0.983046
0.995676
1.00413
1.00802
1.00787
1.00482
1.00021
0.995063
0.990008
0.985341
0.981297
0.978113
0.976076
0.975643
0.977581
0.982857
0.992097
1.0048
1.01906
1.03221
1.04187
1.04687
1.04738
1.04475
1.04094
1.0379
1.03689
1.03812
1.04091
1.0442
1.04716
1.04973
1.05268
1.05739
1.06503
1.07567
1.08786
1.09904
1.10651
1.10831
1.10363
1.09265
1.07626
1.05574
1.03278
1.00969
0.989445
0.975244
0.969418
0.97234
0.982349
0.99682
1.01352
1.03116
1.04921
1.06743
1.08517
1.10111
1.11344
1.12049
1.12146
1.11697
1.1091
1.10082
1.09466
1.09177
1.09191
1.09408
1.09726
1.1005
1.10299
1.10401
1.10308
1.10009
1.09524
1.08875
1.08075
1.07118
1.06002
1.0475
1.03409
1.02033
1.00657
0.992905
0.979324
0.965968
0.953329
0.942292
0.93399
0.929504
0.929574
0.934531
0.944383
0.95887
0.977353
0.998605
1.02078
1.04164
1.05911
1.07164
1.07835
1.07901
1.07392
1.06379
1.04959
1.03248
1.01383
0.995528
0.98013
0.970615
0.969327
0.976836
0.991622
1.01089
1.03181
1.05225
1.07085
1.0868
1.09954
1.10867
1.11394
1.11541
1.11345
1.10857
1.10115
1.09124
1.07882
1.06431
1.04891
1.03445
1.0229
1.01571
1.01354
1.01637
1.02376
1.03497
1.04884
1.06382
1.07813
1.08993
1.09744
1.0992
1.09446
1.08365
1.06864
1.05227
1.0373
1.02558
1.01793
1.01433
1.01417
1.01646
1.02014
1.02444
1.02885
1.03302
1.03649
1.03875
1.03933
1.03799
1.0348
1.03023
1.0251
1.02049
1.0176
1.01766
1.02162
1.02962
1.04026
1.0504
1.05617
1.05466
1.04509
1.02904
1.01
0.992458
0.980737
0.977959
0.985619
1.00344
1.02942
1.06015
1.0916
1.12015
1.14323
1.15948
1.1685
1.17052
1.16623
1.15678
1.14385
1.12981
1.11732
1.10856
1.10418
1.10279
1.1017
1.0985
1.09213
1.08309
1.07293
1.0633
1.0551
1.04837
1.04269
1.03727
1.031
1.02264
1.01161
0.998746
0.986136
0.976179
0.970308
0.968264
0.96834
0.9684
0.967075
0.964646
0.962991
0.964558
0.970722
0.980789
0.99249
1.00333
1.01172
1.01726
1.02044
1.0221
1.02303
1.0239
1.02527
1.02754
1.0309
1.0352
1.04008
1.04508
1.04984
1.05405
1.05749
1.06006
1.06193
1.06344
1.06472
1.06539
1.06451
1.06099
1.05403
1.04339
1.02952
1.01368
0.997728
0.983871
0.974082
0.969366
0.969583
0.973915
0.981654
0.992239
1.0047
1.01749
1.02926
1.03956
1.04892
1.05802
1.06715
1.07593
1.0835
1.08898
1.09181
1.09191
1.08968
1.08591
1.08175
1.07866
1.07818
1.08164
1.08987
1.10291
1.11978
1.13839
1.15577
1.16886
1.17519
1.17332
1.163
1.14503
1.12113
1.09353
1.0644
1.03563
1.00889
0.985902
0.968736
0.95987
0.961614
0.974733
0.9972
1.02455
1.05191
1.076
1.09584
1.11231
1.12717
1.14208
1.15775
1.17364
1.18828
1.19991
1.20722
1.20959
1.20695
1.19959
1.18776
1.17165
1.15147
1.1277
1.10129
1.07372
1.047
1.02352
1.00585
0.996176
0.99545
1.00281
1.01559
1.0301
1.04278
1.05101
1.05354
1.05039
1.04287
1.03347
1.02542
1.02144
1.0224
1.02719
1.03384
1.04075
1.04715
1.05292
1.05845
1.06458
1.07234
1.08242
1.09475
1.10842
1.12219
1.13486
1.1453
1.15246
1.15538
1.15353
1.14711
1.13714
1.12508
1.11243
1.10056
1.0909
1.08508
1.08451
1.0896
1.09918
1.11093
1.12237
1.13174
1.13816
1.14141
1.14153
1.13864
1.13283
1.12434
1.11362
1.10152
1.0893
1.0785
1.07061
1.06654
1.06615
1.06843
1.0723
1.07772
1.08599
1.09823
1.11331
1.12775
1.13788
1.1419
1.14033
1.13525
1.12902
1.1231
1.11774
1.11223
1.10576
1.09792
1.08888
1.07895
1.06786
1.05447
1.03843
1.02431
1.02305
1.04164
1.0718
1.09857
1.11399
1.11821
1.11449
1.10606
1.0949
1.08183
1.0671
1.05123
1.03551
1.02213
1.01344
1.01093
1.01454
1.02308
1.0351
1.04958
1.06578
1.08279
1.09941
1.11419
1.12568
1.13264
1.13432
1.1307
1.12272
1.11216
1.10117
1.09141
1.08364
1.0779
1.07416
1.07265
1.07347
1.07608
1.07923
1.08131
1.08106
1.078
1.0725
1.0655
1.05815
1.05144
1.04621
1.0433
1.04345
1.04704
1.05376
1.0625
1.07159
1.07921
1.08387
1.08483
1.08221
1.07685
1.06992
1.06265
1.0564
1.05259
1.05225
1.05538
1.06076
1.06645
1.07077
1.07293
1.07306
1.07159
1.06873
1.06429
1.05801
1.05014
1.04186
1.03565
1.03459
1.04061
1.05268
1.06712
1.07975
1.08786
1.09074
1.08904
1.08382
1.07589
1.06564
1.05326
1.03902
1.02354
1.00791
0.99381
0.983274
0.978278
0.980048
0.988536
1.00235
1.01919
1.03653
1.05218
1.06447
1.07239
1.0758
1.07564
1.07402
1.07377
1.07738
1.0855
1.09647
1.10745
1.11605
1.12107
1.12254
1.1212
1.11808
1.11415
1.10996
1.1054
1.09968
1.09149
1.07957
1.06317
1.04247
1.0186
0.993513
0.97004
0.952136
0.94424
0.949059
0.965323
0.988269
1.01244
1.03373
1.04997
1.06084
1.06753
1.07215
1.07649
1.08092
1.0843
1.08503
1.08221
1.07621
1.06838
1.0604
1.05382
1.04959
1.0479
1.04802
1.04856
1.04786
1.04451
1.03781
1.02789
1.01557
1.00196
0.988277
0.975748
0.965684
0.959294
0.957405
0.960236
0.967449
0.978248
0.9915
1.0059
1.02011
1.03279
1.04263
1.04839
1.04926
1.04514
1.03684
1.02597
1.0147
1.0051
0.998381
0.994596
0.992818
0.991867
0.990875
0.989469
0.987589
0.985286
0.98268
0.98012
0.97833
0.978397
0.981413
0.987984
0.997785
1.0095
1.02121
1.03103
1.03776
1.04124
1.04231
1.04241
1.04301
1.04511
1.04891
1.05381
1.05849
1.06124
1.06044
1.05507
1.04525
1.03263
1.02009
1.01054
1.00555
1.00474
1.00651
1.00939
1.01275
1.0167
1.02161
1.02781
1.03517
1.04296
1.04989
1.0546
1.05643
1.0561
1.0554
1.0561
1.05878
1.06265
1.06641
1.06891
1.06955
1.06811
1.06475
1.06019
1.05576
1.0532
1.05425
1.05993
1.07008
1.08328
1.09748
1.11082
1.12217
1.13121
1.13812
1.14322
1.14665
1.14818
1.14714
1.14264
1.1338
1.12012
1.10172
1.07942
1.0547
1.02938
1.00547
0.985077
0.97027
0.962834
0.963885
0.973323
0.989631
1.0102
1.03203
1.0524
1.06924
1.08125
1.08778
1.08903
1.0862
1.08148
1.07735
1.07562
1.07691
1.08098
1.08749
1.09621
1.10687
1.11883
1.13088
1.14139
1.14867
1.1513
1.14842
1.13987
1.12627
1.10894
1.08964
1.07017
1.0523
1.03775
1.02814
1.02458
1.02725
1.03515
1.04645
1.05922
1.072
1.08397
1.09472
1.10407
1.11191
1.1182
1.12285
1.12566
1.12643
1.12492
1.12108
1.11519
1.10798
1.10053
1.09407
1.0896
1.08752
1.08743
1.08829
1.08887
1.08814
1.08579
1.08225
1.07828
1.07437
1.07044
1.06605
1.06116
1.05633
1.05219
1.04859
1.04462
1.0394
1.03286
1.02606
1.02066
1.01806
1.01883
1.02259
1.02832
1.03491
1.04154
1.04786
1.05383
1.05921
1.06339
1.06572
1.06631
1.06664
1.06927
1.0763
1.08788
1.10169
1.1142
1.12229
1.12424
1.11988
1.11034
1.09766
1.08442
1.07331
1.06658
1.06543
1.0695
1.07703
1.08542
1.09228
1.09604
1.09612
1.09265
1.08606
1.0768
1.06543
1.05262
1.0392
1.02604
1.01423
1.00512
1.00005
0.999779
1.00411
1.01204
1.02248
1.03474
1.04839
1.06277
1.07661
1.08842
1.09718
1.10271
1.10553
1.10637
1.10585
1.10436
1.10199
1.09872
1.09454
1.0896
1.08417
1.07876
1.07397
1.07041
1.06832
1.06707
1.0651
1.06056
1.05226
1.04022
1.02575
1.01079
0.997242
0.986496
0.979308
0.975868
0.9759
0.978714
0.983526
0.989599
0.996245
1.00262
1.00767
1.01035
1.01006
1.00702
1.00242
0.998223
0.996542
0.999075
1.00658
1.01865
1.03381
1.04995
1.06484
1.07662
1.08406
1.08669
1.08485
1.07952
1.07207
1.06383
1.05574
1.04813
1.04084
1.03352
1.02593
1.01824
1.01105
1.00521
1.00148
1.00029
1.0016
1.00505
1.01006
1.01593
1.02188
1.02711
1.03095
1.03301
1.03342
1.0328
1.03211
1.03229
1.03384
1.03666
1.04003
1.04282
1.04406
1.04349
1.04185
1.04052
1.04102
1.04454
1.05183
1.06307
1.07768
1.09427
1.1108
1.12508
1.13518
1.13999
1.13948
1.1346
1.12673
1.11695
1.10562
1.09271
1.07833
1.06321
1.04878
1.03696
1.02965
1.02799
1.03174
1.03912
1.04737
1.05387
1.0571
1.05694
1.05446
1.05124
1.04861
1.0469
1.04548
1.04312
1.03877
1.03197
1.02329
1.0143
1.00725
1.00381
1.00387
1.00554
1.00648
1.00539
1.0024
0.998491
0.99486
0.992589
0.992753
0.996613
1.00545
1.02001
1.03985
1.06288
1.08584
1.10531
1.11874
1.12505
1.12453
1.11865
1.10954
1.09972
1.09191
1.08874
1.09192
1.10124
1.11433
1.12752
1.13729
1.14152
1.13998
1.13402
1.12547
1.11551
1.10446
1.09282
1.08244
1.07629
1.07636
1.08165
1.08872
1.09421
1.09661
1.09622
1.09427
1.09191
1.08973
1.08763
1.08496
1.08104
1.07594
1.07075
1.06659
1.0632
1.05901
1.05283
1.04536
1.0394
1.03838
1.04458
1.05784
1.07564
1.09425
1.10991
1.11975
1.1222
1.11708
1.10545
1.08954
1.07233
1.05701
1.04613
1.04086
1.04087
1.0449
1.05134
1.05883
1.0666
1.07445
1.08218
1.08892
1.09328
1.09425
1.09194
1.08762
1.08297
1.07943
1.07761
1.07719
1.07718
1.07653
1.07473
1.07213
1.06972
1.0684
1.0682
1.06814
1.06698
1.06416
1.06012
1.05608
1.05328
1.05237
1.05302
1.05434
1.0555
1.05613
1.05631
1.05622
1.05591
1.05517
1.05373
1.05138
1.04808
1.04392
1.03915
1.03415
1.02954
1.02602
1.02417
1.02408
1.02525
1.02678
1.02796
1.0287
1.02957
1.03126
1.034
1.03725
1.03987
1.04068
1.0388
1.03382
1.02583
1.01538
1.0035
0.991603
0.98128
0.974046
0.970981
0.972374
0.9774
0.984126
0.990043
0.992889
0.991426
0.986024
0.978751
0.972835
0.971578
0.976929
0.988726
1.0049
1.02235
1.03776
1.04821
1.05159
1.04692
1.03466
1.01673
0.996325
0.97727
0.963167
0.956532
0.958342
0.968252
0.985217
1.00773
1.03364
1.06008
1.08388
1.10254
1.11492
1.12135
1.12314
1.1219
1.11894
1.11527
1.11176
1.10915
1.10764
1.10673
1.1054
1.10286
1.09895
1.0943
1.08999
1.08691
1.08509
1.08366
1.0814
1.07751
1.0721
1.06594
1.05994
1.05458
1.04961
1.0442
1.03751
1.02918
1.01953
1.00928
0.999047
0.988869
0.978461
0.967791
0.957566
0.949104
0.943666
0.942031
0.944343
0.950134
0.958403
0.967889
0.977473
0.986508
0.994796
1.00235
1.0092
1.0153
1.02054
1.02472
1.02752
1.02858
1.02768
1.02502
1.0214
1.0181
1.01644
1.01703
1.01951
1.02283
1.02594
1.02818
1.02923
1.02908
1.02818
1.02745
1.02808
1.03098
1.03644
1.04403
1.05295
1.06242
1.07195
1.08136
1.09078
1.10047
1.11067
1.12141
1.13228
1.14227
1.14971
1.15273
1.14995
1.14119
1.12804
1.11331
1.09976
1.08868
1.07991
1.07301
1.06826
1.06633
1.06742
1.0708
1.07499
1.07832
1.07938
1.07738
1.07207
1.0634
1.0513
1.03584
1.01767
0.999132
0.985041
0.981769
0.993469
1.01858
1.05095
1.08398
1.11326
1.13674
1.15382
1.1646
1.16939
1.16855
1.16268
1.15276
1.14017
1.12641
1.11262
1.0995
1.08764
1.07779
1.07066
1.06628
1.06372
1.06167
1.05919
1.05625
1.05357
1.05207
1.05233
1.05436
1.05773
1.06183
1.06622
1.0706
1.07468
1.07813
1.08058
1.0819
1.08227
1.08216
1.08219
1.08278
1.08395
1.085
1.0846
1.08109
1.07295
1.05915
1.03938
1.01408
0.984643
0.953772
0.925419
0.904078
0.893387
0.89482
0.907323
0.928062
0.953563
0.980582
1.0064
1.02889
1.04639
1.05778
1.06252
1.06076
1.05344
1.04244
1.03055
1.02089
1.01584
1.01634
1.02225
1.03296
1.04755
1.06458
1.08206
1.09786
1.11026
1.11833
1.12177
1.12036
1.11372
1.10155
1.08439
1.06403
1.04319
1.02469
1.01065
1.00198
0.998623
0.999979
1.00534
1.01411
1.0259
1.04037
1.05708
1.07521
1.09353
1.11043
1.12422
1.13352
1.13743
1.13574
1.12878
1.11718
1.10176
1.08342
1.06327
1.04287
1.02467
1.01205
1.00809
1.01276
1.02195
1.03029
1.03448
1.03403
1.03029
1.02531
1.02102
1.01872
1.01885
1.02101
1.02448
1.02874
1.0337
1.03948
1.04609
1.05324
1.0604
1.06692
1.07211
1.07544
1.07678
1.07687
1.07742
1.08062
1.08774
1.09813
1.10968
1.12035
1.12901
1.13512
1.13796
1.13643
1.12955
1.11717
1.10035
1.08133
1.06286
1.04745
1.03686
1.03173
1.03166
1.03543
1.04151
1.04837
1.05461
1.0589
1.06022
1.05828
1.05407
1.05006
1.04956
1.05514
1.06696
1.08261
1.09838
1.11102
1.11848
1.12016
1.11656
1.10912
1.09988
1.09113
1.08484
1.08231
1.08377
1.08832
1.09418
1.09909
1.10102
1.09882
1.09262
1.08369
1.07357
1.063
1.05187
1.0401
1.02844
1.01817
1.01046
1.00576
1.00387
1.00443
1.00727
1.01246
1.01997
1.02928
1.0392
1.04828
1.05537
1.05988
1.06204
1.06265
1.06275
1.06307
1.06388
1.06506
1.06635
1.06743
1.06786
1.06709
1.06447
1.05948
1.05211
1.04292
1.033
1.0236
1.01573
1.01005
1.00679
1.0055
1.00507
1.00408
1.00175
0.998585
0.996456
0.997717
1.00412
1.01599
1.03215
1.05058
1.06932
1.08704
1.10325
1.11763
1.12932
1.1368
1.13865
1.13435
1.1246
1.11089
1.0949
1.0779
1.0605
1.04291
1.02557
1.00983
0.998017
0.992341
0.993283
0.999172
1.00732
1.01532
1.02158
1.02516
1.02572
1.0236
1.01998
1.01645
1.01403
1.01234
1.00989
1.00523
0.998058
0.989533
0.98176
0.977036
0.976987
0.982072
0.991655
1.00439
1.01872
1.03336
1.04753
1.06102
1.07397
1.08636
1.09783
1.10767
1.11497
1.11883
1.11864
1.11449
1.10744
1.09937
1.09236
1.08782
1.08617
1.08713
1.09023
1.09489
1.10035
1.10577
1.11037
1.11353
1.11465
1.11308
1.10835
1.10048
1.09001
1.07789
1.06532
1.0537
1.04467
1.03991
1.04064
1.04684
1.05697
1.0683
1.07782
1.08301
1.08229
1.07508
1.06174
1.04347
1.02227
1.00084
0.982307
0.969505
0.964082
0.965863
0.973149
0.983485
0.994529
1.0046
1.01299
1.02006
1.02696
1.03475
1.04355
1.05234
1.05962
1.06412
1.06517
1.06281
1.05767
1.05092
1.04416
1.03906
1.037
1.03871
1.04407
1.05216
1.06172
1.07162
1.08119
1.09009
1.09813
1.10492
1.10986
1.11234
1.11205
1.10928
1.10501
1.10078
1.09826
1.09881
1.10303
1.1106
1.12031
1.13037
1.13891
1.14446
1.14626
1.14442
1.13973
1.13323
1.12581
1.11799
1.1099
1.10143
1.09236
1.08262
1.07235
1.06198
1.05208
1.04322
1.03601
1.03126
1.02979
1.03193
1.03714
1.04418
1.05171
1.05874
1.06461
1.06891
1.07127
1.07127
1.0684
1.06195
1.05111
1.03523
1.01438
0.989969
0.965274
0.944978
0.933522
0.933045
0.942545
0.958734
0.977658
0.99599
1.01146
1.02277
1.02922
1.03061
1.02747
1.02121
1.01414
1.00882
1.00682
1.00774
1.00951
1.00972
1.00695
1.00124
0.994152
0.988429
0.987329
0.993305
1.00639
1.02371
1.04073
1.05349
1.05993
1.05993
1.05477
1.04654
1.03772
1.03069
1.02713
1.02746
1.03079
1.03542
1.03954
1.0417
1.04103
1.03719
1.03036
1.02109
1.01029
0.999018
0.988313
0.979043
0.971959
0.967785
0.96731
0.971025
0.978685
0.989116
1.00047
1.01062
1.01758
1.02015
1.01831
1.01321
1.00641
0.999006
0.991299
0.983269
0.975269
0.968461
0.964536
0.965092
0.970922
0.98164
0.995666
1.01061
1.02382
1.03311
1.03726
1.03638
1.03175
1.02534
1.01904
1.01405
1.01061
1.00831
1.00664
1.00555
1.00567
1.00815
1.01428
1.02484
1.03953
1.05666
1.07375
1.08844
1.09928
1.10597
1.10918
1.11008
1.10993
1.10973
1.10991
1.11029
1.11008
1.10819
1.10371
1.09645
1.08733
1.07795
1.06971
1.06298
1.05705
1.05109
1.04505
1.03989
1.03688
1.03681
1.03972
1.04508
1.05204
1.05964
1.06716
1.07445
1.08193
1.09003
1.09864
1.10685
1.11328
1.11666
1.11624
1.11192
1.10431
1.09455
1.08399
1.07375
1.06456
1.05703
1.05184
1.04951
1.05002
1.05301
1.05823
1.06566
1.07511
1.0857
1.09591
1.10392
1.10809
1.1073
1.10115
1.08997
1.07473
1.05679
1.03767
1.01894
1.00224
0.989211
0.981324
0.979527
0.983831
0.993235
1.00597
1.02002
1.03375
1.04629
1.05758
1.06795
1.07755
1.08594
1.09212
1.09477
1.09266
1.08521
1.07326
1.05969
1.04869
1.0434
1.04425
1.05019
1.06001
1.07231
1.08508
1.09637
1.10505
1.11079
1.11346
1.1128
1.10854
1.10081
1.09029
1.07812
1.0657
1.05432
1.04495
1.03813
1.03413
1.03304
1.0347
1.03843
1.04282
1.04607
1.04658
1.04361
1.03762
1.03028
1.02422
1.02189
1.02406
1.02917
1.03467
1.03885
1.04168
1.04429
1.04764
1.05154
1.05453
1.0549
1.05181
1.04574
1.03811
1.0304
1.02344
1.01708
1.01034
1.002
0.991274
0.978347
0.964561
0.952152
0.943728
0.941577
0.947124
0.960685
0.981429
1.00744
1.03607
1.06441
1.08976
1.11011
1.12437
1.13245
1.13501
1.13325
1.12853
1.12215
1.11514
1.10824
1.10198
1.09681
1.09308
1.091
1.09069
1.09196
1.09412
1.09594
1.09608
1.09373
1.08881
1.08192
1.07391
1.06545
1.05688
1.04811
1.03888
1.02919
1.01942
1.01012
1.00163
0.99388
0.987013
0.982081
0.981158
0.986453
0.998992
1.01793
1.04096
1.06534
1.08877
1.1097
1.12705
1.13988
1.14725
1.14836
1.14306
1.13226
1.11819
1.10398
1.0927
1.08627
1.08488
1.08699
1.09032
1.09314
1.09488
1.09582
1.09631
1.09648
1.09618
1.09529
1.09402
1.0931
1.09361
1.09648
1.10206
1.10975
1.11809
1.12506
1.12866
1.12774
1.12266
1.11524
1.10779
1.10192
1.09826
1.09718
1.09919
1.10469
1.11331
1.12357
1.1331
1.1393
1.14003
1.13417
1.12191
1.10476
1.08523
1.06626
1.05045
1.03937
1.03345
1.03219
1.03471
1.04003
1.04728
1.05561
1.06425
1.07258
1.08024
1.08706
1.09289
1.09734
1.09947
1.09792
1.09127
1.0787
1.06069
1.03913
1.01681
0.996355
0.979232
0.965589
0.954772
0.946033
0.938951
0.933546
0.930174
0.929297
0.931096
0.935168
0.94071
0.947279
0.955624
0.967624
0.985195
1.00875
1.03653
1.06519
1.09096
1.11069
1.12228
1.12484
1.11874
1.10563
1.08846
1.07108
1.05694
1.04748
1.04166
1.037
1.03125
1.02356
1.0148
1.00723
1.00392
1.00758
1.01934
1.03801
1.06041
1.08257
1.10109
1.11393
1.12062
1.1218
1.11866
1.11226
1.10321
1.09166
1.07755
1.06101
1.04276
1.02421
1.00726
0.993745
0.984892
0.981073
0.981882
0.986455
0.993677
1.00239
1.0115
1.01996
1.02696
1.03224
1.03664
1.04206
1.05067
1.06367
1.08047
1.09893
1.11611
1.12904
1.13543
1.13401
1.12479
1.10912
1.08944
1.06884
1.05013
1.03524
1.02491
1.01899
1.01677
1.01733
1.01967
1.0228
1.02578
1.02798
1.0292
1.02986
1.03101
1.03402
1.04012
1.05004
1.06365
1.08002
1.09767
1.11478
1.12969
1.14108
1.14812
1.15017
1.14678
1.13784
1.12392
1.10652
1.08809
1.07157
1.05967
1.05408
1.05491
1.06082
1.06953
1.07853
1.08577
1.09012
1.09156
1.091
1.08933
1.08655
1.08158
1.07323
1.0615
1.04805
1.03547
1.02562
1.0187
1.01363
1.00906
1.00405
0.998254
0.991863
0.985382
0.979396
0.974384
0.97057
0.967932
0.966386
0.96599
0.96699
0.969576
0.973722
0.979213
0.985832
0.993403
1.00171
1.01034
1.01875
1.02639
1.03294
1.03837
1.0429
1.04681
1.05021
1.0528
1.05385
1.05256
1.04848
1.04181
1.0333
1.02393
1.01445
1.00527
0.996588
0.988733
0.982308
0.977972
0.976175
0.977077
0.980713
0.987135
0.996338
1.00796
1.02108
1.03423
1.04577
1.05428
1.05886
1.05903
1.05468
1.04586
1.03284
1.01623
0.997204
0.977567
0.959843
0.946887
0.941074
0.943172
0.951926
0.964733
0.978984
0.992911
1.00565
1.01679
1.02592
1.03261
1.03667
1.03859
1.0397
1.04182
1.04655
1.0545
1.06501
1.07641
1.0867
1.09417
1.09775
1.09714
1.09271
1.08524
1.07564
1.06454
1.05212
1.03813
1.02222
1.00458
0.986452
0.970083
0.957953
0.951538
0.950623
0.953824
0.959436
0.965787
0.971195
0.974184
0.973951
0.970836
0.966357
0.962614
0.961336
0.963262
0.968188
0.975512
0.984641
0.995
1.0059
1.01649
1.02597
1.03371
1.03943
1.04312
1.04491
1.0449
1.04306
1.0393
1.03363
1.02619
1.01725
1.00728
0.99718
0.988569
0.983652
0.98455
0.992295
1.00601
1.02299
1.03982
1.05361
1.06303
1.06833
1.07077
1.07168
1.07181
1.07128
1.06995
1.06803
1.06634
1.06603
1.06784
1.07153
1.07597
1.08005
1.08344
1.08666
1.09049
1.09524
1.10047
1.10529
1.10889
1.111
1.11186
1.11203
1.11213
1.11243
1.11264
1.11174
1.10838
1.10148
1.09089
1.07771
1.06402
1.05193
1.04271
1.0365
1.03264
1.03018
1.02815
1.02575
1.02273
1.01957
1.01727
1.01694
1.01913
1.02365
1.02961
1.0359
1.04191
1.04788
1.05468
1.063
1.07234
1.08101
1.08706
1.08961
1.08936
1.08826
1.08802
1.08876
1.08867
1.08535
1.07738
1.06507
1.05021
1.0353
1.0227
1.01422
1.01097
1.01342
1.0213
1.03361
1.04879
1.06506
1.08058
1.09351
1.10223
1.10611
1.10601
1.10426
1.10341
1.10494
1.10866
1.11302
1.1157
1.11443
1.1075
1.09433
1.07569
1.05382
1.03248
1.01643
1.00998
1.01481
1.02884
1.04751
1.06642
1.08299
1.09637
1.10659
1.11379
1.11803
1.11928
1.11771
1.11375
1.10821
1.10195
1.09558
1.08931
1.0831
1.07705
1.07178
1.06847
1.06854
1.07306
1.08209
1.09437
1.1075
1.11864
1.12541
1.12655
1.12202
1.11292
1.10106
1.08862
1.07779
1.07031
1.06711
1.06814
1.07255
1.07911
1.08664
1.09414
1.10082
1.10603
1.10918
1.10962
1.10661
1.09945
1.08783
1.07235
1.05477
1.03765
1.02322
1.01242
1.00475
0.999023
0.994421
0.990977
0.989435
0.9908
0.995992
1.00545
1.01889
1.03518
1.0526
1.06921
1.08325
1.09343
1.09886
1.09899
1.09336
1.08157
1.06347
1.03945
1.01086
0.980341
0.951743
0.929442
0.917322
0.917623
0.930333
0.953378
0.983281
1.01607
1.04814
1.07689
1.10099
1.12011
1.13446
1.14408
1.14854
1.14706
1.13913
1.12514
1.10695
1.08791
1.07219
1.06355
1.06398
1.07301
1.08809
1.10576
1.12285
1.13708
1.14701
1.15192
1.15141
1.14545
1.13438
1.11919
1.10177
1.08492
1.07204
1.06616
1.06878
1.07902
1.09404
1.11028
1.125
1.13715
1.14741
1.15722
1.16744
1.17772
1.18672
1.19294
1.1953
1.19337
1.18735
1.17791
1.16604
1.15274
1.13868
1.12421
1.10973
1.09599
1.08418
1.07558
1.07116
1.07124
1.07548
1.08307
1.09282
1.10312
1.11172
1.11582
1.1124
1.09913
1.07545
1.04364
1.00927
0.980041
0.962779
0.960036
0.969194
0.984751
1.00126
1.01491
1.02358
1.02658
1.02433
1.01812
1.00987
1.00185
0.9963
0.994987
0.998872
1.00795
1.02133
1.03747
1.05446
1.07036
1.08346
1.09246
1.09665
1.09613
1.09182
1.08509
1.07721
1.0688
1.06003
1.05136
1.04426
1.0409
1.04283
1.04972
1.05936
1.06887
1.07601
1.07961
1.07897
1.07326
1.0616
1.04409
1.02286
1.0023
0.988165
0.985543
0.996655
1.01965
1.04927
1.0792
1.10429
1.12166
1.13056
1.13157
1.12589
1.11498
1.1005
1.08448
1.06915
1.05645
1.04735
1.04132
1.03664
1.0314
1.02447
1.01579
1.00623
0.997328
0.991218
0.990083
0.995354
1.00688
1.02286
1.04048
1.0569
1.07012
1.07931
1.08473
1.08716
1.08728
1.08525
1.08077
1.07348
1.06378
1.05328
1.04445
1.0392
1.03775
1.03857
1.03945
1.0385
1.03464
1.02783
1.01896
1.00951
1.00125
0.995865
0.994573
0.997317
1.00268
1.00869
1.01402
1.01864
1.02375
1.03109
1.04204
1.05685
1.07436
1.09238
1.10863
1.12155
1.13068
1.1364
1.13947
1.14065
1.1404
1.13884
1.13566
1.13009
1.12114
1.10792
1.09002
1.06812
1.04447
1.02294
1.00803
1.00316
1.00891
1.02282
1.04058
1.05799
1.07228
1.08247
1.08911
1.09353
1.09701
1.10019
1.10286
1.10445
1.10441
1.10271
1.09987
1.09663
1.09351
1.09047
1.08691
1.08203
1.07532
1.06693
1.05759
1.04829
1.03989
1.03295
1.02784
1.02476
1.02374
1.02442
1.02598
1.02739
1.02754
1.02545
1.02029
1.01142
0.998854
0.983774
0.968933
0.957859
0.953041
0.954725
0.96159
0.97234
0.986179
1.00191
1.0172
1.02933
1.03674
1.03958
1.03906
1.03614
1.031
1.02355
1.01425
1.00465
0.997254
0.994836
0.999611
1.01247
1.03271
1.05827
1.08621
1.11349
1.13762
1.1571
1.17131
1.18016
1.18375
1.1822
1.17567
1.16441
1.14873
1.12905
1.10593
1.08023
1.05336
1.02736
1.00475
0.987895
0.978173
0.97553
0.978458
0.984575
0.991471
0.997476
1.00204
1.0057
1.00963
1.01515
1.02322
1.03407
1.04703
1.06056
1.07253
1.08071
1.08339
1.07984
1.07059
1.05739
1.04282
1.02931
1.01855
1.01137
1.00835
1.01003
1.01676
1.02802
1.04215
1.0568
1.06953
1.07847
1.08255
1.08149
1.07548
1.06504
1.05082
1.03356
1.01433
0.994941
0.978362
0.968436
0.968293
0.978302
0.995499
1.01496
1.03177
1.04235
1.04509
1.04037
1.03022
1.01743
1.00489
0.995107
0.990236
0.991738
0.999937
1.01363
1.03019
1.04642
1.05952
1.06771
1.0704
1.06774
1.0603
1.04878
1.03408
1.01743
1.00066
0.986429
0.978161
0.97901
0.989901
1.00818
1.02887
1.0472
1.06028
1.06729
1.06893
1.06677
1.06256
1.05782
1.05359
1.05039
1.04846
1.04806
1.04963
1.05365
1.06003
1.06747
1.07336
1.07438
1.0676
1.05189
1.02932
1.00558
0.988061
0.981873
0.987394
1.00162
1.02065
1.04098
1.05977
1.07509
1.08589
1.09206
1.09408
1.09287
1.08962
1.08568
1.08235
1.08035
1.07944
1.07882
1.07801
1.07757
1.07882
1.08309
1.09084
1.10134
1.11289
1.12335
1.13081
1.13398
1.13238
1.12636
1.11689
1.10529
1.09286
1.08072
1.06984
1.06111
1.05532
1.05282
1.05328
1.05571
1.0588
1.06141
1.06283
1.06305
1.06271
1.06272
1.06359
1.06501
1.06615
1.06611
1.06467
1.06244
1.06055
1.05968
1.05944
1.0584
1.05487
1.04802
1.03858
1.02886
1.02197
1.02062
1.02593
1.03707
1.05179
1.06734
1.08126
1.09166
1.0973
1.09764
1.0929
1.0841
1.0728
1.06068
1.04899
1.03831
1.0286
1.01962
1.01141
1.00453
0.999961
0.998671
1.00115
1.00712
1.01549
1.02459
1.0326
1.03792
1.03968
1.03786
1.03328
1.02745
1.02204
1.01841
1.0172
1.01823
1.02073
1.02369
1.02628
1.02806
1.02891
1.0289
1.02842
1.02838
1.03018
1.03509
1.04318
1.05314
1.06287
1.07059
1.07543
1.07743
1.07718
1.07556
1.0735
1.0718
1.07093
1.07084
1.07107
1.07096
1.06981
1.06698
1.06194
1.05448
1.04483
1.03359
1.02154
1.00931
0.996984
0.984108
0.970138
0.955497
0.942768
0.936345
0.93964
0.952436
0.971376
0.992471
1.01272
1.03038
1.0446
1.0551
1.06177
1.0646
1.06366
1.05926
1.05206
1.04299
1.03313
1.02341
1.01463
1.00751
1.00289
1.00156
1.00413
1.01072
1.02083
1.03323
1.04615
1.05761
1.06604
1.07081
1.07237
1.0719
1.07054
1.0687
1.06571
1.06023
1.05113
1.03873
1.02534
1.01455
1.00904
1.00875
1.01087
1.01174
1.00857
1.0002
0.987029
0.970468
0.952404
0.934943
0.92037
0.911093
0.909372
0.916693
0.933023
0.956393
0.983324
1.00993
1.03316
1.0514
1.06422
1.07171
1.07388
1.07073
1.06263
1.05067
1.03679
1.02351
1.01344
1.00843
1.00899
1.0141
1.02161
1.02902
1.03451
1.03747
1.03859
1.03914
1.03989
1.04013
1.03769
1.03016
1.01669
0.999305
0.982967
0.973403
0.973535
0.981816
0.994194
1.0071
1.0187
1.02855
1.03691
1.04422
1.05089
1.05725
1.06354
1.06996
1.07669
1.08372
1.09047
1.09559
1.09722
1.09354
1.08355
1.06778
1.04873
1.03059
1.01778
1.0128
1.01511
1.02193
1.0299
1.03644
1.04027
1.04142
1.04093
1.04027
1.04074
1.04302
1.04712
1.05264
1.05903
1.0657
1.07194
1.07707
1.08067
1.08268
1.08311
1.08171
1.0781
1.07236
1.06566
1.06016
1.05791
1.05959
1.06408
1.06931
1.0736
1.07642
1.07842
1.08084
1.08472
1.09035
1.09723
1.10431
1.11056
1.11544
1.11904
1.1219
1.12446
1.12659
1.12776
1.12735
1.12519
1.12167
1.11761
1.11397
1.11153
1.11061
1.11117
1.11282
1.1149
1.11668
1.11763
1.11771
1.11731
1.11704
1.11746
1.11901
1.12206
1.12691
1.13366
1.14208
1.15145
1.1606
1.16788
1.17146
1.16986
1.16251
1.14986
1.13324
1.11446
1.09547
1.07827
1.06488
1.05695
1.05526
1.0596
1.06938
1.084
1.1024
1.12241
1.14078
1.15417
1.16032
1.15836
1.14857
1.13189
1.10962
1.08348
1.0557
1.02891
1.00597
0.989483
0.981228
0.981935
0.991241
1.00788
1.02986
1.05447
1.07845
1.09855
1.11235
1.11879
1.1183
1.11251
1.10358
1.09339
1.08311
1.07317
1.06362
1.05468
1.0469
1.04095
1.03712
1.03523
1.03483
1.03524
1.03537
1.03392
1.0298
1.02273
1.01366
1.00476
0.998755
0.997672
1.0017
1.00908
1.01713
1.02362
1.02757
1.0294
1.03054
1.03279
1.03773
1.04623
1.0583
1.07302
1.08889
1.10441
1.11841
1.12996
1.13801
1.14125
1.13842
1.12886
1.11297
1.09234
1.06966
1.04825
1.03146
1.02191
1.02072
1.02691
1.03763
1.04901
1.05736
1.05998
1.05557
1.04423
1.02727
1.00698
0.986063
0.967386
0.95371
0.947328
0.949252
0.9586
0.97277
0.988603
1.00376
1.01735
1.02929
1.03923
1.04608
1.0486
1.04642
1.04079
1.03449
1.03071
1.0315
1.03694
1.04586
1.05698
1.06924
1.08131
1.09117
1.0965
1.09536
1.08705
1.07259
1.0547
1.03718
1.02371
1.01693
1.01785
1.02558
1.03763
1.05044
1.06041
1.06481
1.06236
1.05357
1.04051
1.02625
1.0139
1.00587
1.00332
1.00637
1.01434
1.02602
1.03969
1.05317
1.06412
1.07063
1.07172
1.06785
1.06071
1.05275
1.04631
1.04307
1.04355
1.04699
1.05176
1.05618
1.05908
1.05976
1.05753
1.05166
1.04197
1.02929
1.01554
1.00325
0.994969
0.992679
0.997238
1.00811
1.02363
1.04149
1.05938
1.075
1.08615
1.09082
1.08782
1.07756
1.0626
1.04719
1.03603
1.03279
1.03908
1.05387
1.07386
1.09482
1.11305
1.12604
1.13241
1.13156
1.12367
1.10977
1.09199
1.07352
1.05807
1.04877
1.04665
1.05004
1.05517
1.05791
1.05534
1.04641
1.03197
1.01435
0.99684
0.982598
0.973586
0.970031
0.971149
0.976506
0.986695
1.00265
1.02424
1.04965
1.07578
1.09937
1.11761
1.12849
1.13082
1.12441
1.11021
1.0904
1.06814
1.04695
1.02959
1.01723
1.00955
1.00542
1.00349
1.00249
1.00144
1.00013
0.99939
1.00084
1.00621
1.01661
1.0322
1.05203
1.07441
1.09734
1.1188
1.13672
1.1492
1.15495
1.15368
1.14615
1.13407
1.1196
1.105
1.09204
1.08172
1.07414
1.06897
1.06619
1.06647
1.07074
1.07914
1.09073
1.10387
1.11684
1.12797
1.13581
1.13936
1.13824
1.13259
1.12288
1.10967
1.09358
1.07516
1.05491
1.03386
1.01436
1.0003
0.995363
1.00022
1.01194
1.02621
1.03966
1.05073
1.05928
1.06579
1.07069
1.07387
1.07489
1.07356
1.07021
1.06548
1.05981
1.05316
1.04525
1.03604
1.02638
1.01797
1.01303
1.01333
1.01935
1.02978
1.04205
1.05333
1.06162
1.06619
1.06728
1.06546
1.06117
1.05487
1.04722
1.03924
1.03234
1.02821
1.02849
1.03409
1.04471
1.05899
1.07505
1.09072
1.10351
1.11093
1.11114
1.10371
1.09
1.07292
1.05603
1.04246
1.034
1.03091
1.03239
1.03715
1.04379
1.05092
1.0571
1.06085
1.06102
1.0573
1.05057
1.04275
1.03592
1.03133
1.02862
1.02613
1.02188
1.01454
1.00413
0.99222
0.981662
0.975764
0.977421
0.988482
1.00855
1.03335
1.05571
1.06924
1.07095
1.06129
1.04287
1.01938
0.994737
0.972571
0.955761
0.946267
0.945176
0.952974
0.969557
0.993379
1.02065
1.0462
1.06552
1.07656
1.0798
1.07704
1.06997
1.05969
1.04717
1.03364
1.02054
1.00917
1.00034
0.99441
0.99164
0.992287
0.996591
1.0046
1.01607
1.03035
1.04639
1.06292
1.07867
1.09275
1.10466
1.11428
1.12143
1.1255
1.1252
1.11875
1.10468
1.08285
1.05547
1.02736
1.00496
0.993526
0.994402
1.00463
1.01932
1.03438
1.04786
1.05978
1.07108
1.0826
1.09438
1.1055
1.11429
1.11872
1.11703
1.10868
1.09581
1.08338
1.07631
1.07552
1.07808
1.08093
1.08325
1.08616
1.09141
1.10041
1.11338
1.12897
1.14453
1.15714
1.16462
1.1661
1.16189
1.15313
1.1413
1.12764
1.11297
1.09756
1.08138
1.0644
1.04683
1.02922
1.01244
0.997654
0.986107
0.978936
0.97681
0.979703
0.986892
0.997165
1.00925
1.02208
1.03506
1.04812
1.06155
1.07549
1.08945
1.10213
1.11188
1.11747
1.11854
1.11576
1.11052
1.10444
1.09889
1.09465
1.09184
1.09001
1.08846
1.08647
1.08365
1.08002
1.07591
1.07165
1.06736
1.06305
1.05865
1.05413
1.04944
1.04438
1.03873
1.03232
1.02541
1.01869
1.013
1.00903
1.0073
1.00839
1.01328
1.023
1.03787
1.05694
1.07815
1.09913
1.118
1.13372
1.14586
1.15424
1.15878
1.15942
1.15626
1.14985
1.14154
1.13368
1.12916
1.12996
1.13569
1.14361
1.15012
1.15242
1.14923
1.14062
1.12761
1.11189
1.09541
1.07978
1.06594
1.05401
1.04369
1.03471
1.02709
1.02137
1.01847
1.01932
1.02425
1.03269
1.04321
1.05392
1.06304
1.06946
1.07298
1.07423
1.07416
1.07349
1.07251
1.0711
1.06898
1.0659
1.06159
1.05572
1.04826
1.04016
1.03352
1.03022
1.03012
1.03112
1.03098
1.02878
1.0251
1.02136
1.01887
1.01832
1.01951
1.02143
1.02267
1.02188
1.01831
1.01213
1.00446
0.997097
0.991956
0.990582
0.993909
1.00225
1.01546
1.03295
1.05358
1.07555
1.09645
1.11377
1.1254
1.13001
1.12724
1.11761
1.10228
1.08264
1.06001
1.03543
1.01005
0.985713
0.965364
0.952428
0.949426
0.95659
0.971555
0.990205
1.00811
1.02171
1.02884
1.02887
1.02254
1.01186
0.999805
0.989798
0.984703
0.985759
0.992046
1.00089
1.00903
1.01388
1.01422
1.01023
1.00301
0.993887
0.9842
0.97553
0.969747
0.968291
0.971004
0.976043
0.981061
0.984627
0.986694
0.98818
0.990301
0.994087
1.00008
1.00817
1.01743
1.02626
1.03282
1.03573
1.03461
1.03057
1.02609
1.02429
1.02752
1.03617
1.04844
1.06134
1.07195
1.07817
1.07895
1.07431
1.06498
1.05222
1.03729
1.02128
1.00486
0.988455
0.972412
0.957333
0.944324
0.934965
0.930847
0.932816
0.940281
0.951182
0.962711
0.972371
0.978751
0.981727
0.98227
0.981862
0.981787
0.982511
0.983478
0.983555
0.981905
0.978671
0.975075
0.972834
0.973465
0.977843
0.985829
0.996061
1.00629
1.01461
1.02103
1.02782
1.03721
1.04853
1.0584
1.06367
1.06324
1.05759
1.04763
1.03409
1.01775
0.999745
0.981784
0.966047
0.954749
0.949553
0.951164
0.959205
0.972518
0.98956
1.00863
1.02789
1.04531
1.05885
1.0667
1.06777
1.06193
1.05027
1.03503
1.01935
1.0064
0.998525
0.996352
0.998857
1.00417
1.01077
1.01836
1.0277
1.03984
1.05493
1.07172
1.0878
1.10037
1.10706
1.10652
1.09873
1.08506
1.06797
1.05028
1.03436
1.02158
1.01214
1.00549
1.00087
0.997867
0.996425
0.996618
0.998227
1.0005
1.00244
1.00338
1.00335
1.00278
1.00214
1.00173
1.00173
1.0023
1.00356
1.00554
1.00816
1.0117
1.01744
1.02795
1.04583
1.0709
1.09881
1.12319
1.13915
1.14521
1.1431
1.13663
1.1297
1.12435
1.12
1.11444
1.10553
1.09219
1.07426
1.05189
1.02519
0.994469
0.961151
0.928989
0.904181
0.893364
0.90033
0.924058
0.959644
1.00083
1.04213
1.07962
1.11083
1.13425
1.14913
1.15534
1.15341
1.14465
1.13101
1.11484
1.09841
1.08344
1.07092
1.06113
1.05374
1.04804
1.04319
1.03855
1.03379
1.02905
1.02473
1.02128
1.01879
1.01681
1.01448
1.01101
1.00598
0.999495
0.991896
0.983485
0.974434
0.964989
0.955817
0.948472
0.945291
0.948636
0.959715
0.977776
1.00012
1.02287
1.04216
1.05511
1.06046
1.05856
1.05106
1.04028
1.02864
1.01832
1.01107
1.00814
1.01001
1.01631
1.02609
1.03808
1.05107
1.06397
1.07575
1.08559
1.0929
1.09753
1.0997
1.09977
1.09795
1.09427
1.08864
1.08098
1.07152
1.06077
1.04947
1.03847
1.02853
1.02012
1.01316
1.00728
1.0026
1.00024
1.00208
1.00965
1.02298
1.0404
1.05934
1.07712
1.09158
1.10108
1.10457
1.10163
1.09278
1.07957
1.06452
1.05054
1.0399
1.03341
1.03014
1.02824
1.02602
1.02261
1.018
1.01283
1.00794
1.00415
1.00206
1.00214
1.00494
1.01109
1.02082
1.03342
1.04706
1.05932
1.06803
1.07178
1.07005
1.06319
1.05231
1.03928
1.02621
1.01494
1.00644
1.00091
0.998001
0.997028
0.997066
0.997164
0.996709
0.995678
0.99457
0.994098
0.994795
0.996888
1.00034
1.00496
1.01031
1.01568
1.02018
1.02308
1.02399
1.02284
1.01979
1.01506
1.00902
1.00227
0.995703
0.990482
0.987552
0.987253
0.989121
0.991965
0.994142
0.993906
0.989991
0.982236
0.972045
0.962091
0.955203
0.953054
0.955519
0.961058
0.967705
0.974106
0.980202
0.987215
0.996794
1.00975
1.02533
1.04162
1.05647
1.06822
1.07586
1.07897
1.07752
1.0716
1.06147
1.04776
1.03175
1.01529
1.00035
0.988284
0.979464
0.973591
0.970348
0.970011
0.973433
0.98132
0.993329
1.00789
1.02288
1.03647
1.04759
1.05594
1.0619
1.06619
1.0696
1.07256
1.07499
1.07637
1.07605
1.07363
1.06917
1.06323
1.05667
1.05046
1.04547
1.04222
1.04082
1.04089
1.04188
1.04335
1.04546
1.04903
1.05544
1.06598
1.08113
1.10006
1.12066
1.14014
1.15571
1.16513
1.16694
1.16062
1.14676
1.12714
1.10432
1.08067
1.05774
1.03687
1.02009
1.01008
1.00869
1.01547
1.02762
1.0414
1.05371
1.0628
1.06848
1.07192
1.07513
1.08004
1.0874
1.09663
1.10651
1.11624
1.12591
1.13622
1.14785
1.16075
1.1738
1.1852
1.19312
1.19627
1.19429
1.18773
1.17789
1.16631
1.15423
1.14216
1.12992
1.11707
1.10319
1.08822
1.07253
1.05693
1.04261
1.03073
1.02187
1.01579
1.0118
1.00925
1.00797
1.00824
1.01044
1.01466
1.02042
1.02688
1.03309
1.03834
1.04223
1.04467
1.04563
1.04516
1.0433
1.04029
1.0366
1.03305
1.03066
1.03054
1.03359
1.04019
1.0501
1.06241
1.07576
1.08863
1.09962
1.10759
1.11158
1.11077
1.10455
1.09287
1.07644
1.05699
1.03731
1.02093
1.01127
1.01041
1.01816
1.03198
1.04799
1.0624
1.07275
1.07827
1.07943
1.07711
1.07193
1.06431
1.05486
1.04466
1.03506
1.02714
1.02137
1.01772
1.0158
1.01509
1.01487
1.01411
1.01175
1.00703
0.999885
0.991246
0.982891
0.977118
0.975941
0.980292
0.98956
1.00186
1.01482
1.02629
1.0344
1.03764
1.03508
1.02677
1.01405
0.999542
0.986647
0.978441
0.976214
0.978462
0.981447
0.981141
0.975288
0.964476
0.951832
0.941384
0.935836
0.935482
0.938776
0.943688
0.948674
0.952986
0.956503
0.959373
0.961548
0.96261
0.96222
0.961004
0.961209
0.966353
0.979572
1.00164
1.03032
1.06143
1.09052
1.11408
1.12994
1.1374
1.13707
1.13058
1.12015
1.10814
1.09688
1.08839
1.08409
1.08428
1.08794
1.09314
1.09783
1.10052
1.10051
1.09786
1.0932
1.08737
1.08127
1.07565
1.07095
1.06707
1.06313
1.05764
1.04949
1.03936
1.0305
1.02718
1.03119
1.04049
1.05149
1.06164
1.06972
1.07484
1.07613
1.07308
1.06608
1.05633
1.04545
1.03509
1.02683
1.02187
1.02033
1.02086
1.02129
1.02019
1.01767
1.01499
1.01362
1.01434
1.01691
1.02037
1.02374
1.02633
1.02782
1.02805
1.02684
1.02392
1.01924
1.0131
1.0064
1.00034
0.996194
0.99465
0.995192
0.996228
0.996236
0.9949
0.993377
0.993566
0.996841
1.00318
1.01111
1.01859
1.0241
1.02724
1.02892
1.03082
1.03439
1.03998
1.04653
1.05222
1.05549
1.05577
1.05349
1.04962
1.04511
1.04064
1.03652
1.03277
1.02925
1.02565
1.0216
1.01675
1.01107
1.00505
0.999752
0.996476
0.996041
0.998316
1.00227
1.00658
1.01039
1.01368
1.01715
1.02172
1.02781
1.03509
1.04268
1.04945
1.0545
1.0575
1.05885
1.05972
1.0614
1.06438
1.06766
1.06918
1.06707
1.06101
1.0526
1.04462
1.03935
1.03705
1.03609
1.03428
1.03008
1.02289
1.01285
1.00056
0.98683
0.972793
0.959956
0.95028
0.94595
0.948544
0.957981
0.971973
0.986735
0.998578
1.00521
1.00615
1.00262
0.997014
0.992498
0.992315
0.998832
1.01233
1.03048
1.04927
1.06474
1.07452
1.07827
1.07725
1.07346
1.06865
1.06374
1.05905
1.05495
1.05224
1.05198
1.05502
1.06155
1.07109
1.08259
1.09473
1.10623
1.11606
1.12352
1.12829
1.13033
1.12962
1.12599
1.11905
1.1083
1.09351
1.07517
1.055
1.03602
1.02213
1.01699
1.02293
1.04011
1.06635
1.09762
1.12933
1.15752
1.17938
1.19312
1.19766
1.1924
1.17739
1.15354
1.12301
1.08938
1.05728
1.03152
1.01571
1.01118
1.01662
1.02886
1.04416
1.05936
1.07242
1.08226
1.08853
1.09126
1.09045
1.08571
1.07631
1.06178
1.04266
1.02101
1.00014
0.983613
0.974174
0.973037
0.979782
0.992469
1.00832
1.02488
1.04069
1.05522
1.06833
1.07996
1.0901
1.09868
1.10559
1.1105
1.11279
1.11161
1.10636
1.09735
1.08646
1.07692
1.07173
1.0716
1.07474
1.07847
1.08109
1.08225
1.0822
1.0811
1.0788
1.07514
1.07015
1.06417
1.05768
1.05121
1.0452
1.03999
1.03573
1.03225
1.02926
1.02661
1.02451
1.02355
1.02445
1.02765
1.03277
1.03807
1.04069
1.03764
1.02722
1.01019
0.990001
0.972052
0.961526
0.960708
0.967764
0.978233
0.98816
0.996116
1.00289
1.00971
1.01665
1.02242
1.02528
1.0241
1.01893
1.01112
1.00326
0.998783
1.00122
1.0131
1.03476
1.06389
1.09617
1.12661
1.15082
1.16567
1.16941
1.16163
1.14343
1.11776
1.08941
1.06341
1.04259
1.02683
1.015
1.00669
1.00247
1.00309
1.00898
1.02004
1.03548
1.0538
1.0729
1.09044
1.10436
1.1133
1.11668
1.1147
1.10825
1.09863
1.08738
1.07598
1.06558
1.05697
1.0507
1.04729
1.04726
1.05096
1.05813
1.0678
1.07847
1.08849
1.09666
1.10249
1.10633
1.10906
1.1116
1.11437
1.11697
1.11827
1.11679
1.11127
1.10127
1.0876
1.07235
1.05808
1.04666
1.03854
1.03311
1.02977
1.02869
1.03062
1.03588
1.04381
1.053
1.06205
1.07014
1.07701
1.08282
1.08795
1.09295
1.09844
1.10479
1.11176
1.1183
1.12283
1.12382
1.12042
1.11288
1.10251
1.09123
1.08083
1.07256
1.06679
1.06313
1.06067
1.05838
1.05545
1.05156
1.04699
1.04247
1.03898
1.03738
1.03816
1.04128
1.04645
1.05319
1.06087
1.06874
1.07613
1.08277
1.08886
1.09461
1.09994
1.10427
1.10683
1.10708
1.10506
1.10136
1.09703
1.09341
1.09191
1.09362
1.09884
1.10687
1.11611
1.12446
1.13002
1.13148
1.12839
1.12121
1.11108
1.09944
1.08769
1.07694
1.06785
1.06067
1.05538
1.05192
1.05049
1.05163
1.05603
1.06405
1.07533
1.08876
1.10276
1.11558
1.12564
1.13165
1.13264
1.12786
1.11691
1.09995
1.07825
1.0547
1.03362
1.01927
1.01385
1.0167
1.02526
1.03673
1.04916
1.06174
1.07434
1.08659
1.09737
1.10512
1.1087
1.10797
1.10391
1.09813
1.09218
1.08696
1.08247
1.07808
1.07298
1.06659
1.05861
1.04899
1.03812
1.02691
1.01681
1.00925
1.00498
1.00373
1.00471
1.00724
1.01118
1.01701
1.02522
1.03575
1.04754
1.05872
1.06722
1.07133
1.07017
1.06374
1.05286
1.03872
1.02268
1.00603
0.990112
0.976485
0.966827
0.962499
0.963874
0.970189
0.979917
0.991411
1.00317
1.0139
1.02253
1.02837
1.03104
1.0304
1.02657
1.02007
1.01199
1.0039
0.997425
0.993738
0.993319
0.996098
1.00187
1.01057
1.02218
1.03627
1.05177
1.06703
1.08031
1.09031
1.09643
1.09878
1.09794
1.09466
1.0897
1.08376
1.07743
1.07109
1.06478
1.05825
1.05119
1.0436
1.03618
1.0302
1.02701
1.02716
1.03001
1.03406
1.03776
1.04021
1.04139
1.0419
1.04233
1.04291
1.04337
1.04323
1.04232
1.04088
1.03952
1.03896
1.03975
1.04227
1.04671
1.05308
1.06113
1.07013
1.07909
1.08706
1.09345
1.09803
1.10086
1.10209
1.10187
1.10033
1.09779
1.09478
1.09202
1.09004
1.08905
1.08897
1.08952
1.09024
1.09051
1.08986
1.0882
1.0859
1.08337
1.08069
1.07759
1.07398
1.07042
1.06805
1.06769
1.06885
1.06982
1.06903
1.06628
1.06288
1.0608
1.06157
1.06562
1.07218
1.07982
1.08711
1.09321
1.09791
1.10152
1.10467
1.10817
1.11288
1.11927
1.12698
1.13473
1.14076
1.14345
1.1417
1.13483
1.12247
1.10457
1.08154
1.05458
1.0258
0.998278
0.97561
0.960938
0.955865
0.959802
0.970259
0.983825
0.997176
1.00777
1.0141
1.01578
1.01336
1.0081
1.00163
0.995513
0.990762
0.987723
0.986317
0.986364
0.98766
0.989756
0.99177
0.99253
0.99104
0.986992
0.980958
0.974268
0.968661
0.965795
0.966829
0.972175
0.981423
0.993576
1.00739
1.02182
1.03621
1.05022
1.06363
1.07624
1.08769
1.09748
1.10504
1.10981
1.11149
1.11014
1.10609
1.0998
1.09159
1.08166
1.07003
1.05671
1.04191
1.02638
1.01154
0.999278
0.991341
0.98866
0.990956
0.997055
1.00543
1.01478
1.02434
1.034
1.04413
1.05493
1.06594
1.07598
1.08381
1.08885
1.09144
1.09252
1.09305
1.09356
1.09415
1.09462
1.09482
1.09485
1.09518
1.09644
1.09897
1.10244
1.10587
1.1079
1.10717
1.10264
1.09376
1.08068
1.06436
1.04658
1.02979
1.01658
1.00905
1.00813
1.01339
1.02327
1.03557
1.04811
1.05907
1.06725
1.07206
1.07342
1.07174
1.0677
1.06217
1.056
1.05
1.04497
1.04167
1.04079
1.04277
1.0475
1.0542
1.06145
1.06757
1.07107
1.07089
1.06654
1.05812
1.04638
1.0326
1.01834
1.00504
0.993749
0.984831
0.977899
0.972094
0.966639
0.961256
0.956081
0.951198
0.946541
0.942202
0.939052
0.938932
0.943961
0.955123
0.971123
0.988899
1.00533
1.01854
1.02803
1.0341
1.03724
1.03771
1.0355
1.03045
1.02249
1.01205
1.00008
0.987954
0.977275
0.96961
0.966247
0.967948
0.974503
0.984674
0.996663
1.00881
1.02007
1.02998
1.03811
1.04382
1.04639
1.04537
1.04083
1.0333
1.0237
1.01332
1.00369
0.996084
0.990962
0.987978
0.986606
0.986911
0.989755
0.996456
1.00803
1.02442
1.04394
1.06365
1.0804
1.0918
1.09673
1.09524
1.08832
1.07741
1.06418
1.0502
1.03692
1.02558
1.01719
1.01242
1.01143
1.01376
1.01837
1.02383
1.02864
1.03145
1.0314
1.02819
1.02211
1.01391
1.0046
0.995337
0.987501
0.982709
0.982558
0.9879
0.99823
1.01185
1.02672
1.04124
1.05452
1.06616
1.07602
1.08405
1.09006
1.09368
1.09428
1.09117
1.08377
1.07181
1.05568
1.03675
1.01757
1.00158
0.992371
0.992681
1.0035
1.02308
1.04673
1.06827
1.08263
1.08734
1.08266
1.07074
1.05507
1.03974
1.02864
1.02438
1.02765
1.03742
1.05167
1.06817
1.08477
1.09957
1.11101
1.11798
1.12001
1.11736
1.11103
1.10256
1.0935
1.08496
1.07727
1.07014
1.0629
1.0549
1.0458
1.03589
1.02612
1.01772
1.01154
1.00758
1.00496
1.00239
0.998935
0.994632
0.99068
0.989102
0.992291
1.00235
1.02026
1.04514
1.07415
1.10327
1.12849
1.14678
1.15652
1.15762
1.15125
1.13957
1.12516
1.11033
1.09646
1.08382
1.07204
1.06078
1.05025
1.04114
1.0341
1.02948
1.02746
1.02839
1.03262
1.04004
1.04995
1.06113
1.07227
1.08214
1.08992
1.09526
1.0982
1.09897
1.09783
1.09492
1.0902
1.08356
1.07484
1.06403
1.05138
1.03752
1.02361
1.01105
1.00107
0.994214
0.990314
0.988889
0.989574
0.992368
0.997617
1.00592
1.01783
1.03336
1.05158
1.07048
1.08747
1.09999
1.10625
1.10536
1.09715
1.0819
1.0604
1.03441
1.00727
0.984253
0.971104
0.971215
0.983698
1.00419
1.02726
1.04829
1.06422
1.07354
1.07609
1.07262
1.06436
1.05286
1.04001
1.02829
1.02062
1.01936
1.02502
1.03573
1.04817
1.05903
1.06579
1.06727
1.06373
1.05657
1.04741
1.03724
1.02637
1.01489
1.00325
0.992303
0.982907
0.97564
0.970556
0.967281
0.965311
0.964469
0.965058
0.967537
0.971779
0.976589
0.979836
0.979228
0.973346
0.962356
0.94789
0.932397
0.918664
0.909729
0.908581
0.917326
0.936193
0.963074
0.993933
1.02407
1.04945
1.06759
1.07774
1.08064
1.078
1.07195
1.06443
1.05679
1.0497
1.04347
1.03844
1.0352
1.03455
1.03722
1.04346
1.05279
1.06396
1.07523
1.08479
1.09131
1.09426
1.09388
1.09069
1.08482
1.07588
1.06351
1.04805
1.03083
1.01399
0.999965
0.990997
0.988753
0.993839
1.00511
1.01979
1.03447
1.04643
1.05425
1.05778
1.05776
1.05553
1.05251
1.04989
1.04836
1.04823
1.04962
1.05254
1.05666
1.06127
1.06575
1.07029
1.07575
1.08268
1.0901
1.09552
1.09612
1.09015
1.07757
1.06001
1.04023
1.02137
1.0061
0.996091
0.991743
0.992573
0.99767
1.00609
1.01673
1.02827
1.03914
1.04801
1.05431
1.05839
1.06128
1.06405
1.06732
1.0711
1.07484
1.07752
1.07786
1.07479
1.06826
1.05972
1.05206
1.04851
1.05107
1.05927
1.07031
1.08051
1.08693
1.08822
1.0846
1.07761
1.06947
1.06234
1.05761
1.05542
1.05475
1.05384
1.05108
1.0458
1.03872
1.03175
1.02691
1.02534
1.0272
1.03225
1.04003
1.04971
1.06004
1.06978
1.07819
1.08505
1.09032
1.09378
1.09495
1.09347
1.08945
1.08353
1.07669
1.06982
1.06337
1.0574
1.05181
1.04652
1.04165
1.03759
1.03495
1.03436
1.03613
1.03998
1.04488
1.04919
1.05105
1.04893
1.04231
1.03203
1.02024
1.00975
1.00296
1.0009
1.00284
1.00657
1.00941
1.00922
1.00524
0.997983
0.988804
0.979115
0.970002
0.962204
0.956278
0.952734
0.952015
0.954333
0.959596
0.967353
0.976807
0.986955
0.996802
1.00551
1.01246
1.01716
1.01928
1.0187
1.01562
1.01077
1.00561
1.00221
1.00261
1.00775
1.01689
1.02819
1.03986
1.05078
1.06043
1.06861
1.07525
1.08033
1.08379
1.0855
1.08519
1.08243
1.07677
1.06804
1.05663
1.04366
1.03086
1.02004
1.0126
1.00901
1.00861
1.00989
1.01101
1.01055
1.00804
1.00399
0.999383
0.994846
0.990343
0.985643
0.980928
0.976945
0.974553
0.97417
0.975499
0.977788
0.980266
0.982516
0.984533
0.986656
0.989331
0.992947
0.997616
1.00311
1.00888
1.01435
1.01914
1.02336
1.02751
1.03198
1.03665
1.04074
1.04317
1.04326
1.04146
1.03939
1.0391
1.04166
1.04618
1.05021
1.05133
1.04859
1.0429
1.0363
1.03078
1.0273
1.02548
1.0242
1.02248
1.02027
1.01875
1.0202
1.02741
1.04222
1.0639
1.08896
1.11289
1.13218
1.14519
1.15185
1.15309
1.15016
1.14422
1.13607
1.12611
1.11479
1.10307
1.09257
1.08515
1.08215
1.08387
1.08963
1.09815
1.10799
1.11788
1.12689
1.13433
1.13957
1.14193
1.14059
1.13471
1.12364
1.1072
1.08589
1.06097
1.03422
1.00766
0.983174
0.96228
0.945988
0.934872
0.929307
0.929742
0.936832
0.951325
0.973659
1.0032
1.03766
1.0733
1.10619
1.13334
1.1531
1.16497
1.16912
1.16619
1.15735
1.14451
1.13045
1.11831
1.11023
1.10601
1.10336
1.09971
1.09366
1.08507
1.07468
1.06371
1.05373
1.04622
1.0418
1.03985
1.03881
1.03722
1.03434
1.03028
1.02574
1.02164
1.01874
1.01733
1.01707
1.01742
1.01811
1.01933
1.02159
1.02546
1.03123
1.03888
1.0481
1.05861
1.07044
1.08404
1.09987
1.11768
1.13609
1.15269
1.16489
1.17078
1.16967
1.16222
1.15009
1.13555
1.1211
1.10914
1.10166
1.09964
1.10255
1.10838
1.11434
1.11787
1.1174
1.11274
1.10487
1.09555
1.08685
1.08051
1.07734
1.077
1.07833
1.08005
1.08123
1.08138
1.0802
1.07714
1.07146
1.06276
1.05169
1.04013
1.0307
1.02581
1.02658
1.03222
1.04056
1.0491
1.05607
1.0608
1.06349
1.06488
1.06572
1.06642
1.06688
1.06668
1.06547
1.06331
1.06076
1.05846
1.05676
1.05544
1.05385
1.05138
1.04786
1.04355
1.03881
1.03373
1.02811
1.02184
1.01537
1.00985
1.0069
1.00793
1.01336
1.0224
1.0337
1.04614
1.05908
1.07178
1.08308
1.09172
1.097
1.09906
1.09853
1.09596
1.09184
1.08685
1.08222
1.07947
1.0795
1.08176
1.08409
1.08338
1.07724
1.06561
1.05133
1.03852
1.02954
1.02372
1.01892
1.01355
1.00745
1.00155
0.997019
0.994633
0.994645
0.996985
1.00143
1.00764
1.01505
1.02281
1.02988
1.03523
1.03817
1.03847
1.03635
1.0324
1.0274
1.02224
1.01797
1.01599
1.01784
1.02441
1.03521
1.04822
1.06054
1.06949
1.07345
1.0723
1.06707
1.05966
1.05242
1.04745
1.04607
1.04838
1.05353
1.06013
1.06672
1.07222
1.07613
1.07861
1.08015
1.08114
1.08143
1.08032
1.07714
1.07204
1.06649
1.06304
1.06398
1.06993
1.0794
1.08969
1.09831
1.10381
1.10621
1.10735
1.11028
1.11737
1.12815
1.13937
1.14737
1.15019
1.14788
1.14173
1.13342
1.12424
1.11481
1.10493
1.0939
1.08098
1.06611
1.05057
1.03751
1.03104
1.0332
1.04148
1.05037
1.05545
1.05546
1.05173
1.04672
1.04301
1.0425
1.04584
1.05217
1.0596
1.06612
1.07022
1.07109
1.06866
1.06347
1.05656
1.04926
1.04284
1.03809
1.03506
1.03313
1.03156
1.03002
1.029
1.02957
1.03293
1.03961
1.04897
1.0591
1.06736
1.07135
1.06972
1.0626
1.05135
1.038
1.02474
1.01366
1.00671
1.00528
1.00961
1.01846
1.02981
1.04178
1.05331
1.06409
1.07418
1.08364
1.09246
1.10063
1.1083
1.11565
1.12262
1.12867
1.13268
1.13312
1.12876
1.11928
1.10563
1.08956
1.07265
1.05561
1.03867
1.02224
1.00715
0.994478
0.98518
0.979915
0.979011
0.982426
0.98974
1.00033
1.01349
1.02855
1.04485
1.06165
1.07805
1.09302
1.10546
1.11429
1.11856
1.11802
1.11365
1.10764
1.10257
1.10033
1.10138
1.10498
1.10992
1.11511
1.11976
1.12332
1.1254
1.12569
1.12389
1.1197
1.1128
1.10284
1.08962
1.07335
1.05493
1.03608
1.0188
1.0046
0.993793
0.985771
0.979729
0.975201
0.972149
0.970806
0.971463
0.974457
0.980229
0.989351
1.00211
1.01801
1.03562
1.05286
1.06757
1.07807
1.08355
1.0841
1.08052
1.07386
1.0652
1.05537
1.04492
1.0341
1.02303
1.01187
1.00113
0.991885
0.985789
0.984457
0.988731
0.998191
1.01122
1.02562
1.03935
1.05113
1.06043
1.06728
1.07206
1.0754
1.07789
1.07998
1.08182
1.08365
1.08599
1.08947
1.09444
1.10054
1.10682
1.11204
1.11509
1.11527
1.11237
1.10658
1.09847
1.08887
1.07869
1.06869
1.0594
1.05139
1.04546
1.04218
1.04102
1.04048
1.03937
1.03792
1.03741
1.03905
1.04319
1.04929
1.0563
1.06305
1.06844
1.07149
1.07147
1.06823
1.06257
1.05659
1.05333
1.05544
1.06353
1.07551
1.08772
1.09648
1.09912
1.09451
1.08342
1.06848
1.05334
1.0411
1.03304
1.02845
1.02568
1.02354
1.0221
1.02236
1.02544
1.03189
1.04123
1.05191
1.0617
1.0684
1.07065
1.0684
1.06284
1.05604
1.05007
1.04619
1.04477
1.04554
1.04814
1.05212
1.05683
1.0614
1.06511
1.06761
1.069
1.06965
1.06974
1.06898
1.06664
1.0619
1.05434
1.04416
1.03222
1.0197
1.008
0.998697
0.993557
0.993994
1.00021
1.01076
1.02307
1.03457
1.04356
1.04985
1.05481
1.06049
1.06807
1.07657
1.08369
1.08732
1.08664
1.08216
1.07516
1.0672
1.0596
1.05304
1.04759
1.04299
1.03934
1.03734
1.0381
1.04259
1.05118
1.06331
1.07761
1.0922
1.10524
1.11542
1.12205
1.1249
1.12381
1.11865
1.10945
1.09682
1.08216
1.06744
1.05474
1.04558
1.04072
1.04015
1.04338
1.04987
1.05923
1.07063
1.08203
1.09032
1.09256
1.08715
1.07419
1.05502
1.03179
1.00701
0.983415
0.963758
0.950574
0.945691
0.949713
0.961781
0.979701
1.00043
1.02083
1.03823
1.05075
1.05738
1.05787
1.05274
1.04322
1.03128
1.01937
1.00999
1.00501
1.00522
1.01032
1.01928
1.03091
1.04422
1.05844
1.07294
1.08721
1.10083
1.11361
1.12566
1.13722
1.14829
1.1583
1.1662
1.17112
1.17288
1.17178
1.1681
1.16185
1.15315
1.14271
1.13176
1.1216
1.11309
1.10642
1.10105
1.09609
1.09062
1.0841
1.07657
1.06854
1.06068
1.0533
1.04614
1.03885
1.03173
1.02632
1.02519
1.03039
1.04195
1.05777
1.07484
1.09033
1.10204
1.10841
1.10874
1.10328
1.09301
1.0794
1.06422
1.04971
1.03842
1.03246
1.03246
1.0372
1.04419
1.05077
1.05506
1.0562
1.05423
1.04979
1.04391
1.03805
1.03389
1.03307
1.03679
1.04537
1.05798
1.07284
1.08768
1.1004
1.1095
1.11423
1.11471
1.11184
1.10711
1.10204
1.09768
1.09434
1.09184
1.08959
1.08679
1.08262
1.07653
1.0684
1.05844
1.04671
1.03278
1.01604
0.996865
0.977874
0.963645
0.958134
0.961793
0.971354
0.982455
0.992336
1.00071
1.00901
1.01904
1.03188
1.04759
1.06541
1.08418
1.10241
1.11854
1.13123
1.13962
1.14344
1.14296
1.13879
1.13187
1.12336
1.11456
1.10669
1.10054
1.09614
1.09267
1.08874
1.08297
1.07444
1.06304
1.04948
1.03514
1.02186
1.01153
1.00575
1.00557
1.0111
1.02124
1.03377
1.04603
1.05611
1.06358
1.06914
1.07366
1.07758
1.0812
1.0847
1.08775
1.08921
1.08741
1.08103
1.0697
1.05424
1.03653
1.01896
1.00376
0.992293
0.984688
0.980264
0.978494
0.979811
0.985448
0.99643
1.01256
1.03232
1.05332
1.07293
1.08901
1.10041
1.10695
1.10903
1.10724
1.1021
1.0941
1.08376
1.07193
1.05982
1.04902
1.0411
1.03722
1.038
1.04349
1.05316
1.06576
1.07934
1.09164
1.10066
1.10515
1.10466
1.09938
1.08998
1.07737
1.06264
1.04688
1.03099
1.01554
1.00085
0.987341
0.976043
0.968643
0.966413
0.968827
0.97364
0.978648
0.983284
0.988758
0.997088
1.00973
1.02668
1.0463
1.0659
1.08268
1.09424
1.09908
1.09666
1.08757
1.07352
1.0571
1.04157
1.03046
1.02693
1.03275
1.04735
1.06804
1.09099
1.11217
1.12803
1.13594
1.13476
1.12516
1.1091
1.08896
1.06689
1.04479
1.02459
1.00812
0.996598
0.99027
0.988458
0.989892
0.993069
0.996522
0.999234
1.00107
1.00308
1.0073
1.01604
1.03081
1.05137
1.07564
1.10047
1.12263
1.13949
1.1493
1.15112
1.14473
1.13069
1.11037
1.08589
1.0598
1.03483
1.01382
0.999625
0.994368
0.998518
1.01057
1.02787
1.04779
1.06841
1.08848
1.10707
1.1233
1.13621
1.14489
1.14881
1.14792
1.14282
1.13457
1.12435
1.11315
1.1015
1.0894
1.0766
1.06302
1.04917
1.03631
1.02624
1.02071
1.02079
1.02625
1.03531
1.04502
1.05201
1.0533
1.04705
1.03347
1.01554
0.998701
0.988553
0.987879
0.995686
1.00894
1.02464
1.04051
1.05506
1.0672
1.07624
1.08192
1.08468
1.08568
1.08645
1.08789
1.08956
1.08985
1.08701
1.08028
1.07017
1.05826
1.04651
1.03677
1.03036
1.02787
1.02905
1.03291
1.03822
1.04392
1.04938
1.05418
1.0579
1.06023
1.06131
1.06205
1.06401
1.06849
1.07578
1.08479
1.09353
1.09997
1.10307
1.10314
1.10135
1.09891
1.09634
1.09321
1.08848
1.08115
1.07085
1.05793
1.04324
1.02766
1.01184
0.996355
0.982202
0.971023
0.964987
0.966072
0.975125
0.991189
1.01165
1.03308
1.05221
1.06669
1.07523
1.07761
1.0745
1.06727
1.05763
1.04738
1.03818
1.03132
1.02761
1.0272
1.02962
1.03394
1.03918
1.04443
1.04902
1.05261
1.05536
1.05785
1.06095
1.06545
1.07174
1.07963
1.08833
1.09655
1.10275
1.10555
1.10409
1.09917
