1.63131
1.6117
1.59671
1.5903
1.59432
1.6079
1.6281
1.65125
1.67405
1.69395
1.70896
1.7175
1.71856
1.71202
1.69878
1.68072
1.66025
1.63966
1.62052
1.60358
1.58911
1.57744
1.56921
1.56513
1.56556
1.57037
1.579
1.59056
1.60397
1.61817
1.63223
1.64552
1.6576
1.66806
1.67643
1.68231
1.68556
1.68636
1.6851
1.68211
1.67731
1.67015
1.65976
1.64556
1.62787
1.60827
1.58903
1.57194
1.55775
1.54648
1.53845
1.53461
1.53606
1.54336
1.5561
1.57285
1.59157
1.61005
1.62648
1.63971
1.64916
1.65461
1.65594
1.65311
1.6464
1.63659
1.625
1.61324
1.60257
1.59326
1.58425
1.57327
1.55772
1.53562
1.50657
1.47215
1.43609
1.4039
1.38168
1.37401
1.38207
1.40367
1.43461
1.47027
1.50631
1.53897
1.56517
1.5827
1.5904
1.58825
1.57739
1.55999
1.53915
1.51856
1.50188
1.49166
1.48867
1.49192
1.49911
1.50746
1.51451
1.51879
1.52005
1.51901
1.51693
1.51511
1.5144
1.51522
1.51778
1.52246
1.52988
1.5408
1.55597
1.57594
1.60046
1.62761
1.65369
1.67434
1.6861
1.68722
1.67777
1.65934
1.63469
1.60742
1.58148
1.56055
1.54734
1.54295
1.54662
1.55619
1.5689
1.58212
1.59366
1.60197
1.60611
1.60567
1.60068
1.59156
1.57901
1.56396
1.54746
1.53064
1.51453
1.49978
1.48644
1.47395
1.46139
1.44789
1.433
1.4171
1.40147
1.38813
1.37936
1.37698
1.38172
1.39291
1.40877
1.42707
1.4458
1.46337
1.47839
1.48952
1.49538
1.49489
1.48796
1.47598
1.46164
1.44789
1.43659
1.4281
1.42202
1.4182
1.41706
1.41915
1.42506
1.43538
1.45059
1.47058
1.49426
1.51966
1.54472
1.56806
1.58924
1.60851
1.62631
1.64281
1.65786
1.67116
1.68247
1.69153
1.69786
1.7007
1.69905
1.69184
1.67846
1.65921
1.63538
1.60922
1.58357
1.56161
1.54656
1.54135
1.54781
1.56579
1.59255
1.62319
1.65221
1.67504
1.68888
1.69288
1.68759
1.67439
1.65506
1.63156
1.60606
1.58089
1.55846
1.54096
1.53
1.52631
1.52966
1.53875
1.55121
1.56395
1.57395
1.57899
1.57819
1.57211
1.56238
1.55115
1.54048
1.53194
1.52646
1.52456
1.52649
1.5323
1.54158
1.55324
1.56543
1.5758
1.58195
1.58197
1.57497
1.56147
1.54345
1.52389
1.50609
1.49301
1.48681
1.48863
1.49868
1.51623
1.53969
1.56669
1.59436
1.61973
1.64025
1.65425
1.66078
1.65924
1.64929
1.63143
1.60759
1.58096
1.55479
1.53144
1.51224
1.49748
1.48668
1.47879
1.47274
1.46819
1.46615
1.4687
1.47765
1.49309
1.51305
1.53439
1.55404
1.5699
1.58107
1.58774
1.59081
1.59144
1.59048
1.58821
1.5843
1.57806
1.56889
1.55665
1.54187
1.52604
1.51122
1.49926
1.49114
1.48732
1.48854
1.49608
1.51111
1.53369
1.56218
1.59335
1.62293
1.64651
1.66059
1.6637
1.65701
1.64433
1.63093
1.62131
1.61711
1.61698
1.61825
1.61868
1.61711
1.61324
1.60727
1.59947
1.5897
1.5774
1.56184
1.54258
1.52002
1.49601
1.47385
1.45782
1.45146
1.45598
1.47011
1.49124
1.51665
1.54405
1.57141
1.59667
1.61756
1.63184
1.63774
1.63429
1.62148
1.60031
1.57291
1.54269
1.51413
1.49206
1.48051
1.48192
1.49711
1.52528
1.56392
1.60876
1.65435
1.69521
1.72704
1.74723
1.75488
1.75053
1.73585
1.71357
1.68729
1.6613
1.64003
1.62704
1.62388
1.62961
1.64102
1.65398
1.66482
1.67136
1.67322
1.67138
1.66755
1.66326
1.65937
1.65584
1.65197
1.64675
1.63966
1.63089
1.62094
1.60972
1.59636
1.58022
1.56205
1.54426
1.53011
1.52247
1.52287
1.53115
1.54594
1.56533
1.58743
1.61062
1.6335
1.65485
1.67333
1.68754
1.69606
1.69781
1.6922
1.6792
1.6592
1.63293
1.6014
1.56597
1.52852
1.49159
1.45852
1.43321
1.41927
1.41872
1.43095
1.45242
1.47774
1.50138
1.51922
1.52962
1.53352
1.53364
1.53275
1.53219
1.53134
1.52834
1.52161
1.511
1.49839
1.48725
1.48146
1.48384
1.49527
1.5146
1.53891
1.56416
1.5861
1.60151
1.60955
1.61229
1.6144
1.62118
1.6353
1.65432
1.67216
1.6832
1.68509
1.67857
1.66582
1.64918
1.63073
1.61219
1.59498
1.58007
1.56792
1.5587
1.55251
1.54946
1.54948
1.55219
1.55699
1.56359
1.57241
1.58447
1.60052
1.61994
1.64038
1.65872
1.67254
1.68092
1.68391
1.68156
1.67315
1.65752
1.63425
1.60473
1.57228
1.54123
1.51525
1.49593
1.4831
1.47629
1.47564
1.48135
1.49252
1.50729
1.52423
1.54324
1.56542
1.59178
1.62208
1.65414
1.68401
1.7071
1.71939
1.71853
1.70451
1.67966
1.64817
1.61493
1.58442
1.56003
1.54361
1.53558
1.53517
1.54112
1.55213
1.56722
1.58539
1.60533
1.6252
1.64285
1.65627
1.66386
1.66476
1.65882
1.6466
1.62922
1.6083
1.58602
1.56503
1.54825
1.53845
1.5375
1.54578
1.56187
1.58278
1.60466
1.62378
1.63728
1.64393
1.6441
1.63945
1.63216
1.62387
1.61511
1.60589
1.59688
1.59004
1.58821
1.59377
1.60724
1.62684
1.649
1.66987
1.68641
1.69704
1.7014
1.70001
1.69384
1.68399
1.67156
1.65751
1.64261
1.62744
1.61239
1.59783
1.58439
1.57315
1.56543
1.56231
1.56401
1.56957
1.57706
1.58426
1.58958
1.59252
1.59373
1.59443
1.59562
1.59757
1.59988
1.60218
1.60446
1.60663
1.60797
1.60719
1.60322
1.59613
1.58761
1.58074
1.57889
1.58386
1.59481
1.60873
1.6222
1.63276
1.6393
1.64168
1.6403
1.63571
1.62839
1.61927
1.61014
1.60353
1.60114
1.60205
1.60292
1.60023
1.59251
1.5811
1.5696
1.56224
1.56166
1.56724
1.57547
1.58221
1.58474
1.58215
1.57459
1.56259
1.54701
1.52937
1.51212
1.49884
1.49397
1.50214
1.52638
1.56609
1.61634
1.66955
1.71825
1.75699
1.78267
1.79414
1.79176
1.77713
1.75294
1.7224
1.68878
1.65512
1.62398
1.59703
1.5742
1.55369
1.53368
1.51501
1.50225
1.50027
1.50879
1.52149
1.531
1.53361
1.5303
1.525
1.52139
1.52024
1.5192
1.51501
1.50561
1.49112
1.47342
1.45507
1.4385
1.42548
1.41713
1.41389
1.41549
1.4211
1.42953
1.43951
1.44964
1.45859
1.46545
1.47037
1.47479
1.48114
1.49181
1.50755
1.52644
1.54466
1.5581
1.56413
1.56212
1.55316
1.5392
1.52248
1.50551
1.49122
1.48244
1.48053
1.48466
1.49245
1.5014
1.50944
1.51489
1.51659
1.51406
1.5077
1.4985
1.48719
1.47373
1.45807
1.44247
1.43254
1.43408
1.44754
1.46786
1.48947
1.50957
1.52759
1.54346
1.55665
1.56598
1.56962
1.56573
1.55371
1.53509
1.51359
1.49394
1.48041
1.47564
1.48003
1.49197
1.50871
1.52758
1.54699
1.56678
1.58803
1.61173
1.63722
1.66212
1.68373
1.70053
1.71252
1.7203
1.72449
1.72542
1.72311
1.71743
1.70835
1.69603
1.68093
1.66367
1.64504
1.62588
1.60719
1.59049
1.57765
1.57008
1.5674
1.56727
1.56626
1.5614
1.55182
1.53984
1.53073
1.5306
1.54347
1.56904
1.60304
1.63935
1.67248
1.69892
1.71725
1.72763
1.7313
1.73001
1.72561
1.71965
1.71332
1.70764
1.70361
1.7019
1.70191
1.70131
1.69681
1.68594
1.66836
1.64584
1.62115
1.5967
1.57411
1.55464
1.53968
1.53101
1.53026
1.53788
1.55238
1.57043
1.588
1.60174
1.60974
1.61154
1.60753
1.59835
1.58472
1.56766
1.54856
1.52902
1.51011
1.49167
1.47217
1.44945
1.42214
1.39095
1.35956
1.33432
1.32244
1.32848
1.3515
1.38545
1.42259
1.45701
1.48605
1.5098
1.52994
1.54866
1.56759
1.58725
1.60692
1.62503
1.6398
1.64989
1.65483
1.65516
1.65229
1.64817
1.64488
1.6441
1.64659
1.65175
1.65772
1.66184
1.66108
1.65258
1.63419
1.60508
1.56632
1.52151
1.4769
1.43971
1.4147
1.40181
1.39773
1.39914
1.40449
1.4135
1.42586
1.44034
1.45458
1.46573
1.47149
1.47095
1.46475
1.45479
1.44357
1.4336
1.42674
1.42392
1.42528
1.43037
1.43843
1.4486
1.46054
1.47471
1.49254
1.51608
1.54695
1.58478
1.62615
1.66594
1.69968
1.72497
1.74135
1.74959
1.75111
1.74756
1.74063
1.73184
1.72235
1.71296
1.70427
1.69689
1.69159
1.68917
1.69017
1.69471
1.70226
1.71162
1.72096
1.72809
1.73093
1.7279
1.71834
1.70272
1.68255
1.66006
1.63784
1.61836
1.60326
1.59275
1.58524
1.57794
1.56813
1.55448
1.53748
1.51878
1.50004
1.48218
1.4654
1.45001
1.43724
1.42938
1.42914
1.43832
1.45663
1.48115
1.50691
1.52829
1.54059
1.54156
1.532
1.51572
1.4983
1.48539
1.48111
1.48733
1.50383
1.52886
1.55979
1.59344
1.62654
1.65606
1.67946
1.69471
1.70022
1.69482
1.67803
1.65041
1.61395
1.57215
1.52984
1.49256
1.46535
1.45132
1.45057
1.46024
1.4757
1.49224
1.50634
1.5163
1.52214
1.52535
1.52848
1.53451
1.54568
1.56217
1.58139
1.59926
1.61246
1.61982
1.62207
1.6209
1.61791
1.61396
1.60914
1.6032
1.59642
1.58991
1.58495
1.58183
1.57914
1.57469
1.56698
1.55624
1.5443
1.53382
1.5274
1.52685
1.53284
1.54476
1.56084
1.57866
1.59593
1.61087
1.62246
1.63036
1.6347
1.63583
1.63414
1.63001
1.62426
1.61855
1.61511
1.6157
1.62045
1.62793
1.63625
1.644
1.65018
1.65382
1.65377
1.64913
1.6404
1.63006
1.62208
1.61995
1.62455
1.63345
1.642
1.64582
1.64283
1.63416
1.62339
1.61468
1.61072
1.6116
1.61491
1.61689
1.6138
1.60344
1.58638
1.56651
1.54929
1.53836
1.53368
1.53353
1.53634
1.54052
1.54392
1.54467
1.54252
1.53885
1.5354
1.53317
1.53214
1.53147
1.52987
1.5259
1.51847
1.50751
1.49438
1.48185
1.47328
1.47145
1.47789
1.49261
1.51438
1.5411
1.56997
1.59784
1.62164
1.6389
1.64808
1.64871
1.64147
1.62824
1.61226
1.59785
1.58935
1.58923
1.5967
1.60795
1.61789
1.622
1.61725
1.60203
1.57613
1.54113
1.50166
1.46621
1.44447
1.44124
1.45297
1.47136
1.48941
1.50411
1.51545
1.52446
1.53178
1.53703
1.53894
1.53607
1.52787
1.51563
1.50248
1.49242
1.48879
1.49325
1.50567
1.52441
1.54677
1.56962
1.59049
1.608
1.6218
1.63193
1.63855
1.6419
1.64238
1.64063
1.63741
1.63325
1.62837
1.62282
1.61684
1.6113
1.6076
1.60706
1.61012
1.61608
1.62358
1.63121
1.63786
1.64256
1.64439
1.64235
1.63564
1.62411
1.6088
1.59175
1.57542
1.56153
1.55023
1.54012
1.5293
1.51654
1.50203
1.48753
1.47603
1.47064
1.47259
1.47981
1.48792
1.49284
1.49302
1.48964
1.48552
1.48383
1.4875
1.49865
1.51759
1.54245
1.57037
1.59963
1.6301
1.66142
1.69121
1.71541
1.73034
1.7338
1.72517
1.70495
1.67472
1.63727
1.59673
1.55819
1.52696
1.50754
1.50277
1.51325
1.53729
1.57131
1.6105
1.64964
1.68382
1.70903
1.7226
1.72374
1.71409
1.69792
1.68097
1.66817
1.66179
1.66164
1.66658
1.67566
1.68824
1.70362
1.72064
1.73762
1.75269
1.76419
1.77085
1.77191
1.76714
1.75684
1.74182
1.72313
1.70185
1.67891
1.65527
1.63237
1.61252
1.59883
1.59406
1.59929
1.61318
1.63271
1.65441
1.6756
1.69484
1.71166
1.72607
1.73811
1.74774
1.75486
1.75926
1.76069
1.75888
1.75382
1.74609
1.737
1.72829
1.72161
1.71795
1.71727
1.71839
1.71958
1.71924
1.71637
1.71058
1.7018
1.69015
1.67618
1.66102
1.64653
1.63535
1.63041
1.63424
1.64793
1.67034
1.69796
1.72558
1.74751
1.75883
1.75637
1.73937
1.70967
1.67147
1.63063
1.59347
1.5653
1.54918
1.54538
1.55172
1.56429
1.57872
1.59143
1.60066
1.60681
1.61187
1.61842
1.62861
1.64346
1.6625
1.68382
1.70452
1.72164
1.73292
1.73712
1.73402
1.7242
1.70887
1.68957
1.668
1.64575
1.62414
1.60448
1.58818
1.57673
1.57111
1.57142
1.57678
1.58583
1.59697
1.60843
1.61829
1.62498
1.62781
1.62718
1.62454
1.62164
1.61985
1.61957
1.62008
1.61959
1.61575
1.60624
1.58972
1.56677
1.54021
1.51482
1.49595
1.4878
1.49196
1.50688
1.52861
1.55226
1.57342
1.58902
1.59736
1.59807
1.59173
1.57997
1.56559
1.55203
1.54235
1.53792
1.53847
1.54311
1.55116
1.56225
1.57598
1.59165
1.60843
1.62546
1.6418
1.65624
1.66748
1.67469
1.67802
1.67848
1.67732
1.67536
1.67264
1.66847
1.6625
1.65601
1.65157
1.65111
1.65431
1.65926
1.66397
1.66719
1.66835
1.66721
1.66357
1.65716
1.6476
1.63447
1.61743
1.59666
1.57306
1.54843
1.52522
1.50609
1.49321
1.48776
1.48962
1.4977
1.51067
1.52734
1.54667
1.5672
1.58673
1.60241
1.61144
1.61179
1.6029
1.58586
1.56358
1.54018
1.52015
1.50711
1.50299
1.50757
1.5187
1.53315
1.54787
1.56105
1.57235
1.58209
1.59019
1.59584
1.59832
1.59761
1.59394
1.58704
1.57604
1.56073
1.54283
1.52597
1.51441
1.51145
1.51864
1.53572
1.56086
1.59107
1.62284
1.65271
1.67776
1.69584
1.70573
1.70713
1.70078
1.68846
1.67282
1.65673
1.64258
1.63147
1.62339
1.61779
1.61419
1.61237
1.61216
1.6132
1.61473
1.61574
1.61549
1.61397
1.61185
1.61013
1.60957
1.61046
1.61252
1.6148
1.61583
1.61385
1.60738
1.5958
1.57982
1.56155
1.54397
1.52978
1.52023
1.51466
1.5113
1.50879
1.50717
1.50772
1.51198
1.52055
1.53291
1.54803
1.5648
1.58212
1.59856
1.61249
1.62282
1.62967
1.63398
1.63621
1.63559
1.63017
1.61804
1.59843
1.57258
1.54401
1.51806
1.50056
1.49547
1.50303
1.51971
1.54011
1.55944
1.57476
1.58511
1.59101
1.59397
1.59593
1.59851
1.60258
1.60825
1.61513
1.62261
1.62993
1.63615
1.64002
1.64014
1.63536
1.62555
1.61202
1.59748
1.58528
1.57804
1.57624
1.57817
1.58141
1.58447
1.58701
1.58893
1.58939
1.58702
1.58125
1.57313
1.56527
1.56049
1.56057
1.56553
1.57401
1.58413
1.59405
1.60237
1.60826
1.61152
1.61249
1.61192
1.61063
1.6092
1.60775
1.60584
1.60254
1.59679
1.588
1.5767
1.56468
1.55433
1.5473
1.54354
1.54151
1.53939
1.53638
1.53311
1.53124
1.53253
1.53806
1.54778
1.56048
1.57444
1.58788
1.59929
1.6073
1.61081
1.6089
1.60098
1.58695
1.56737
1.54342
1.51689
1.49007
1.46554
1.4459
1.43343
1.42974
1.4356
1.45075
1.47377
1.50223
1.53311
1.56342
1.59068
1.61304
1.62935
1.63924
1.64325
1.64288
1.64032
1.63787
1.63728
1.63924
1.64319
1.64763
1.6506
1.65026
1.64556
1.63666
1.62489
1.61236
1.60124
1.5929
1.58723
1.58284
1.57773
1.57047
1.56089
1.55004
1.53965
1.53122
1.52556
1.5228
1.52275
1.52512
1.52956
1.53565
1.5429
1.55047
1.5568
1.55973
1.55755
1.55024
1.53958
1.52846
1.51974
1.51534
1.51591
1.5208
1.5285
1.537
1.5444
1.54922
1.55059
1.54834
1.54305
1.53587
1.52835
1.52222
1.5191
1.52017
1.52584
1.5356
1.54826
1.56208
1.575
1.58489
1.58986
1.58878
1.58153
1.56915
1.55366
1.53773
1.52416
1.51549
1.51333
1.51781
1.52761
1.54047
1.55408
1.56662
1.57701
1.58491
1.59048
1.59408
1.59593
1.59615
1.59493
1.59266
1.58977
1.58651
1.58296
1.57913
1.57522
1.57155
1.56815
1.56449
1.55953
1.55215
1.54177
1.5289
1.51541
1.50418
1.49835
1.50008
1.50974
1.52577
1.54564
1.56684
1.58776
1.60777
1.62691
1.64516
1.66194
1.6759
1.68532
1.68889
1.68627
1.67838
1.66748
1.65634
1.6466
1.63758
1.6269
1.61257
1.59464
1.57533
1.55812
1.54656
1.54285
1.54691
1.55648
1.56791
1.57734
1.58155
1.57866
1.56863
1.55302
1.53423
1.5148
1.49745
1.48589
1.48465
1.49735
1.52424
1.56134
1.60243
1.64187
1.67596
1.70263
1.72077
1.72979
1.72958
1.72056
1.70376
1.6809
1.6543
1.62659
1.60014
1.57658
1.5567
1.54087
1.52963
1.52438
1.52768
1.54197
1.56704
1.59813
1.62752
1.64797
1.65514
1.64805
1.62863
1.60096
1.57033
1.54197
1.51998
1.50662
1.5024
1.50632
1.51629
1.5297
1.54414
1.558
1.57073
1.58253
1.594
1.60558
1.61733
1.62879
1.63905
1.64673
1.65024
1.64799
1.63873
1.62179
1.59757
1.56818
1.53826
1.51474
1.50434
1.50899
1.52423
1.54228
1.55624
1.56228
1.56013
1.55243
1.5433
1.5366
1.53449
1.53713
1.54344
1.55218
1.5624
1.57331
1.58407
1.59381
1.60202
1.60861
1.61393
1.61864
1.62372
1.63044
1.63998
1.65275
1.66782
1.68306
1.69607
1.70508
1.70945
1.70965
1.70672
1.70147
1.69394
1.68362
1.67035
1.65541
1.64191
1.6341
1.63555
1.64701
1.66572
1.68682
1.7055
1.71835
1.72378
1.72169
1.71296
1.69887
1.68069
1.65951
1.63664
1.61393
1.59397
1.57942
1.57176
1.57049
1.57377
1.57991
1.58806
1.59787
1.60869
1.61907
1.6262
1.62659
1.61749
1.59841
1.57161
1.54144
1.5132
1.49175
1.48052
1.48091
1.49233
1.5126
1.53857
1.5669
1.59455
1.61895
1.63803
1.65023
1.65471
1.6515
1.64165
1.62729
1.61129
1.59681
1.58644
1.58119
1.58027
1.58212
1.58588
1.59193
1.60128
1.61454
1.63115
1.64953
1.66761
1.68373
1.69708
1.70755
1.71502
1.71873
1.71742
1.71017
1.69732
1.68069
1.6632
1.64784
1.63661
1.63007
1.62765
1.62847
1.63196
1.6379
1.646
1.65552
1.66528
1.67382
1.6796
1.68111
1.67685
1.66563
1.64694
1.62136
1.5904
1.55607
1.52073
1.48748
1.46057
1.44438
1.44077
1.44773
1.46124
1.47826
1.49795
1.52079
1.54686
1.57502
1.60344
1.63076
1.65648
1.68037
1.70174
1.71942
1.73197
1.73803
1.73669
1.72763
1.71117
1.68823
1.66021
1.62898
1.59698
1.56734
1.5434
1.52785
1.52169
1.52394
1.53223
1.54389
1.55697
1.57072
1.58532
1.60124
1.61842
1.63587
1.65172
1.6637
1.66989
1.66943
1.66283
1.65194
1.63917
1.6262
1.61302
1.59805
1.57946
1.55685
1.53224
1.50993
1.49508
1.49191
1.50221
1.52528
1.55875
1.59941
1.64339
1.6861
1.72269
1.7494
1.76461
1.76902
1.76484
1.75463
1.74016
1.7222
1.70096
1.67702
1.65222
1.62969
1.61297
1.60442
1.60416
1.61053
1.62146
1.63544
1.65168
1.66949
1.68771
1.70451
1.71763
1.72494
1.72478
1.71639
1.70012
1.67764
1.65175
1.62591
1.60339
1.58653
1.57635
1.57253
1.57391
1.57889
1.58606
1.59446
1.60386
1.61458
1.62696
1.64072
1.65452
1.66584
1.67155
1.66911
1.65817
1.64174
1.62611
1.61829
1.62223
1.63667
1.65647
1.67571
1.68989
1.6965
1.69489
1.68617
1.67276
1.65787
1.64463
1.63521
1.63026
1.62903
1.62991
1.63124
1.63209
1.6325
1.63313
1.63475
1.63788
1.64291
1.65018
1.65974
1.67088
1.68202
1.69117
1.69662
1.69756
1.69417
1.6873
1.67806
1.6674
1.65615
1.64487
1.63351
1.62108
1.60603
1.58739
1.56567
1.5433
1.52406
1.51182
1.50864
1.51398
1.52513
1.53894
1.55337
1.56795
1.58334
1.60047
1.61974
1.64095
1.66328
1.68562
1.70688
1.7263
1.74341
1.75793
1.76953
1.77759
1.7809
1.77759
1.76548
1.74278
1.70932
1.66741
1.62174
1.57784
1.54038
1.51224
1.49461
1.48704
1.48783
1.4953
1.50895
1.52965
1.55802
1.59262
1.62941
1.66283
1.68777
1.70095
1.7016
1.69161
1.67505
1.65717
1.64274
1.63472
1.63386
1.63923
1.64922
1.66215
1.67663
1.69167
1.70666
1.72121
1.73505
1.74788
1.75938
1.76916
1.77692
1.78246
1.78541
1.78502
1.77996
1.76865
1.74999
1.72442
1.69448
1.66455
1.63889
1.61916
1.60386
1.59049
1.57784
1.56654
1.55798
1.55313
1.55207
1.5539
1.55686
1.55881
1.55786
1.55318
1.54539
1.53633
1.52859
1.52512
1.5286
1.53999
1.55734
1.57666
1.59386
1.60626
1.61277
1.61343
1.60887
1.59975
1.58648
1.56922
1.54846
1.52591
1.50519
1.49193
1.49231
1.5098
1.54239
1.58342
1.62536
1.66285
1.69333
1.71604
1.73127
1.73974
1.74228
1.73982
1.73348
1.72469
1.71484
1.70495
1.69542
1.68615
1.67685
1.66728
1.65753
1.64803
1.63981
1.63434
1.63298
1.63594
1.64142
1.64619
1.64689
1.64129
1.62885
1.61052
1.58846
1.56538
1.54396
1.52623
1.51317
1.50479
1.5004
1.49894
1.49923
1.50006
1.50022
1.49869
1.49505
1.49003
1.48567
1.48387
1.48414
1.48303
1.47679
1.46492
1.45133
1.44273
1.44534
1.46136
1.48776
1.51802
1.54536
1.56533
1.5768
1.5816
1.58301
1.58372
1.58461
1.58503
1.58406
1.58173
1.57909
1.57789
1.57963
1.58454
1.5914
1.5978
1.60116
1.59963
1.5927
1.58128
1.56757
1.55467
1.54602
1.5443
1.55057
1.5639
1.58195
1.60172
1.62006
1.63399
1.64122
1.64056
1.63216
1.61726
1.59776
1.57565
1.55273
1.53066
1.51209
1.50194
1.5064
1.52861
1.56536
1.60906
1.65191
1.68795
1.71334
1.72632
1.72709
1.71748
1.70027
1.67873
1.65602
1.63475
1.61655
1.60176
1.58988
1.58023
1.57269
1.56785
1.56669
1.57037
1.57981
1.5954
1.61642
1.64073
1.66502
1.68546
1.69853
1.70195
1.69496
1.67848
1.65479
1.62738
1.60054
1.5786
1.56477
1.56004
1.56304
1.57062
1.57907
1.58533
1.58812
1.58866
1.58952
1.5923
1.59644
1.60059
1.60462
1.6099
1.61803
1.62923
1.64195
1.65364
1.6622
1.66681
1.66755
1.66436
1.65675
1.64435
1.62755
1.60753
1.58603
1.56498
1.54614
1.53078
1.51945
1.51183
1.50668
1.50221
1.49743
1.49338
1.49306
1.49931
1.51233
1.52927
1.54579
1.5579
1.56314
1.56115
1.55384
1.54478
1.53797
1.53603
1.53925
1.54602
1.55423
1.56232
1.56961
1.57592
1.58119
1.5853
1.58826
1.59023
1.59133
1.5914
1.59007
1.58717
1.58301
1.57848
1.57461
1.5723
1.57242
1.57594
1.58368
1.59553
1.60993
1.62405
1.63469
1.63899
1.63496
1.62185
1.60067
1.57464
1.54894
1.52894
1.51738
1.5131
1.51258
1.51249
1.51091
1.5073
1.50216
1.49689
1.49342
1.49362
1.49872
1.50885
1.52293
1.53888
1.55423
1.56709
1.57675
1.58372
1.58921
1.59453
1.6005
1.60722
1.61396
1.61933
1.6215
1.61838
1.60785
1.5881
1.55865
1.52158
1.48249
1.44956
1.42987
1.42527
1.43176
1.44282
1.45291
1.45871
1.4591
1.45455
1.44666
1.43756
1.4297
1.42588
1.42907
1.44156
1.46312
1.49005
1.51637
1.53653
1.54764
1.54997
1.54627
1.54055
1.53673
1.53759
1.54428
1.55642
1.57249
1.59045
1.60832
1.6244
1.6376
1.64774
1.65558
1.66251
1.66961
1.67688
1.68306
1.68637
1.6855
1.68002
1.67034
1.65733
1.64195
1.62489
1.60635
1.58621
1.56468
1.54284
1.52251
1.50561
1.49366
1.4875
1.48731
1.49264
1.50269
1.5167
1.53427
1.55531
1.57973
1.60711
1.63657
1.66686
1.69628
1.72279
1.74393
1.75715
1.76052
1.75349
1.73743
1.71559
1.69254
1.67286
1.66017
1.65626
1.66078
1.67161
1.68537
1.69833
1.70738
1.71078
1.70832
1.70102
1.69031
1.6773
1.66257
1.64656
1.63031
1.61576
1.60553
1.60194
1.60612
1.61768
1.63493
1.65549
1.67672
1.69601
1.71102
1.71998
1.72201
1.71732
1.70713
1.69338
1.67853
1.66521
1.65578
1.65162
1.65239
1.65609
1.66017
1.66295
1.66418
1.6647
1.66555
1.66728
1.66968
1.67189
1.67265
1.67048
1.66386
1.65144
1.63247
1.60748
1.57927
1.55332
1.53637
1.5331
1.54302
1.56052
1.578
1.58957
1.59295
1.58918
1.58143
1.57364
1.56939
1.5711
1.57936
1.59306
1.60981
1.6269
1.6421
1.65414
1.66269
1.66808
1.67105
1.67237
1.67275
1.6728
1.6728
1.67228
1.66957
1.66221
1.64812
1.62678
1.60005
1.57179
1.54651
1.52775
1.51744
1.51614
1.52356
1.53872
1.55997
1.58487
1.61044
1.63343
1.6509
1.66094
1.66298
1.65785
1.64731
1.63338
1.61777
1.60137
1.58412
1.56515
1.54347
1.51865
1.49159
1.46493
1.44293
1.43033
1.43001
1.4414
1.46081
1.48359
1.50573
1.5244
1.53757
1.54396
1.54338
1.53721
1.52827
1.51969
1.51329
1.5086
1.50369
1.49741
1.49123
1.48892
1.49407
1.50745
1.52653
1.5473
1.56672
1.58378
1.59922
1.61426
1.62944
1.64421
1.6573
1.66768
1.67514
1.68033
1.68402
1.68653
1.68749
1.68607
1.68167
1.67446
1.66547
1.65624
1.64809
1.64157
1.6364
1.6318
1.627
1.62167
1.61599
1.61062
1.60642
1.60428
1.60491
1.60877
1.61594
1.62597
1.63771
1.64937
1.65876
1.66376
1.66306
1.6569
1.6474
1.63804
1.63208
1.63077
1.63274
1.63488
1.63401
1.62805
1.61673
1.60156
1.58527
1.57092
1.56101
1.55696
1.55895
1.56614
1.57695
1.58928
1.60084
1.60936
1.61283
1.60978
1.59959
1.58278
1.56098
1.53675
1.51322
1.49374
1.48155
1.47934
1.48862
1.50921
1.53918
1.57533
1.61376
1.65011
1.67983
1.69883
1.70443
1.69633
1.67725
1.65287
1.63106
1.61971
1.62378
1.6429
1.67168
1.70239
1.72808
1.74417
1.74874
1.74181
1.72478
1.69978
1.66959
1.63795
1.60954
1.58921
1.58013
1.58238
1.59336
1.6092
1.62617
1.64138
1.65303
1.6606
1.66465
1.66648
1.66734
1.66781
1.6673
1.66386
1.65459
1.63646
1.60731
1.56706
1.51872
1.46863
1.42559
1.39842
1.39289
1.40958
1.4439
1.48835
1.53534
1.57906
1.61594
1.64421
1.66352
1.67475
1.67991
1.68174
1.68223
1.68157
1.67806
1.66951
1.65468
1.63389
1.60884
1.58242
1.5581
1.53883
1.52637
1.52102
1.52197
1.52779
1.53694
1.54789
1.55915
1.56927
1.57696
1.58144
1.5826
1.58089
1.57681
1.57065
1.5629
1.55484
1.54897
1.54835
1.55538
1.57077
1.5936
1.62186
1.65308
1.68453
1.71344
1.73719
1.75355
1.76119
1.76004
1.75158
1.7385
1.724
1.71068
1.70016
1.69306
1.68951
1.6895
1.69278
1.69868
1.70614
1.71374
1.72016
1.72439
1.726
1.72504
1.72165
1.71601
1.70825
1.69865
1.68773
1.67614
1.66429
1.65226
1.64018
1.62842
1.61748
1.60744
1.59771
1.5876
1.57691
1.566
1.55541
1.54536
1.53572
1.52639
1.51781
1.5114
1.5093
1.51369
1.52553
1.54352
1.56423
1.58321
1.5964
1.60124
1.59729
1.58636
1.57209
1.55849
1.5481
1.54072
1.53387
1.5247
1.51203
1.49728
1.48403
1.4764
1.47691
1.48519
1.49835
1.51279
1.52589
1.53655
1.54486
1.55157
1.55773
1.56442
1.57254
1.5826
1.59468
1.60852
1.62365
1.63967
1.65627
1.67317
1.68977
1.70485
1.71668
1.72357
1.72476
1.72085
1.71362
1.70522
1.69723
1.68994
1.68233
1.67267
1.65946
1.64214
1.62152
1.59962
1.57917
1.56262
1.55129
1.54526
1.5438
1.54546
1.54805
1.54919
1.54765
1.54427
1.54145
1.54176
1.54628
1.55404
1.56233
1.56794
1.56846
1.56327
1.55355
1.54148
1.52937
1.51897
1.5112
1.50621
1.50391
1.50436
1.50813
1.51589
1.52785
1.54321
1.56018
1.57664
1.59075
1.60138
1.60802
1.6108
1.61019
1.60693
1.60175
1.59535
1.58817
1.58063
1.573
1.56548
1.558
1.55028
1.54179
1.53209
1.52123
1.51005
1.50026
1.49401
1.49267
1.49547
1.49968
1.50286
1.5051
1.50905
1.51806
1.53396
1.5559
1.58063
1.60391
1.62215
1.63358
1.63858
1.6391
1.63777
1.63691
1.63792
1.64124
1.64653
1.65309
1.66014
1.66677
1.67196
1.67449
1.67317
1.66709
1.65593
1.63997
1.62036
1.5994
1.58075
1.56868
1.56592
1.57135
1.5803
1.58724
1.58824
1.58182
1.56844
1.54991
1.52862
1.50691
1.48659
1.46892
1.45481
1.44507
1.44069
1.44266
1.45166
1.46762
1.48951
1.51536
1.54265
1.56908
1.59306
1.61378
1.63102
1.64473
1.65467
1.66021
1.66045
1.65443
1.64167
1.62284
1.60021
1.5778
1.56055
1.55279
1.55653
1.5706
1.5911
1.6128
1.63065
1.64081
1.64099
1.63053
1.61033
1.58284
1.55201
1.52304
1.50155
1.49199
1.49607
1.51241
1.53764
1.56786
1.59957
1.62971
1.65578
1.67597
1.68935
1.69598
1.69675
1.69304
1.68624
1.67752
1.66794
1.6585
1.64993
1.64232
1.63493
1.62646
1.61566
1.60175
1.58451
1.56441
1.54261
1.52096
1.50177
1.48707
1.47801
1.47457
1.47566
1.47972
1.48537
1.49163
1.49771
1.50257
1.50501
1.50419
1.50039
1.49521
1.49105
1.48999
1.49291
1.49958
1.50933
1.52172
1.53646
1.5531
1.57078
1.58844
1.60508
1.6199
1.6322
1.64145
1.64729
1.64956
1.64828
1.64348
1.63526
1.62426
1.61207
1.60106
1.59341
1.58985
1.58933
1.58974
1.58913
1.58659
1.58251
1.57808
1.57461
1.5729
1.573
1.57453
1.57702
1.58015
1.58383
1.58809
1.593
1.59862
1.60522
1.61337
1.62381
1.63718
1.65371
1.67289
1.69356
1.71408
1.73261
1.74707
1.75529
1.7553
1.74604
1.72814
1.70394
1.67693
1.65059
1.62744
1.60881
1.59506
1.5858
1.5797
1.5744
1.56704
1.55535
1.53846
1.51724
1.49441
1.47414
1.46108
1.45866
1.4676
1.48576
1.50953
1.53558
1.56187
1.58758
1.61221
1.63484
1.654
1.66823
1.67663
1.67908
1.67628
1.66953
1.66051
1.65116
1.64335
1.6386
1.63755
1.63959
1.64294
1.64507
1.64348
1.6364
1.62342
1.60563
1.58538
1.56553
1.54882
1.53741
1.53289
1.53629
1.54781
1.56619
1.58886
1.61292
1.63618
1.65717
1.67493
1.68863
1.69757
1.70108
1.69867
1.6903
1.67665
1.659
1.63886
1.61751
1.59608
1.57631
1.56083
1.55246
1.5527
1.56068
1.57344
1.58744
1.60004
1.61014
1.61768
1.6228
1.6256
1.62637
1.62604
1.62638
1.62951
1.63706
1.64939
1.66551
1.68366
1.70198
1.71883
1.73291
1.74323
1.74907
1.75013
1.74661
1.73933
1.72964
1.71903
1.70838
1.69752
1.68559
1.67199
1.657
1.64184
1.62806
1.61694
1.60879
1.60281
1.59746
1.59111
1.58306
1.57422
1.56723
1.56537
1.57059
1.58204
1.59667
1.61113
1.62316
1.63192
1.6376
1.64079
1.64207
1.64191
1.64073
1.63902
1.63738
1.63644
1.63673
1.63859
1.64211
1.64728
1.6539
1.66129
1.66816
1.67272
1.67339
1.66915
1.65988
1.64613
1.62891
1.60965
1.59018
1.57245
1.5582
1.5485
1.54361
1.5432
1.54675
1.55408
1.5657
1.58195
1.60138
1.62033
1.63465
1.64189
1.64209
1.63704
1.62923
1.62094
1.61357
1.60736
1.60179
1.59612
1.58996
1.58333
1.57655
1.57022
1.56513
1.56216
1.56203
1.56497
1.57071
1.5786
1.58793
1.59793
1.60783
1.61689
1.62446
1.63005
1.63339
1.6345
1.63366
1.63126
1.62781
1.62398
1.62055
1.61837
1.61835
1.62124
1.62728
1.63574
1.64487
1.65216
1.65511
1.65189
1.64189
1.62596
1.60709
1.59045
1.58196
1.58483
1.59708
1.61288
1.62616
1.63288
1.63158
1.62284
1.60877
1.59239
1.57703
1.56563
1.56005
1.56052
1.56553
1.5723
1.57749
1.57808
1.57212
1.55928
1.54089
1.51938
1.49745
1.47758
1.46206
1.453
1.45197
1.45935
1.47387
1.49271
1.51256
1.53071
1.54575
1.55733
1.56567
1.57096
1.57317
1.57214
1.56796
1.56133
1.55378
1.54732
1.54379
1.544
1.54748
1.55276
1.55779
1.56037
1.55874
1.55224
1.5419
1.53024
1.5204
1.51471
1.51353
1.51578
1.5204
1.52704
1.53571
1.54611
1.55751
1.56909
1.58028
1.59113
1.60245
1.61558
1.63136
1.64894
1.66563
1.67807
1.68361
1.68078
1.66922
1.6496
1.62379
1.59499
1.56727
1.54441
1.52864
1.51997
1.51655
1.51568
1.51491
1.51257
1.50777
1.50015
1.48976
1.47708
1.46332
1.45046
1.44112
1.43785
1.44259
1.45642
1.47917
1.50919
1.54348
1.57817
1.60938
1.63402
1.65021
1.65749
1.65681
1.65029
1.64082
1.6315
1.62489
1.62217
1.62269
1.62461
1.62603
1.62589
1.62427
1.62191
1.61946
1.61688
1.61341
1.60812
1.60074
1.59191
1.58261
1.57317
1.56303
1.55139
1.53828
1.52511
1.51419
1.50768
1.50669
1.5108
1.51824
1.5265
1.53338
1.53794
1.54101
1.54472
1.55134
1.56204
1.57645
1.59329
1.61133
1.63015
1.65006
1.67116
1.69185
1.70865
1.71776
1.71709
1.70701
1.68979
1.66828
1.64491
1.62127
1.59832
1.57701
1.55871
1.54521
1.53825
1.53887
1.54689
1.56083
1.57828
1.5963
1.61198
1.62285
1.62723
1.62461
1.61585
1.60306
1.58908
1.57653
1.56683
1.56
1.55512
1.55122
1.54794
1.54563
1.54514
1.54723
1.55208
1.55915
1.56728
1.57488
1.58029
1.58197
1.57883
1.57049
1.55755
1.54164
1.52557
1.51281
1.5063
1.50675
1.51231
1.51976
1.52581
1.52766
1.52341
1.51321
1.49972
1.4873
1.47964
1.47781
1.48019
1.48411
1.48755
1.48987
1.49177
1.49467
1.50008
1.50933
1.52337
1.54251
1.56594
1.59159
1.61654
1.63785
1.65344
1.66261
1.66592
1.66463
1.65992
1.6524
1.64224
1.62941
1.61407
1.59678
1.57884
1.56234
1.54944
1.54106
1.53591
1.53148
1.52636
1.52186
1.5212
1.52677
1.53807
1.55216
1.56546
1.57491
1.57814
1.57382
1.56205
1.54438
1.52321
1.50147
1.48264
1.47018
1.46608
1.46978
1.47836
1.48784
1.4949
1.49796
1.49732
1.49449
1.49126
1.48916
1.48962
1.49438
1.50493
1.52103
1.53987
1.55699
1.56834
1.57189
1.56794
1.55867
1.54716
1.53644
1.52892
1.52632
1.52997
1.54076
1.5586
1.5818
1.60694
1.62962
1.64603
1.65416
1.65425
1.64826
1.63873
1.62784
1.61667
1.60516
1.59275
1.5792
1.56533
1.55273
1.54298
1.53662
1.53287
1.53029
1.52767
1.52464
1.52165
1.5194
1.51836
1.51839
1.5188
1.51853
1.51661
1.51256
1.50686
1.50104
1.49697
1.49555
1.49592
1.49618
1.49479
1.49155
1.48776
1.48584
1.48877
1.49921
1.51832
1.54492
1.57562
1.60603
1.63202
1.65061
1.66027
1.66094
1.65375
1.64069
1.62416
1.60655
1.58998
1.57612
1.56602
1.56008
1.55817
1.55982
1.56427
1.57048
1.57723
1.58345
1.58856
1.59265
1.59636
1.60041
1.60527
1.61076
1.61601
1.61971
1.6208
1.61909
1.61538
1.61138
1.60912
1.61019
1.61505
1.6227
1.63097
1.63738
1.63987
1.63729
1.62962
1.61788
1.60398
1.59039
1.5796
1.57344
1.57274
1.57722
1.58567
1.59654
1.60836
1.61987
1.63
1.6379
1.64284
1.64437
1.6421
1.63566
1.62452
1.60806
1.58581
1.55772
1.52471
1.48891
1.45405
1.42498
1.4065
1.40162
1.41009
1.42844
1.45161
1.47457
1.49351
1.50619
1.51203
1.5118
1.50723
1.50031
1.4926
1.48501
1.47801
1.47195
1.46717
1.46411
1.46346
1.46637
1.47429
1.48815
1.50721
1.5286
1.54831
1.56281
1.5703
1.57107
1.56712
1.5614
1.55685
1.55534
1.55719
1.56137
1.5663
1.57074
1.57459
1.57902
1.58609
1.59755
1.61351
1.63179
1.64856
1.65977
1.66247
1.65544
1.63897
1.61439
1.58361
1.54917
1.51454
1.48417
1.46287
1.45413
1.45851
1.47352
1.49523
1.52028
1.54673
1.57382
1.60114
1.62776
1.65166
1.67016
1.68074
1.68219
1.67545
1.66365
1.65123
1.64199
1.63765
1.63786
1.64113
1.64588
1.65075
1.65449
1.65602
1.65462
1.65014
1.64286
1.63313
1.62112
1.60676
1.59003
1.57125
1.55113
1.53049
1.50985
1.48936
1.46899
1.44895
1.42999
1.41344
1.40098
1.39426
1.39436
1.4018
1.41657
1.43831
1.46603
1.49791
1.53116
1.56245
1.58867
1.60746
1.61752
1.61852
1.61088
1.59568
1.57439
1.54871
1.52075
1.49329
1.47019
1.45592
1.45399
1.46525
1.48743
1.51634
1.54772
1.57837
1.60627
1.6302
1.64932
1.66301
1.6709
1.67311
1.67017
1.66285
1.65172
1.63685
1.61823
1.59647
1.57336
1.55167
1.53435
1.52357
1.52031
1.52455
1.53564
1.55245
1.57326
1.59573
1.6172
1.63489
1.64616
1.6488
1.64169
1.62547
1.60296
1.57841
1.55595
1.53838
1.5269
1.5215
1.52126
1.52469
1.53021
1.53666
1.54328
1.54953
1.55473
1.55812
1.559
1.55699
1.5522
1.54535
1.53765
1.53073
1.5264
1.52649
1.53243
1.54443
1.56039
1.5756
1.58425
1.58199
1.56763
1.54356
1.515
1.48869
1.47111
1.46694
1.47843
1.50516
1.54413
1.59022
1.6374
1.68022
1.71484
1.73922
1.75275
1.75579
1.74935
1.73516
1.71578
1.69471
1.67597
1.66284
1.65626
1.65418
1.65255
1.64775
1.6382
1.62464
1.6094
1.59495
1.58265
1.57256
1.56403
1.5559
1.5465
1.53395
1.51742
1.49812
1.4792
1.46427
1.45546
1.4524
1.45251
1.4526
1.45061
1.44697
1.44449
1.44684
1.45608
1.47118
1.48874
1.50499
1.51758
1.52588
1.53065
1.53314
1.53454
1.53585
1.5379
1.54131
1.54635
1.55281
1.56012
1.56762
1.57476
1.58108
1.58623
1.59008
1.59289
1.59515
1.59709
1.59809
1.59677
1.59149
1.58105
1.56508
1.54429
1.52052
1.49659
1.47581
1.46112
1.45405
1.45437
1.46087
1.47248
1.48836
1.50704
1.52623
1.54389
1.55934
1.57337
1.58703
1.60073
1.61389
1.62525
1.63347
1.63771
1.63786
1.63452
1.62886
1.62263
1.61799
1.61727
1.62246
1.63481
1.65436
1.67967
1.70758
1.73365
1.75329
1.76278
1.75999
1.7445
1.71754
1.6817
1.64029
1.59659
1.55344
1.51334
1.47885
1.4531
1.4398
1.44242
1.4621
1.4958
1.53683
1.57786
1.614
1.64376
1.66846
1.69075
1.71311
1.73662
1.76046
1.78242
1.79986
1.81083
1.81438
1.81043
1.79939
1.78164
1.75747
1.72721
1.69156
1.65193
1.61059
1.5705
1.53528
1.50878
1.49426
1.49317
1.50421
1.52338
1.54515
1.56417
1.57652
1.58031
1.57559
1.56431
1.5502
1.53813
1.53216
1.53361
1.54079
1.55075
1.56113
1.57073
1.57938
1.58768
1.59687
1.6085
1.62363
1.64213
1.66263
1.68328
1.70228
1.71795
1.72869
1.73307
1.73029
1.72066
1.70572
1.68762
1.66864
1.65083
1.63635
1.62761
1.62677
1.6344
1.64877
1.66639
1.68356
1.69762
1.70724
1.71211
1.7123
1.70796
1.69925
1.68651
1.67043
1.65228
1.63395
1.61774
1.60592
1.59981
1.59923
1.60265
1.60844
1.61658
1.62898
1.64734
1.66996
1.69163
1.70683
1.71285
1.7105
1.70288
1.69352
1.68465
1.67661
1.66835
1.65864
1.64689
1.63333
1.61843
1.60178
1.5817
1.55765
1.53647
1.53458
1.56246
1.60771
1.64785
1.67099
1.67732
1.67174
1.65909
1.64236
1.62274
1.60065
1.57684
1.55326
1.5332
1.52017
1.51639
1.52181
1.53461
1.55265
1.57437
1.59866
1.62418
1.64912
1.67129
1.68852
1.69896
1.70148
1.69605
1.68408
1.66824
1.65175
1.63712
1.62546
1.61684
1.61124
1.60897
1.6102
1.61413
1.61884
1.62196
1.62159
1.617
1.60874
1.59826
1.58722
1.57715
1.56932
1.56496
1.56518
1.57056
1.58063
1.59375
1.60739
1.61881
1.6258
1.62724
1.62331
1.61528
1.60488
1.59397
1.5846
1.57889
1.57837
1.58307
1.59113
1.59968
1.60615
1.60939
1.60959
1.60739
1.6031
1.59643
1.58702
1.57521
1.5628
1.55347
1.55188
1.56091
1.57902
1.60068
1.61962
1.63178
1.63611
1.63355
1.62573
1.61384
1.59846
1.57989
1.55853
1.5353
1.51187
1.49071
1.47491
1.46742
1.47007
1.4828
1.50352
1.52878
1.5548
1.57827
1.59671
1.60858
1.61369
1.61346
1.61103
1.61066
1.61607
1.62825
1.6447
1.66118
1.67407
1.68161
1.68381
1.6818
1.67712
1.67122
1.66494
1.6581
1.64952
1.63724
1.61935
1.59476
1.56371
1.5279
1.49027
1.45506
1.4282
1.41636
1.42359
1.44798
1.4824
1.51866
1.55059
1.57496
1.59126
1.6013
1.60823
1.61473
1.62138
1.62646
1.62754
1.62331
1.61432
1.60257
1.59061
1.58072
1.57439
1.57184
1.57204
1.57284
1.57178
1.56676
1.55672
1.54184
1.52335
1.50294
1.48242
1.46362
1.44853
1.43894
1.43611
1.44035
1.45117
1.46737
1.48725
1.50886
1.53016
1.54918
1.56394
1.57258
1.57389
1.56772
1.55525
1.53895
1.52206
1.50765
1.49757
1.49189
1.48923
1.4878
1.48631
1.4842
1.48138
1.47793
1.47402
1.47018
1.46749
1.4676
1.47212
1.48198
1.49668
1.51425
1.53182
1.54654
1.55663
1.56187
1.56347
1.56361
1.56452
1.56766
1.57337
1.58072
1.58773
1.59186
1.59067
1.5826
1.56788
1.54895
1.53013
1.5158
1.50833
1.50711
1.50977
1.51409
1.51913
1.52504
1.53242
1.54171
1.55276
1.56444
1.57484
1.5819
1.58464
1.58415
1.58311
1.58415
1.58816
1.59398
1.59961
1.60336
1.60433
1.60216
1.59712
1.59028
1.58364
1.5798
1.58137
1.5899
1.60511
1.62492
1.64622
1.66622
1.68325
1.69681
1.70717
1.71482
1.71997
1.72226
1.72071
1.71396
1.7007
1.68018
1.65257
1.61914
1.58205
1.54406
1.5082
1.47762
1.4554
1.44425
1.44583
1.45998
1.48445
1.5153
1.54804
1.57859
1.60387
1.62187
1.63167
1.63354
1.6293
1.62222
1.61602
1.61343
1.61536
1.62147
1.63123
1.64431
1.66031
1.67825
1.69632
1.71209
1.72301
1.72695
1.72263
1.7098
1.6894
1.66342
1.63445
1.60525
1.57846
1.55663
1.54221
1.53687
1.54088
1.55272
1.56967
1.58883
1.608
1.62595
1.64208
1.6561
1.66786
1.6773
1.68427
1.68849
1.68965
1.68738
1.68161
1.67279
1.66196
1.65079
1.6411
1.6344
1.63128
1.63114
1.63244
1.6333
1.63221
1.62869
1.62338
1.61742
1.61156
1.60566
1.59907
1.59174
1.5845
1.57828
1.57288
1.56693
1.5591
1.54929
1.53909
1.53098
1.5271
1.52825
1.53389
1.54249
1.55237
1.5623
1.57179
1.58074
1.58881
1.59509
1.59858
1.59947
1.59997
1.6039
1.61445
1.63181
1.65253
1.67129
1.68343
1.68636
1.67981
1.66551
1.64649
1.62663
1.60997
1.59987
1.59814
1.60425
1.61554
1.62813
1.63842
1.64406
1.64419
1.63898
1.62909
1.6152
1.59814
1.57894
1.5588
1.53906
1.52135
1.50768
1.50007
1.49967
1.50616
1.51807
1.53372
1.55211
1.57259
1.59415
1.61491
1.63263
1.64577
1.65407
1.6583
1.65955
1.65878
1.65654
1.65299
1.64808
1.64181
1.6344
1.62626
1.61814
1.61095
1.60561
1.60248
1.60061
1.59765
1.59084
1.57839
1.56034
1.53863
1.51619
1.49586
1.47974
1.46896
1.4638
1.46385
1.46807
1.47529
1.4844
1.49437
1.50393
1.51151
1.51553
1.5151
1.51053
1.50363
1.49733
1.49481
1.49861
1.50987
1.52798
1.55072
1.57493
1.59726
1.61493
1.62609
1.63004
1.62728
1.61928
1.60811
1.59575
1.58361
1.5722
1.56127
1.55028
1.5389
1.52736
1.51657
1.50781
1.50223
1.50043
1.5024
1.50758
1.51509
1.5239
1.53282
1.54067
1.54642
1.54952
1.55013
1.5492
1.54817
1.54843
1.55076
1.555
1.56005
1.56423
1.56609
1.56524
1.56277
1.56078
1.56153
1.56682
1.57775
1.59461
1.61652
1.6414
1.66621
1.68761
1.70277
1.70999
1.70922
1.7019
1.6901
1.67543
1.65843
1.63906
1.61749
1.59481
1.57317
1.55544
1.54448
1.54199
1.54762
1.55867
1.57105
1.58081
1.58564
1.58541
1.58168
1.57686
1.57291
1.57036
1.56822
1.56469
1.55815
1.54796
1.53493
1.52145
1.51087
1.50571
1.5058
1.50831
1.50972
1.50809
1.5036
1.49774
1.49229
1.48888
1.48913
1.49492
1.50817
1.53002
1.55977
1.59432
1.62877
1.65796
1.67812
1.68757
1.68679
1.67797
1.6643
1.64958
1.63786
1.6331
1.63787
1.65186
1.6715
1.69128
1.70593
1.71228
1.70997
1.70103
1.6882
1.67327
1.65669
1.63923
1.62366
1.61443
1.61453
1.62247
1.63307
1.64132
1.64492
1.64434
1.64141
1.63787
1.63459
1.63144
1.62744
1.62156
1.61391
1.60612
1.59989
1.5948
1.58852
1.57924
1.56804
1.5591
1.55757
1.56687
1.58675
1.61347
1.64138
1.66487
1.67962
1.6833
1.67561
1.65818
1.6343
1.60849
1.58552
1.5692
1.56129
1.56131
1.56736
1.57702
1.58824
1.5999
1.61168
1.62327
1.63337
1.63993
1.64137
1.63792
1.63143
1.62446
1.61915
1.61641
1.61578
1.61577
1.6148
1.6121
1.6082
1.60457
1.6026
1.6023
1.60221
1.60047
1.59623
1.59019
1.58412
1.57993
1.57855
1.57952
1.58152
1.58326
1.5842
1.58446
1.58434
1.58386
1.58276
1.5806
1.57708
1.57212
1.56588
1.55872
1.55123
1.54431
1.53903
1.53625
1.53612
1.53787
1.54017
1.54194
1.54306
1.54435
1.54689
1.55101
1.55587
1.55981
1.56102
1.5582
1.55074
1.53874
1.52307
1.50525
1.4874
1.47192
1.46107
1.45647
1.45856
1.4661
1.47619
1.48506
1.48933
1.48714
1.47904
1.46813
1.45925
1.45737
1.46539
1.48309
1.50735
1.53352
1.55664
1.57232
1.57738
1.57038
1.55199
1.52509
1.49449
1.46591
1.44475
1.4348
1.43751
1.45238
1.47783
1.51159
1.55047
1.59013
1.62583
1.65381
1.67238
1.68202
1.68471
1.68284
1.6784
1.6729
1.66764
1.66372
1.66146
1.66009
1.6581
1.65429
1.64843
1.64144
1.63499
1.63037
1.62764
1.62549
1.6221
1.61627
1.60815
1.5989
1.5899
1.58187
1.57442
1.5663
1.55627
1.54377
1.52929
1.51392
1.49857
1.4833
1.46769
1.45169
1.43635
1.42366
1.4155
1.41305
1.41651
1.4252
1.4376
1.45183
1.46621
1.47976
1.49219
1.50353
1.51381
1.52295
1.53081
1.53708
1.54129
1.54287
1.54152
1.53753
1.53209
1.52715
1.52466
1.52555
1.52927
1.53424
1.53892
1.54227
1.54384
1.54363
1.54227
1.54117
1.54212
1.54647
1.55466
1.56604
1.57942
1.59363
1.60792
1.62204
1.63617
1.65071
1.66601
1.68211
1.69843
1.7134
1.72456
1.7291
1.72492
1.71179
1.69205
1.66997
1.64964
1.63302
1.61986
1.60952
1.6024
1.5995
1.60114
1.6062
1.61249
1.61747
1.61907
1.61607
1.6081
1.5951
1.57696
1.55375
1.5265
1.4987
1.47756
1.47265
1.4902
1.52787
1.57642
1.62597
1.6699
1.70511
1.73073
1.74691
1.75409
1.75283
1.74402
1.72914
1.71026
1.68962
1.66894
1.64926
1.63146
1.61669
1.60599
1.59941
1.59559
1.5925
1.58878
1.58438
1.58036
1.5781
1.57849
1.58154
1.58659
1.59274
1.59932
1.6059
1.61203
1.61719
1.62086
1.62285
1.6234
1.62324
1.62328
1.62418
1.62593
1.6275
1.62689
1.62164
1.60942
1.58872
1.55907
1.52112
1.47696
1.43066
1.38813
1.35612
1.34008
1.34223
1.36099
1.39209
1.43034
1.47087
1.50961
1.54334
1.56959
1.58667
1.59378
1.59113
1.58016
1.56366
1.54583
1.53134
1.52376
1.52451
1.53337
1.54944
1.57133
1.59688
1.62309
1.64678
1.6654
1.6775
1.68265
1.68054
1.67058
1.65232
1.62659
1.59605
1.56478
1.53703
1.51597
1.50297
1.49793
1.49997
1.508
1.52117
1.53885
1.56055
1.58561
1.61282
1.64029
1.66564
1.68634
1.70028
1.70615
1.70362
1.69316
1.67577
1.65264
1.62513
1.59491
1.56431
1.537
1.51807
1.51214
1.51914
1.53293
1.54544
1.55173
1.55105
1.54544
1.53796
1.53154
1.52809
1.52828
1.53151
1.53672
1.54312
1.55055
1.55922
1.56913
1.57986
1.5906
1.60038
1.60817
1.61316
1.61517
1.61531
1.61613
1.62094
1.63162
1.64719
1.66452
1.68052
1.69352
1.70268
1.70694
1.70465
1.69433
1.67575
1.65053
1.622
1.59428
1.57118
1.55528
1.54759
1.54749
1.55315
1.56226
1.57256
1.58192
1.58835
1.59032
1.58743
1.58111
1.57508
1.57434
1.5827
1.60044
1.62391
1.64758
1.66653
1.67772
1.68024
1.67484
1.66368
1.64982
1.63669
1.62726
1.62346
1.62565
1.63248
1.64127
1.64864
1.65154
1.64823
1.63893
1.62554
1.61036
1.5945
1.5778
1.56016
1.54266
1.52726
1.51569
1.50863
1.50581
1.50664
1.5109
1.51868
1.52996
1.54392
1.55879
1.57242
1.58305
1.58982
1.59305
1.59398
1.59412
1.5946
1.59581
1.59759
1.59953
1.60114
1.60179
1.60064
1.5967
1.58923
1.57816
1.56438
1.54951
1.53539
1.52359
1.51508
1.51018
1.50825
1.5076
1.50612
1.50262
1.49788
1.49468
1.49657
1.50618
1.52399
1.54822
1.57588
1.60397
1.63056
1.65488
1.67645
1.69398
1.70521
1.70798
1.70153
1.6869
1.66634
1.64235
1.61684
1.59075
1.56437
1.53835
1.51474
1.49703
1.48851
1.48992
1.49876
1.51097
1.52299
1.53237
1.53774
1.53857
1.5354
1.52997
1.52467
1.52105
1.51851
1.51483
1.50784
1.49709
1.4843
1.47264
1.46555
1.46548
1.47311
1.48748
1.50658
1.52808
1.55004
1.57129
1.59153
1.61095
1.62954
1.64675
1.6615
1.67245
1.67824
1.67797
1.67174
1.66115
1.64905
1.63854
1.63173
1.62925
1.6307
1.63534
1.64233
1.65053
1.65866
1.66556
1.6703
1.67198
1.66962
1.66253
1.65072
1.63502
1.61684
1.59798
1.58055
1.567
1.55986
1.56095
1.57026
1.58546
1.60245
1.61673
1.62451
1.62343
1.61262
1.59261
1.5652
1.5334
1.50126
1.47346
1.45426
1.44612
1.44879
1.45972
1.47523
1.49179
1.5069
1.51948
1.5301
1.54045
1.55213
1.56532
1.5785
1.58943
1.59618
1.59776
1.59422
1.5865
1.57638
1.56625
1.55858
1.55549
1.55807
1.56611
1.57825
1.59258
1.60744
1.62179
1.63514
1.6472
1.65738
1.6648
1.66851
1.66807
1.66391
1.65751
1.65117
1.6474
1.64821
1.65454
1.6659
1.68047
1.69556
1.70837
1.71668
1.71938
1.71663
1.70959
1.69984
1.68872
1.67698
1.66485
1.65214
1.63855
1.62392
1.60852
1.59297
1.57812
1.56484
1.55402
1.54689
1.54469
1.5479
1.55571
1.56627
1.57757
1.5881
1.59692
1.60337
1.6069
1.60691
1.6026
1.59293
1.57666
1.55285
1.52156
1.48495
1.44791
1.41747
1.40028
1.39957
1.41382
1.4381
1.46649
1.49398
1.51719
1.53416
1.54382
1.54591
1.5412
1.53181
1.52121
1.51324
1.51023
1.51161
1.51426
1.51458
1.51043
1.50186
1.49123
1.48264
1.48099
1.48996
1.50959
1.53556
1.5611
1.58024
1.5899
1.5899
1.58216
1.56981
1.55658
1.54603
1.5407
1.54119
1.54618
1.55313
1.55931
1.56256
1.56154
1.55579
1.54554
1.53164
1.51544
1.49853
1.48247
1.46856
1.45794
1.45168
1.45096
1.45654
1.46803
1.48367
1.50071
1.51592
1.52637
1.53023
1.52747
1.51981
1.50961
1.49851
1.48695
1.4749
1.4629
1.45269
1.4468
1.44764
1.45638
1.47246
1.4935
1.51591
1.53573
1.54967
1.55589
1.55456
1.54763
1.53802
1.52856
1.52107
1.51592
1.51247
1.50996
1.50832
1.5085
1.51222
1.52141
1.53726
1.55929
1.58499
1.61062
1.63266
1.64892
1.65896
1.66377
1.66512
1.6649
1.66459
1.66487
1.66544
1.66512
1.66228
1.65556
1.64468
1.631
1.61693
1.60457
1.59446
1.58557
1.57664
1.56758
1.55983
1.55532
1.55521
1.55958
1.56763
1.57806
1.58946
1.60074
1.61168
1.62289
1.63505
1.64797
1.66027
1.66992
1.67499
1.67436
1.66788
1.65646
1.64182
1.62599
1.61062
1.59684
1.58554
1.57775
1.57427
1.57504
1.57952
1.58734
1.59849
1.61266
1.62855
1.64387
1.65588
1.66214
1.66096
1.65172
1.63495
1.61209
1.58518
1.5565
1.52841
1.50336
1.48382
1.47199
1.46929
1.47575
1.48985
1.50895
1.53004
1.55062
1.56944
1.58637
1.60192
1.61632
1.62891
1.63818
1.64215
1.63899
1.62782
1.60989
1.58953
1.57304
1.56509
1.56638
1.57528
1.59001
1.60846
1.62762
1.64456
1.65757
1.66618
1.67019
1.6692
1.66281
1.65122
1.63543
1.61718
1.59856
1.58148
1.56742
1.55719
1.55119
1.54955
1.55205
1.55764
1.56423
1.5691
1.56987
1.56542
1.55643
1.54543
1.53633
1.53284
1.53609
1.54376
1.552
1.55827
1.56253
1.56643
1.57146
1.57731
1.58179
1.58235
1.57772
1.56861
1.55716
1.54559
1.53516
1.52562
1.5155
1.503
1.48691
1.46752
1.44684
1.42823
1.41559
1.41236
1.42069
1.44103
1.47214
1.51116
1.55411
1.59661
1.63465
1.66517
1.68656
1.69867
1.70251
1.69987
1.69279
1.68323
1.67272
1.66235
1.65297
1.64522
1.63962
1.6365
1.63603
1.63794
1.64118
1.6439
1.64413
1.6406
1.63322
1.62288
1.61086
1.59818
1.58533
1.57216
1.55832
1.54378
1.52912
1.51519
1.50245
1.49082
1.48052
1.47312
1.47174
1.47968
1.49849
1.5269
1.56144
1.59801
1.63316
1.66456
1.69058
1.70982
1.72087
1.72255
1.7146
1.69839
1.67729
1.65597
1.63905
1.62941
1.62731
1.63048
1.63548
1.63971
1.64232
1.64373
1.64447
1.64472
1.64427
1.64294
1.64103
1.63966
1.64041
1.64472
1.65309
1.66463
1.67714
1.68759
1.693
1.69161
1.68399
1.67286
1.66169
1.65288
1.64738
1.64576
1.64878
1.65704
1.66997
1.68535
1.69966
1.70895
1.71005
1.70126
1.68287
1.65714
1.62784
1.5994
1.57567
1.55905
1.55017
1.54828
1.55206
1.56005
1.57092
1.58342
1.59638
1.60887
1.62036
1.63058
1.63934
1.646
1.64921
1.64688
1.63691
1.61806
1.59104
1.5587
1.52521
1.49453
1.46885
1.44838
1.43216
1.41905
1.40843
1.40032
1.39526
1.39395
1.39664
1.40275
1.41107
1.42092
1.43344
1.45144
1.47779
1.51313
1.5548
1.59778
1.63644
1.66604
1.68341
1.68726
1.67811
1.65844
1.63269
1.60663
1.58541
1.57122
1.56249
1.5555
1.54687
1.53535
1.52219
1.51084
1.50588
1.51138
1.52901
1.55702
1.59061
1.62385
1.65163
1.6709
1.68092
1.6827
1.67799
1.66839
1.65482
1.63749
1.61632
1.59152
1.56414
1.53632
1.51089
1.49062
1.47734
1.47161
1.47282
1.47968
1.49051
1.50359
1.51725
1.52994
1.54043
1.54836
1.55496
1.56309
1.57601
1.59551
1.62071
1.64839
1.67416
1.69356
1.70314
1.70101
1.68719
1.66368
1.63417
1.60326
1.5752
1.55286
1.53737
1.52848
1.52515
1.526
1.52951
1.5342
1.53868
1.54198
1.5438
1.54478
1.54651
1.55102
1.56018
1.57506
1.59547
1.62004
1.6465
1.67218
1.69454
1.71163
1.72218
1.72526
1.72017
1.70676
1.68588
1.65978
1.63213
1.60736
1.5895
1.58111
1.58237
1.59124
1.60429
1.61779
1.62866
1.63517
1.63734
1.6365
1.634
1.62983
1.62237
1.60984
1.59224
1.57208
1.5532
1.53843
1.52805
1.52045
1.51359
1.50607
1.49738
1.48779
1.47807
1.46909
1.46158
1.45585
1.4519
1.44958
1.44899
1.45048
1.45436
1.46058
1.46882
1.47875
1.4901
1.50257
1.51551
1.52812
1.53958
1.54941
1.55756
1.56435
1.57022
1.57532
1.57919
1.58077
1.57884
1.57272
1.56271
1.54995
1.53589
1.52168
1.5079
1.49488
1.4831
1.47346
1.46696
1.46426
1.46562
1.47107
1.4807
1.49451
1.51194
1.53162
1.55135
1.56866
1.58142
1.58828
1.58855
1.58202
1.56879
1.54926
1.52435
1.49581
1.46635
1.43976
1.42033
1.41161
1.41476
1.42789
1.4471
1.46848
1.48937
1.50847
1.52518
1.53888
1.54892
1.55501
1.55789
1.55955
1.56273
1.56983
1.58175
1.59752
1.61462
1.63005
1.64125
1.64662
1.64571
1.63906
1.62786
1.61345
1.5968
1.57818
1.5572
1.53333
1.50688
1.47968
1.45512
1.43693
1.42731
1.42593
1.43074
1.43915
1.44868
1.45679
1.46128
1.46093
1.45625
1.44954
1.44392
1.442
1.44489
1.45228
1.46327
1.47696
1.4925
1.50884
1.52474
1.53895
1.55057
1.55915
1.56468
1.56736
1.56735
1.56459
1.55895
1.55045
1.53928
1.52587
1.51092
1.49577
1.48285
1.47548
1.47682
1.48844
1.50901
1.53449
1.55972
1.58041
1.59454
1.6025
1.60616
1.60752
1.60772
1.60692
1.60492
1.60204
1.5995
1.59904
1.60177
1.60729
1.61395
1.62007
1.62516
1.62999
1.63573
1.64285
1.6507
1.65793
1.66334
1.6665
1.66778
1.66805
1.66819
1.66865
1.66896
1.6676
1.66257
1.65222
1.63633
1.61657
1.59603
1.57789
1.56406
1.55475
1.54896
1.54528
1.54223
1.53863
1.5341
1.52935
1.52591
1.52541
1.5287
1.53548
1.54441
1.55385
1.56287
1.57181
1.58202
1.5945
1.60851
1.62151
1.6306
1.63441
1.63405
1.63239
1.63204
1.63313
1.633
1.62802
1.61607
1.5976
1.57532
1.55295
1.53405
1.52133
1.51645
1.52013
1.53195
1.55041
1.57319
1.5976
1.62087
1.64026
1.65335
1.65916
1.65902
1.65639
1.65511
1.6574
1.66299
1.66952
1.67355
1.67164
1.66124
1.6415
1.61353
1.58072
1.54871
1.52465
1.51497
1.52221
1.54326
1.57126
1.59962
1.62448
1.64456
1.65988
1.67069
1.67705
1.67892
1.67656
1.67063
1.66232
1.65293
1.64337
1.63397
1.62465
1.61558
1.60767
1.60271
1.60281
1.60959
1.62314
1.64155
1.66125
1.67796
1.68812
1.68982
1.68303
1.66938
1.6516
1.63294
1.61669
1.60546
1.60066
1.60221
1.60883
1.61867
1.62996
1.64121
1.65122
1.65904
1.66377
1.66442
1.65991
1.64917
1.63174
1.60853
1.58216
1.55648
1.53483
1.51863
1.50713
1.49853
1.49163
1.48647
1.48415
1.4862
1.49399
1.50818
1.52833
1.55278
1.57891
1.60381
1.62488
1.64014
1.64829
1.64848
1.64003
1.62236
1.59521
1.55917
1.51628
1.47051
1.42762
1.39416
1.37598
1.37643
1.3955
1.43007
1.47492
1.5241
1.5722
1.61534
1.65148
1.68017
1.70169
1.71611
1.72281
1.7206
1.7087
1.68771
1.66043
1.63187
1.60828
1.59533
1.59598
1.60952
1.63213
1.65864
1.68428
1.70561
1.72052
1.72788
1.72712
1.71817
1.70156
1.67879
1.65265
1.62738
1.60806
1.59923
1.60317
1.61854
1.64106
1.66542
1.6875
1.70573
1.72112
1.73583
1.75117
1.76659
1.78009
1.7894
1.79294
1.79006
1.78103
1.76686
1.74906
1.72911
1.70801
1.68631
1.66459
1.64399
1.62626
1.61337
1.60674
1.60686
1.61323
1.62461
1.63923
1.65467
1.66758
1.67373
1.6686
1.64869
1.61317
1.56546
1.51391
1.47006
1.44417
1.44005
1.45379
1.47713
1.5019
1.52237
1.53537
1.53987
1.5365
1.52718
1.5148
1.50277
1.49445
1.49248
1.49831
1.51192
1.532
1.55621
1.58169
1.60554
1.6252
1.63869
1.64497
1.6442
1.63773
1.62764
1.61581
1.60321
1.59004
1.57703
1.56639
1.56135
1.56424
1.57458
1.58903
1.60331
1.61402
1.61941
1.61846
1.60989
1.59239
1.56614
1.53429
1.50345
1.48225
1.47832
1.49498
1.52947
1.57391
1.6188
1.65643
1.68249
1.69584
1.69735
1.68884
1.67247
1.65076
1.62672
1.60373
1.58467
1.57102
1.56199
1.55496
1.5471
1.53671
1.52369
1.50934
1.49599
1.48683
1.48512
1.49303
1.51033
1.53429
1.56071
1.58536
1.60518
1.61896
1.62709
1.63074
1.63091
1.62788
1.62115
1.61021
1.59567
1.57993
1.56668
1.5588
1.55662
1.55785
1.55918
1.55775
1.55196
1.54174
1.52845
1.51427
1.50187
1.4938
1.49186
1.49598
1.50402
1.51304
1.52103
1.52796
1.53563
1.54663
1.56306
1.58528
1.61154
1.63857
1.66295
1.68233
1.69602
1.7046
1.70921
1.71097
1.7106
1.70826
1.70349
1.69513
1.68171
1.66188
1.63503
1.60218
1.56671
1.53441
1.51205
1.50474
1.51337
1.53422
1.56087
1.58699
1.60842
1.62371
1.63366
1.6403
1.64552
1.65028
1.6543
1.65668
1.65662
1.65407
1.64981
1.64495
1.64027
1.63571
1.63036
1.62304
1.61299
1.6004
1.58639
1.57243
1.55983
1.54943
1.54176
1.53714
1.53562
1.53662
1.53897
1.54108
1.54131
1.53818
1.53043
1.51714
1.49828
1.47566
1.4534
1.43679
1.42956
1.43209
1.44239
1.45851
1.47927
1.50287
1.52579
1.544
1.55511
1.55937
1.55859
1.55421
1.54651
1.53532
1.52138
1.50698
1.49588
1.49225
1.49942
1.5187
1.54907
1.5874
1.62931
1.67023
1.70644
1.73565
1.75697
1.77024
1.77563
1.7733
1.7635
1.74661
1.7231
1.69358
1.6589
1.62035
1.58004
1.54104
1.50713
1.48184
1.46726
1.4633
1.46769
1.47686
1.48721
1.49621
1.50306
1.50855
1.51444
1.52273
1.53483
1.5511
1.57055
1.59085
1.60879
1.62106
1.62509
1.61976
1.60588
1.58609
1.56423
1.54397
1.52782
1.51706
1.51252
1.51505
1.52514
1.54202
1.56323
1.5852
1.6043
1.6177
1.62383
1.62223
1.61322
1.59756
1.57623
1.55033
1.52149
1.49241
1.46754
1.45265
1.45244
1.46745
1.49325
1.52244
1.54766
1.56353
1.56763
1.56056
1.54533
1.52615
1.50733
1.49266
1.48535
1.48761
1.49991
1.52044
1.54529
1.56964
1.58928
1.60157
1.6056
1.6016
1.59044
1.57317
1.55111
1.52614
1.50098
1.47964
1.46724
1.46852
1.48485
1.51228
1.54331
1.5708
1.59042
1.60093
1.6034
1.60016
1.59384
1.58673
1.58038
1.57558
1.5727
1.57209
1.57444
1.58048
1.59004
1.6012
1.61004
1.61158
1.6014
1.57784
1.54398
1.50837
1.48209
1.47281
1.48109
1.50243
1.53098
1.56146
1.58966
1.61263
1.62884
1.63809
1.64113
1.63931
1.63443
1.62852
1.62352
1.62053
1.61917
1.61822
1.61701
1.61635
1.61824
1.62464
1.63626
1.65201
1.66933
1.68502
1.69622
1.70097
1.69857
1.68955
1.67534
1.65793
1.63928
1.62108
1.60476
1.59166
1.58298
1.57923
1.57992
1.58356
1.5882
1.59211
1.59425
1.59458
1.59407
1.59409
1.59538
1.59752
1.59922
1.59917
1.597
1.59367
1.59083
1.58952
1.58916
1.5876
1.5823
1.57202
1.55787
1.54329
1.53296
1.53093
1.5389
1.55561
1.57768
1.60101
1.62189
1.63749
1.64595
1.64646
1.63936
1.62615
1.6092
1.59102
1.57349
1.55747
1.5429
1.52943
1.51712
1.5068
1.49994
1.49801
1.50173
1.51068
1.52324
1.53689
1.54889
1.55688
1.55953
1.55678
1.54992
1.54117
1.53306
1.52762
1.5258
1.52735
1.5311
1.53553
1.53942
1.54209
1.54336
1.54336
1.54262
1.54256
1.54528
1.55264
1.56478
1.57971
1.5943
1.60588
1.61315
1.61615
1.61577
1.61333
1.61024
1.6077
1.60639
1.60626
1.60661
1.60644
1.60472
1.60047
1.59291
1.58172
1.56724
1.55038
1.53231
1.51396
1.49548
1.47616
1.45521
1.43325
1.41415
1.40452
1.40946
1.42865
1.45706
1.48871
1.51909
1.54557
1.56691
1.58264
1.59266
1.5969
1.59549
1.58889
1.57808
1.56449
1.54969
1.53511
1.52194
1.51127
1.50433
1.50234
1.5062
1.51609
1.53124
1.54985
1.56923
1.58641
1.59906
1.60621
1.60856
1.60785
1.60581
1.60304
1.59857
1.59034
1.5767
1.55809
1.53801
1.52182
1.51357
1.51312
1.5163
1.51761
1.51285
1.5003
1.48054
1.4557
1.42861
1.40241
1.38056
1.36664
1.36406
1.37504
1.39953
1.43459
1.47499
1.51489
1.54974
1.5771
1.59634
1.60756
1.61082
1.60609
1.59394
1.576
1.55518
1.53527
1.52016
1.51265
1.51349
1.52116
1.53241
1.54353
1.55176
1.55621
1.55788
1.55871
1.55984
1.5602
1.55653
1.54524
1.52503
1.49896
1.47445
1.4601
1.4603
1.47272
1.49129
1.51065
1.52804
1.54282
1.55537
1.56633
1.57634
1.58588
1.59531
1.60493
1.61504
1.62558
1.6357
1.64339
1.64583
1.64031
1.62533
1.60168
1.57309
1.54588
1.52667
1.51919
1.52266
1.53289
1.54485
1.55466
1.56041
1.56213
1.56139
1.56041
1.56111
1.56453
1.57068
1.57896
1.58855
1.59855
1.60791
1.61561
1.62101
1.62402
1.62466
1.62256
1.61715
1.60854
1.5985
1.59024
1.58686
1.58938
1.59611
1.60397
1.6104
1.61463
1.61763
1.62126
1.62707
1.63553
1.64585
1.65646
1.66585
1.67316
1.67857
1.68286
1.68668
1.68989
1.69164
1.69103
1.68779
1.6825
1.67641
1.67096
1.66729
1.66591
1.66675
1.66922
1.67236
1.67502
1.67645
1.67657
1.67596
1.67556
1.67619
1.67851
1.68309
1.69036
1.7005
1.71312
1.72718
1.7409
1.75182
1.75719
1.75479
1.74377
1.7248
1.69986
1.67169
1.64321
1.61741
1.59732
1.58543
1.58289
1.5894
1.60408
1.62599
1.65359
1.68362
1.71116
1.73126
1.74048
1.73753
1.72286
1.69783
1.66442
1.62522
1.58355
1.54336
1.50896
1.48422
1.47184
1.4729
1.48686
1.51183
1.5448
1.58171
1.61767
1.64783
1.66853
1.67818
1.67745
1.66877
1.65537
1.64008
1.62467
1.60975
1.59543
1.58201
1.57035
1.56143
1.55568
1.55285
1.55225
1.55285
1.55306
1.55089
1.54471
1.5341
1.5205
1.50715
1.49813
1.49651
1.50255
1.51362
1.5257
1.53543
1.54135
1.5441
1.54581
1.54919
1.55659
1.56935
1.58745
1.60953
1.63333
1.65661
1.67761
1.69494
1.70702
1.71188
1.70763
1.69328
1.66946
1.63851
1.60449
1.57237
1.5472
1.53287
1.53107
1.54036
1.55645
1.57352
1.58603
1.58997
1.58336
1.56634
1.54091
1.51047
1.47909
1.45108
1.43057
1.42099
1.42388
1.4379
1.45915
1.4829
1.50564
1.52602
1.54394
1.55884
1.56912
1.5729
1.56963
1.56119
1.55173
1.54606
1.54725
1.55542
1.56879
1.58547
1.60386
1.62196
1.63675
1.64474
1.64304
1.63058
1.60888
1.58205
1.55577
1.53557
1.5254
1.52677
1.53838
1.55644
1.57566
1.59062
1.59721
1.59354
1.58035
1.56077
1.53937
1.52085
1.5088
1.50498
1.50955
1.52151
1.53903
1.55954
1.57975
1.59618
1.60594
1.60758
1.60177
1.59107
1.57912
1.56947
1.5646
1.56533
1.57049
1.57764
1.58427
1.58863
1.58964
1.58629
1.57749
1.56295
1.54393
1.52331
1.50487
1.49245
1.48902
1.49586
1.51217
1.53544
1.56224
1.58907
1.6125
1.62922
1.63623
1.63172
1.61635
1.5939
1.57079
1.55405
1.54919
1.55862
1.58081
1.61079
1.64222
1.66957
1.68906
1.69861
1.69733
1.68551
1.66466
1.63799
1.61028
1.58711
1.57315
1.56998
1.57506
1.58275
1.58686
1.583
1.56962
1.54795
1.52153
1.49526
1.4739
1.46038
1.45505
1.45672
1.46476
1.48004
1.50398
1.53637
1.57447
1.61367
1.64905
1.67642
1.69274
1.69623
1.68661
1.66532
1.63559
1.6022
1.57043
1.54439
1.52585
1.51433
1.50813
1.50524
1.50374
1.50217
1.5002
1.49908
1.50126
1.50931
1.52491
1.54829
1.57804
1.61161
1.64602
1.67819
1.70507
1.72379
1.73243
1.73051
1.71923
1.7011
1.67941
1.6575
1.63806
1.62258
1.6112
1.60345
1.59928
1.59971
1.60611
1.61872
1.63609
1.6558
1.67525
1.69196
1.70371
1.70903
1.70735
1.69889
1.68432
1.66451
1.64038
1.61273
1.58237
1.55078
1.52154
1.50046
1.49305
1.50034
1.51792
1.53932
1.5595
1.5761
1.58892
1.59869
1.60604
1.6108
1.61234
1.61034
1.60531
1.59822
1.58972
1.57975
1.56787
1.55407
1.53957
1.52695
1.51954
1.52
1.52902
1.54467
1.56307
1.57999
1.59243
1.59929
1.60093
1.59819
1.59176
1.5823
1.57083
1.55886
1.5485
1.54231
1.54274
1.55114
1.56706
1.58848
1.61258
1.63609
1.65526
1.6664
1.66671
1.65556
1.635
1.60938
1.58405
1.56369
1.55099
1.54636
1.54858
1.55572
1.56569
1.57639
1.58565
1.59127
1.59153
1.58595
1.57586
1.56412
1.55389
1.547
1.54293
1.5392
1.53283
1.52182
1.50619
1.48833
1.47249
1.46365
1.46613
1.48272
1.51282
1.55002
1.58357
1.60386
1.60643
1.59193
1.56431
1.52907
1.49211
1.45886
1.43364
1.4194
1.41776
1.42946
1.45434
1.49007
1.53098
1.56929
1.59829
1.61484
1.61969
1.61556
1.60495
1.58954
1.57075
1.55045
1.53081
1.51376
1.50051
1.49162
1.48746
1.48843
1.49489
1.5069
1.5241
1.54552
1.56959
1.59438
1.61801
1.63912
1.65698
1.67143
1.68215
1.68825
1.68779
1.67812
1.65701
1.62428
1.5832
1.54104
1.50744
1.49029
1.4916
1.50695
1.52898
1.55157
1.5718
1.58967
1.60662
1.6239
1.64157
1.65825
1.67143
1.67808
1.67554
1.66302
1.64371
1.62507
1.61446
1.61328
1.61712
1.62139
1.62487
1.62923
1.63712
1.65061
1.67008
1.69346
1.7168
1.7357
1.74693
1.74916
1.74283
1.7297
1.71195
1.69146
1.66945
1.64634
1.62207
1.59659
1.57024
1.54383
1.51866
1.49648
1.47916
1.4684
1.46521
1.46955
1.48034
1.49575
1.51387
1.53312
1.55259
1.57219
1.59233
1.61324
1.63417
1.65319
1.66783
1.6762
1.67781
1.67364
1.66578
1.65666
1.64834
1.64198
1.63776
1.63502
1.63268
1.62971
1.62547
1.62003
1.61386
1.60747
1.60104
1.59457
1.58797
1.5812
1.57415
1.56658
1.55809
1.54848
1.53811
1.52803
1.5195
1.51355
1.51095
1.51259
1.51992
1.5345
1.5568
1.58541
1.61723
1.64869
1.67701
1.70058
1.71879
1.73137
1.73818
1.73912
1.73439
1.72477
1.71231
1.70052
1.69374
1.69494
1.70354
1.71541
1.72517
1.72863
1.72385
1.71093
1.69142
1.66784
1.64311
1.61967
1.59891
1.58102
1.56554
1.55206
1.54064
1.53206
1.5277
1.52899
1.53638
1.54904
1.56482
1.58088
1.59456
1.60418
1.60946
1.61134
1.61123
1.61024
1.60876
1.60664
1.60346
1.59885
1.59238
1.58358
1.57239
1.56024
1.55028
1.54533
1.54518
1.54668
1.54647
1.54317
1.53766
1.53205
1.52831
1.52749
1.52926
1.53215
1.534
1.53282
1.52746
1.51819
1.50669
1.49565
1.48793
1.48587
1.49086
1.50337
1.52319
1.54942
1.58038
1.61332
1.64467
1.67066
1.6881
1.69501
1.69086
1.67642
1.65342
1.62396
1.59001
1.55314
1.51507
1.47857
1.44805
1.42864
1.42414
1.43488
1.45733
1.48531
1.51217
1.53257
1.54326
1.5433
1.53381
1.51778
1.49971
1.4847
1.47705
1.47864
1.48807
1.50133
1.51355
1.52083
1.52133
1.51535
1.50452
1.49083
1.4763
1.46329
1.45462
1.45244
1.45651
1.46406
1.47159
1.47694
1.48004
1.48227
1.48545
1.49113
1.50012
1.51226
1.52614
1.53939
1.54924
1.55359
1.55192
1.54585
1.53913
1.53643
1.54129
1.55426
1.57265
1.59201
1.60793
1.61725
1.61843
1.61147
1.59748
1.57833
1.55594
1.53191
1.50729
1.48268
1.45862
1.436
1.41649
1.40245
1.39627
1.39922
1.41042
1.42677
1.44407
1.45856
1.46813
1.47259
1.47341
1.47279
1.47268
1.47377
1.47522
1.47533
1.47286
1.46801
1.46261
1.45925
1.4602
1.46677
1.47874
1.49409
1.50944
1.52191
1.53155
1.54173
1.55581
1.57279
1.5876
1.59551
1.59486
1.58639
1.57144
1.55114
1.52663
1.49962
1.47268
1.44907
1.43212
1.42433
1.42675
1.43881
1.45878
1.48434
1.51294
1.54183
1.56797
1.58827
1.60005
1.60166
1.5929
1.5754
1.55255
1.52902
1.50961
1.49779
1.49453
1.49828
1.50625
1.51616
1.52754
1.54156
1.55976
1.5824
1.60758
1.6317
1.65055
1.66059
1.65978
1.64809
1.62758
1.60195
1.57542
1.55154
1.53236
1.51821
1.50823
1.50131
1.4968
1.49464
1.49493
1.49734
1.50075
1.50366
1.50508
1.50503
1.50417
1.50322
1.5026
1.5026
1.50344
1.50534
1.50831
1.51224
1.51755
1.52615
1.54193
1.56875
1.60635
1.64822
1.68478
1.70872
1.71781
1.71466
1.70494
1.69455
1.68653
1.68001
1.67166
1.65829
1.63829
1.61139
1.57783
1.53778
1.4917
1.44173
1.39348
1.35627
1.34005
1.35049
1.38609
1.43947
1.50125
1.56319
1.61943
1.66624
1.70138
1.7237
1.733
1.73012
1.71697
1.69651
1.67226
1.64761
1.62515
1.60639
1.5917
1.58062
1.57205
1.56478
1.55782
1.55069
1.54357
1.5371
1.53192
1.52819
1.52521
1.52172
1.51651
1.50897
1.49924
1.48784
1.47523
1.46165
1.44748
1.43373
1.42271
1.41794
1.42295
1.43957
1.46666
1.50017
1.53431
1.56323
1.58266
1.59068
1.58784
1.57659
1.56042
1.54296
1.52747
1.5166
1.51221
1.51501
1.52447
1.53913
1.55712
1.57661
1.59595
1.61363
1.62839
1.63935
1.6463
1.64956
1.64965
1.64692
1.64141
1.63295
1.62147
1.60728
1.59116
1.5742
1.5577
1.5428
1.53018
1.51973
1.51092
1.5039
1.50035
1.50312
1.51447
1.53446
1.5606
1.58901
1.61568
1.63737
1.65162
1.65685
1.65245
1.63917
1.61936
1.59679
1.57581
1.55986
1.55012
1.54521
1.54236
1.53903
1.53391
1.52701
1.51924
1.51191
1.50623
1.50309
1.50321
1.50741
1.51663
1.53123
1.55013
1.57059
1.58897
1.60204
1.60767
1.60508
1.59478
1.57847
1.55892
1.53932
1.52241
1.50966
1.50136
1.497
1.49554
1.4956
1.49575
1.49506
1.49352
1.49186
1.49115
1.49219
1.49533
1.50051
1.50744
1.51547
1.52352
1.53027
1.53463
1.53599
1.53426
1.52968
1.52259
1.51354
1.5034
1.49356
1.48572
1.48133
1.48088
1.48368
1.48795
1.49121
1.49086
1.48499
1.47335
1.45807
1.44314
1.4328
1.42958
1.43328
1.44159
1.45156
1.46116
1.4703
1.48082
1.49519
1.51463
1.538
1.56243
1.58471
1.60233
1.61378
1.61846
1.61628
1.6074
1.5922
1.57164
1.54762
1.52294
1.50053
1.48243
1.4692
1.46039
1.45552
1.45502
1.46015
1.47198
1.48999
1.51183
1.53431
1.55471
1.57139
1.58392
1.59284
1.59929
1.6044
1.60883
1.61248
1.61456
1.61408
1.61044
1.60375
1.59485
1.58501
1.57569
1.5682
1.56334
1.56122
1.56133
1.56281
1.56503
1.56818
1.57354
1.58316
1.59897
1.6217
1.65009
1.681
1.71021
1.73356
1.74769
1.75041
1.74093
1.72014
1.69071
1.65648
1.621
1.58661
1.5553
1.53014
1.51512
1.51304
1.52321
1.54143
1.5621
1.58056
1.59421
1.60272
1.60787
1.6127
1.62005
1.6311
1.64494
1.65976
1.67436
1.68886
1.70433
1.72178
1.74112
1.7607
1.7778
1.78968
1.7944
1.79143
1.78159
1.76683
1.74947
1.73135
1.71324
1.69488
1.6756
1.65478
1.63233
1.6088
1.58539
1.56392
1.5461
1.5328
1.52369
1.5177
1.51387
1.51195
1.51236
1.51567
1.52199
1.53063
1.54032
1.54964
1.55751
1.56335
1.567
1.56845
1.56774
1.56495
1.56043
1.55491
1.54957
1.54599
1.54582
1.55039
1.56029
1.57515
1.59362
1.61364
1.63294
1.64943
1.66139
1.66737
1.66615
1.65683
1.63931
1.61466
1.58549
1.55597
1.5314
1.5169
1.51562
1.52724
1.54797
1.57199
1.59361
1.60913
1.61741
1.61915
1.61567
1.6079
1.59646
1.58229
1.56699
1.5526
1.5407
1.53206
1.52658
1.52369
1.52264
1.5223
1.52117
1.51763
1.51054
1.49983
1.48687
1.47434
1.46568
1.46391
1.47044
1.48434
1.50279
1.52223
1.53943
1.55159
1.55646
1.55262
1.54016
1.52107
1.49931
1.47997
1.46766
1.46432
1.46769
1.47217
1.47171
1.46293
1.44671
1.42775
1.41208
1.40375
1.40322
1.40816
1.41553
1.42301
1.42948
1.43475
1.43906
1.44232
1.44391
1.44333
1.44151
1.44181
1.44953
1.46936
1.50246
1.54548
1.59214
1.63579
1.67112
1.6949
1.70609
1.7056
1.69588
1.68022
1.66221
1.64531
1.63259
1.62614
1.62643
1.63192
1.63971
1.64675
1.65077
1.65076
1.6468
1.6398
1.63106
1.62191
1.61347
1.60642
1.60061
1.59469
1.58646
1.57424
1.55904
1.54575
1.54076
1.54678
1.56074
1.57724
1.59247
1.60458
1.61226
1.61419
1.60962
1.59912
1.5845
1.56817
1.55263
1.54025
1.5328
1.5305
1.53129
1.53193
1.53029
1.5265
1.52248
1.52043
1.52152
1.52536
1.53056
1.53561
1.53949
1.54173
1.54208
1.54025
1.53588
1.52885
1.51965
1.5096
1.50051
1.49429
1.49197
1.49279
1.49434
1.49435
1.49235
1.49007
1.49035
1.49526
1.50477
1.51666
1.52789
1.53615
1.54085
1.54338
1.54623
1.55159
1.55997
1.5698
1.57833
1.58323
1.58366
1.58024
1.57443
1.56767
1.56096
1.55478
1.54916
1.54387
1.53848
1.5324
1.52512
1.5166
1.50757
1.49963
1.49471
1.49406
1.49747
1.5034
1.50987
1.51559
1.52052
1.52573
1.53258
1.54171
1.55264
1.56402
1.57418
1.58175
1.58625
1.58828
1.58958
1.5921
1.59657
1.60149
1.60377
1.60061
1.59151
1.57889
1.56693
1.55902
1.55557
1.55413
1.55142
1.54512
1.53433
1.51928
1.50083
1.48025
1.45919
1.43993
1.42542
1.41893
1.42282
1.43697
1.45796
1.4801
1.49787
1.50781
1.50923
1.50393
1.49552
1.48875
1.48847
1.49825
1.51849
1.54572
1.5739
1.5971
1.61178
1.61741
1.61587
1.61019
1.60298
1.59562
1.58858
1.58242
1.57835
1.57798
1.58252
1.59233
1.60664
1.62388
1.6421
1.65935
1.67409
1.68528
1.69244
1.69549
1.69442
1.68899
1.67858
1.66246
1.64027
1.61276
1.58251
1.55404
1.53319
1.52549
1.5344
1.56017
1.59953
1.64643
1.694
1.73628
1.76907
1.78969
1.79649
1.7886
1.76608
1.7303
1.68451
1.63407
1.58593
1.54728
1.52356
1.51677
1.52493
1.54329
1.56624
1.58905
1.60864
1.6234
1.63279
1.63689
1.63567
1.62856
1.61447
1.59267
1.56398
1.53152
1.5002
1.47542
1.46126
1.45956
1.46967
1.4887
1.51249
1.53732
1.56104
1.58283
1.60249
1.61994
1.63515
1.64802
1.65838
1.66575
1.66918
1.66742
1.65954
1.64602
1.62969
1.61538
1.60759
1.6074
1.61212
1.61771
1.62164
1.62337
1.6233
1.62165
1.6182
1.6127
1.60523
1.59626
1.58653
1.57681
1.5678
1.55999
1.55359
1.54837
1.54388
1.53991
1.53676
1.53533
1.53668
1.54148
1.54915
1.5571
1.56104
1.55646
1.54084
1.51528
1.485
1.45808
1.44229
1.44106
1.45165
1.46735
1.48224
1.49417
1.50433
1.51457
1.52497
1.53362
1.53792
1.53615
1.52839
1.51668
1.5049
1.49817
1.50183
1.51965
1.55214
1.59584
1.64425
1.68991
1.72624
1.74851
1.75411
1.74245
1.71514
1.67664
1.63411
1.59511
1.56388
1.54025
1.5225
1.51004
1.5037
1.50463
1.51347
1.53006
1.55322
1.5807
1.60934
1.63565
1.65654
1.66995
1.67501
1.67205
1.66237
1.64794
1.63107
1.61397
1.59837
1.58545
1.57605
1.57093
1.57089
1.57644
1.58719
1.6017
1.6177
1.63274
1.64498
1.65373
1.65949
1.66358
1.6674
1.67155
1.67545
1.6774
1.67518
1.6669
1.6519
1.6314
1.60852
1.58712
1.56999
1.55781
1.54967
1.54465
1.54304
1.54593
1.55382
1.56571
1.57949
1.59308
1.6052
1.61552
1.62423
1.63192
1.63942
1.64767
1.65719
1.66764
1.67745
1.68425
1.68574
1.68063
1.66932
1.65377
1.63684
1.62125
1.60884
1.60019
1.59469
1.59101
1.58757
1.58317
1.57734
1.57048
1.5637
1.55846
1.55608
1.55723
1.56192
1.56968
1.57979
1.5913
1.6031
1.61419
1.62416
1.63328
1.64192
1.64992
1.65641
1.66024
1.66063
1.65759
1.65204
1.64554
1.64012
1.63787
1.64042
1.64825
1.66031
1.67416
1.68669
1.69504
1.69722
1.69258
1.68182
1.66662
1.64915
1.63154
1.61541
1.60178
1.59101
1.58307
1.57789
1.57573
1.57744
1.58405
1.59608
1.613
1.63315
1.65414
1.67338
1.68846
1.69748
1.69895
1.69179
1.67536
1.64992
1.61737
1.58205
1.55043
1.5289
1.52077
1.52505
1.5379
1.55509
1.57373
1.59261
1.6115
1.62988
1.64605
1.65768
1.66305
1.66196
1.65587
1.64719
1.63827
1.63045
1.62371
1.61712
1.60947
1.59989
1.58791
1.57349
1.55718
1.54037
1.52521
1.51388
1.50746
1.50559
1.50707
1.51086
1.51677
1.52551
1.53784
1.55363
1.57131
1.58809
1.60083
1.607
1.60525
1.59562
1.57929
1.55809
1.53402
1.50905
1.48517
1.46473
1.45024
1.44375
1.44581
1.45528
1.46988
1.48712
1.50476
1.52085
1.5338
1.54255
1.54656
1.5456
1.53985
1.5301
1.51798
1.50585
1.49614
1.49061
1.48998
1.49415
1.50281
1.51586
1.53326
1.5544
1.57765
1.60054
1.62046
1.63546
1.64464
1.64817
1.64692
1.642
1.63455
1.62564
1.61615
1.60663
1.59717
1.58738
1.57678
1.5654
1.55427
1.5453
1.54052
1.54074
1.54501
1.55109
1.55665
1.56031
1.56209
1.56284
1.5635
1.56437
1.56506
1.56485
1.56348
1.56132
1.55928
1.55843
1.55963
1.56341
1.57006
1.57962
1.59169
1.6052
1.61864
1.6306
1.64018
1.64705
1.65129
1.65314
1.6528
1.6505
1.64669
1.64217
1.63803
1.63506
1.63358
1.63345
1.63428
1.63536
1.63577
1.63479
1.6323
1.62884
1.62506
1.62103
1.61639
1.61097
1.60562
1.60207
1.60153
1.60327
1.60473
1.60355
1.59942
1.59432
1.5912
1.59236
1.59843
1.60828
1.61973
1.63067
1.63981
1.64687
1.65228
1.657
1.66226
1.66932
1.6789
1.69046
1.70209
1.71113
1.71517
1.71256
1.70224
1.6837
1.65685
1.62232
1.58187
1.53869
1.49742
1.46342
1.44141
1.4338
1.4397
1.45539
1.47574
1.49576
1.51165
1.52116
1.52367
1.52004
1.51214
1.50245
1.49327
1.48614
1.48158
1.47948
1.47955
1.48149
1.48463
1.48766
1.4888
1.48656
1.48049
1.47144
1.4614
1.45299
1.44869
1.45024
1.45826
1.47213
1.49036
1.51109
1.53273
1.55432
1.57532
1.59545
1.61437
1.63153
1.64623
1.65757
1.66472
1.66724
1.6652
1.65914
1.6497
1.63739
1.62249
1.60505
1.58506
1.56286
1.53957
1.51731
1.49892
1.48701
1.48299
1.48643
1.49558
1.50815
1.52217
1.53651
1.55101
1.5662
1.5824
1.59891
1.61397
1.62571
1.63328
1.63716
1.63878
1.63957
1.64034
1.64122
1.64193
1.64223
1.64227
1.64277
1.64466
1.64846
1.65366
1.65881
1.66185
1.66076
1.65396
1.64064
1.62102
1.59654
1.56987
1.54468
1.52487
1.51357
1.51219
1.52009
1.5349
1.55335
1.57216
1.58861
1.60088
1.60809
1.61012
1.6076
1.60155
1.59326
1.584
1.575
1.56745
1.5625
1.56119
1.56415
1.57125
1.58131
1.59218
1.60135
1.6066
1.60634
1.59981
1.58718
1.56957
1.5489
1.52751
1.50756
1.49062
1.47725
1.46685
1.45814
1.44996
1.44188
1.43412
1.4268
1.41981
1.4133
1.40858
1.4084
1.41594
1.43268
1.45668
1.48335
1.50799
1.52781
1.54204
1.55115
1.55586
1.55657
1.55325
1.54567
1.53374
1.51808
1.50011
1.48193
1.46591
1.45441
1.44937
1.45192
1.46175
1.47701
1.49499
1.51321
1.53011
1.54497
1.55717
1.56573
1.56958
1.56805
1.56124
1.54995
1.53555
1.51998
1.50554
1.49413
1.48644
1.48197
1.47991
1.48037
1.48463
1.49468
1.51205
1.53662
1.5659
1.59548
1.6206
1.63771
1.64509
1.64287
1.63248
1.61612
1.59626
1.5753
1.55538
1.53838
1.52579
1.51862
1.51714
1.52064
1.52755
1.53575
1.54296
1.54717
1.5471
1.54229
1.53317
1.52086
1.50689
1.49301
1.48125
1.47406
1.47384
1.48185
1.49735
1.51778
1.54008
1.56186
1.58178
1.59924
1.61404
1.62607
1.6351
1.64051
1.64142
1.63676
1.62565
1.60771
1.58351
1.55513
1.52635
1.50237
1.48856
1.48902
1.50524
1.53462
1.57009
1.6024
1.62394
1.63101
1.62398
1.60611
1.5826
1.55961
1.54296
1.53658
1.54147
1.55612
1.57751
1.60226
1.62715
1.64936
1.66652
1.67697
1.68002
1.67604
1.66655
1.65384
1.64025
1.62744
1.61591
1.60521
1.59435
1.58235
1.5687
1.55383
1.53917
1.52658
1.51731
1.51137
1.50744
1.50359
1.4984
1.49195
1.48602
1.48365
1.48844
1.50352
1.53039
1.56771
1.61122
1.65491
1.69274
1.72016
1.73479
1.73643
1.72688
1.70935
1.68774
1.6655
1.64469
1.62573
1.60805
1.59117
1.57538
1.56171
1.55115
1.54421
1.54119
1.54259
1.54892
1.56006
1.57492
1.59169
1.6084
1.62321
1.63488
1.64289
1.64729
1.64845
1.64675
1.64238
1.6353
1.62533
1.61226
1.59605
1.57706
1.55628
1.53541
1.51658
1.50161
1.49132
1.48547
1.48333
1.48436
1.48855
1.49642
1.50887
1.52674
1.55004
1.57737
1.60572
1.6312
1.64999
1.65938
1.65804
1.64572
1.62284
1.5906
1.55161
1.51091
1.47638
1.45666
1.45682
1.47555
1.50629
1.5409
1.57244
1.59633
1.61031
1.61414
1.60893
1.59654
1.57929
1.56002
1.54244
1.53092
1.52904
1.53753
1.5536
1.57226
1.58854
1.59869
1.6009
1.5956
1.58486
1.57111
1.55586
1.53955
1.52233
1.50488
1.48845
1.47436
1.46346
1.45583
1.45092
1.44797
1.4467
1.44759
1.45131
1.45767
1.46488
1.46975
1.46884
1.46002
1.44353
1.42183
1.3986
1.378
1.36459
1.36287
1.37599
1.40429
1.44461
1.4909
1.5361
1.57417
1.60138
1.61661
1.62096
1.617
1.60793
1.59665
1.58519
1.57455
1.56521
1.55766
1.5528
1.55183
1.55583
1.5652
1.57919
1.59594
1.61284
1.62718
1.63696
1.64139
1.64082
1.63604
1.62723
1.61382
1.59527
1.57208
1.54624
1.52098
1.49995
1.4865
1.48313
1.49076
1.50767
1.52968
1.55171
1.56965
1.58138
1.58667
1.58665
1.58329
1.57877
1.57484
1.57254
1.57234
1.57444
1.57881
1.58499
1.5919
1.59863
1.60544
1.61363
1.62402
1.63516
1.64329
1.64419
1.63523
1.61636
1.59002
1.56035
1.53205
1.50916
1.49414
1.48761
1.48886
1.4965
1.50913
1.5251
1.54241
1.55871
1.57202
1.58146
1.58758
1.59192
1.59608
1.60098
1.60665
1.61227
1.61628
1.61679
1.61219
1.60239
1.58958
1.57809
1.57276
1.5766
1.5889
1.60546
1.62077
1.6304
1.63233
1.6269
1.61641
1.6042
1.59352
1.58642
1.58314
1.58212
1.58076
1.57661
1.5687
1.55808
1.54763
1.54037
1.53801
1.54081
1.54838
1.56005
1.57456
1.59005
1.60466
1.61729
1.62758
1.63549
1.64066
1.64242
1.6402
1.63417
1.62529
1.61504
1.60474
1.59505
1.5861
1.57772
1.56979
1.56247
1.55638
1.55242
1.55154
1.5542
1.55997
1.56732
1.57379
1.57657
1.57339
1.56347
1.54805
1.53036
1.51463
1.50444
1.50136
1.50426
1.50986
1.51411
1.51383
1.50785
1.49697
1.48321
1.46867
1.455
1.44331
1.43442
1.4291
1.42802
1.4315
1.43939
1.45103
1.46521
1.48043
1.4952
1.50827
1.51869
1.52573
1.52892
1.52805
1.52342
1.51616
1.50842
1.50332
1.50391
1.51163
1.52533
1.54228
1.55979
1.57617
1.59064
1.60292
1.61288
1.62049
1.62568
1.62825
1.62778
1.62364
1.61515
1.60206
1.58494
1.56549
1.54628
1.53005
1.51891
1.51351
1.51292
1.51483
1.51651
1.51583
1.51206
1.50599
1.49907
1.49227
1.48552
1.47846
1.47139
1.46542
1.46183
1.46125
1.46325
1.46668
1.4704
1.47377
1.4768
1.47998
1.484
1.48942
1.49642
1.50466
1.51333
1.52152
1.52871
1.53505
1.54127
1.54797
1.55497
1.56111
1.56475
1.56489
1.56219
1.55908
1.55865
1.56249
1.56927
1.57532
1.577
1.57289
1.56435
1.55444
1.54617
1.54095
1.53822
1.53629
1.53372
1.53041
1.52812
1.5303
1.54112
1.56333
1.59585
1.63344
1.66933
1.69827
1.71779
1.72777
1.72963
1.72524
1.71634
1.7041
1.68916
1.67218
1.6546
1.63886
1.62773
1.62322
1.6258
1.63445
1.64723
1.66199
1.67682
1.69034
1.7015
1.70935
1.71289
1.71088
1.70206
1.68546
1.6608
1.62883
1.59145
1.55133
1.51149
1.47476
1.44342
1.41898
1.40231
1.39396
1.39461
1.40525
1.42699
1.46049
1.5048
1.55648
1.60995
1.65929
1.70001
1.72966
1.74746
1.75368
1.74929
1.73603
1.71677
1.69568
1.67747
1.66535
1.65902
1.65505
1.64957
1.64048
1.62761
1.61202
1.59556
1.5806
1.56932
1.5627
1.55977
1.55822
1.55583
1.55151
1.54542
1.53862
1.53246
1.52812
1.526
1.5256
1.52613
1.52717
1.52899
1.53239
1.53819
1.54685
1.55832
1.57216
1.58791
1.60566
1.62606
1.64981
1.67653
1.70414
1.72904
1.74733
1.75616
1.75451
1.74333
1.72514
1.70333
1.68164
1.66371
1.65249
1.64946
1.65382
1.66257
1.67152
1.6768
1.6761
1.66912
1.65731
1.64333
1.63028
1.62077
1.61601
1.6155
1.61749
1.62008
1.62184
1.62206
1.6203
1.61572
1.60719
1.59415
1.57754
1.56019
1.54605
1.53872
1.53987
1.54834
1.56084
1.57364
1.58411
1.59119
1.59523
1.59732
1.59858
1.59964
1.60032
1.60002
1.5982
1.59497
1.59114
1.58769
1.58514
1.58316
1.58077
1.57707
1.57179
1.56533
1.55821
1.55059
1.54217
1.53277
1.52306
1.51478
1.51035
1.5119
1.52003
1.5336
1.55054
1.56921
1.58862
1.60767
1.62462
1.63758
1.6455
1.64859
1.64779
1.64394
1.63777
1.63028
1.62333
1.61921
1.61925
1.62264
1.62613
1.62507
1.61587
1.59842
1.577
1.55778
1.54431
1.53559
1.52837
1.52032
1.51117
1.50233
1.49553
1.49195
1.49197
1.49548
1.50214
1.51145
1.52257
1.53421
1.54482
1.55285
1.55725
1.5577
1.55453
1.54861
1.54111
1.53336
1.52696
1.52399
1.52675
1.53661
1.55281
1.57234
1.59082
1.60423
1.61018
1.60845
1.6006
1.58949
1.57863
1.57118
1.5691
1.57258
1.5803
1.59019
1.60009
1.60833
1.6142
1.61791
1.62023
1.62172
1.62214
1.62048
1.61571
1.60806
1.59974
1.59455
1.59597
1.6049
1.61909
1.63454
1.64747
1.65571
1.65932
1.66103
1.66542
1.67605
1.69223
1.70905
1.72106
1.72529
1.72182
1.7126
1.70012
1.68636
1.67222
1.6574
1.64086
1.62148
1.59916
1.57585
1.55626
1.54656
1.54981
1.56222
1.57555
1.58317
1.58319
1.57759
1.57008
1.56451
1.56375
1.56876
1.57825
1.5894
1.59918
1.60532
1.60663
1.603
1.59521
1.58484
1.57389
1.56425
1.55714
1.55258
1.5497
1.54733
1.54503
1.5435
1.54436
1.54939
1.55941
1.57346
1.58866
1.60105
1.60702
1.60458
1.59391
1.57702
1.55699
1.53711
1.5205
1.51007
1.50792
1.51441
1.52769
1.54471
1.56267
1.57996
1.59614
1.61127
1.62546
1.63868
1.65094
1.66244
1.67347
1.68392
1.69301
1.69901
1.69968
1.69314
1.67892
1.65844
1.63434
1.60898
1.58342
1.55801
1.53336
1.51073
1.49172
1.47777
1.46987
1.46852
1.47364
1.48461
1.5005
1.52023
1.54282
1.56727
1.59247
1.61707
1.63953
1.6582
1.67143
1.67783
1.67703
1.67048
1.66145
1.65386
1.6505
1.65207
1.65746
1.66488
1.67267
1.67965
1.68498
1.6881
1.68853
1.68584
1.67956
1.6692
1.65426
1.63443
1.61002
1.5824
1.55411
1.52821
1.5069
1.49069
1.47866
1.46959
1.4628
1.45822
1.45621
1.4572
1.46169
1.47034
1.48403
1.50316
1.52701
1.55342
1.57929
1.60135
1.6171
1.62532
1.62616
1.62078
1.61079
1.5978
1.58306
1.56737
1.55115
1.53454
1.5178
1.50169
1.48783
1.47868
1.47669
1.4831
1.49729
1.51683
1.53842
1.55902
1.57669
1.59064
1.60091
1.6081
1.6131
1.61684
1.61996
1.62272
1.62548
1.62899
1.6342
1.64165
1.65081
1.66023
1.66806
1.67263
1.67291
1.66856
1.65988
1.64771
1.63331
1.61804
1.60303
1.58911
1.57709
1.56819
1.56327
1.56153
1.56071
1.55906
1.55688
1.55611
1.55857
1.56478
1.57393
1.58445
1.59458
1.60266
1.60723
1.6072
1.60234
1.59386
1.58489
1.57999
1.58316
1.59529
1.61326
1.63158
1.64472
1.64868
1.64177
1.62513
1.60272
1.58001
1.56165
1.54955
1.54267
1.53852
1.53531
1.53315
1.53354
1.53817
1.54784
1.56184
1.57787
1.59254
1.60259
1.60598
1.60259
1.59426
1.58407
1.5751
1.56929
1.56715
1.5683
1.57221
1.57818
1.58524
1.5921
1.59766
1.60141
1.6035
1.60447
1.60461
1.60347
1.59995
1.59285
1.5815
1.56625
1.54833
1.52955
1.51199
1.49805
1.49034
1.49099
1.50032
1.51614
1.53461
1.55185
1.56533
1.57478
1.58221
1.59074
1.6021
1.61486
1.62554
1.63097
1.62996
1.62324
1.61275
1.6008
1.58939
1.57956
1.57138
1.56449
1.55902
1.55602
1.55714
1.56389
1.57676
1.59496
1.61641
1.6383
1.65786
1.67313
1.68307
1.68734
1.68572
1.67797
1.66417
1.64524
1.62324
1.60117
1.58211
1.56838
1.56108
1.56023
1.56506
1.57481
1.58884
1.60595
1.62304
1.63548
1.63884
1.63073
1.61128
1.58252
1.54769
1.51052
1.47512
1.44564
1.42586
1.41854
1.42457
1.44267
1.46955
1.50065
1.53125
1.55734
1.57612
1.58606
1.58681
1.57911
1.56484
1.54691
1.52905
1.51498
1.50751
1.50783
1.51547
1.52892
1.54637
1.56633
1.58766
1.60941
1.63081
1.65124
1.67041
1.68849
1.70582
1.72243
1.73745
1.7493
1.75667
1.75931
1.75768
1.75215
1.74277
1.72973
1.71407
1.69764
1.6824
1.66964
1.65963
1.65158
1.64413
1.63592
1.62615
1.61485
1.60281
1.59103
1.57995
1.56921
1.55828
1.54759
1.53949
1.53778
1.54558
1.56293
1.58666
1.61226
1.6355
1.65306
1.66262
1.66312
1.65492
1.63951
1.6191
1.59633
1.57456
1.55764
1.54869
1.5487
1.55581
1.56628
1.57615
1.58259
1.5843
1.58135
1.57468
1.56587
1.55708
1.55083
1.5496
1.55519
1.56806
1.58698
1.60925
1.63152
1.6506
1.66424
1.67135
1.67207
1.66775
1.66066
1.65307
1.64652
1.64151
1.63776
1.63439
1.63019
1.62393
1.61479
1.6026
1.58766
1.57007
1.54917
1.52406
1.4953
1.46681
1.44547
1.4372
1.44269
1.45703
1.47368
1.4885
1.50106
1.51351
1.52857
1.54782
1.57138
1.59811
1.62627
1.65362
1.67782
1.69684
1.70942
1.71516
1.71443
1.70819
1.6978
1.68504
1.67184
1.66003
1.65081
1.64421
1.639
1.63311
1.62445
1.61166
1.59456
1.57421
1.55271
1.53279
1.51729
1.50863
1.50835
1.51665
1.53187
1.55065
1.56904
1.58416
1.59536
1.60371
1.61048
1.61637
1.6218
1.62705
1.63163
1.63381
1.63111
1.62155
1.60455
1.58136
1.5548
1.52844
1.50564
1.48844
1.47703
1.4704
1.46774
1.46972
1.47817
1.49465
1.51884
1.54848
1.57998
1.6094
1.63352
1.65061
1.66042
1.66355
1.66087
1.65316
1.64115
1.62565
1.60789
1.58974
1.57353
1.56166
1.55584
1.557
1.56524
1.57975
1.59864
1.61901
1.63745
1.65099
1.65773
1.65699
1.64907
1.63498
1.61606
1.59396
1.57032
1.54649
1.52331
1.50127
1.48101
1.46407
1.45296
1.44962
1.45324
1.46046
1.46797
1.47493
1.48314
1.49563
1.51459
1.54002
1.56945
1.59886
1.62401
1.64136
1.64861
1.64499
1.63136
1.61027
1.58564
1.56235
1.54569
1.5404
1.54912
1.57102
1.60206
1.63648
1.66825
1.69204
1.70391
1.70215
1.68774
1.66365
1.63345
1.60033
1.56718
1.53688
1.51218
1.4949
1.48541
1.48269
1.48484
1.4896
1.49478
1.49885
1.50161
1.50463
1.51095
1.52406
1.54622
1.57706
1.61346
1.65071
1.68394
1.70924
1.72396
1.72668
1.71709
1.69603
1.66555
1.62884
1.5897
1.55224
1.52074
1.49944
1.49155
1.49778
1.51585
1.54181
1.57169
1.60262
1.63271
1.66061
1.68496
1.70431
1.71734
1.72321
1.72188
1.71424
1.70185
1.68652
1.66973
1.65224
1.6341
1.6149
1.59453
1.57375
1.55447
1.53936
1.53106
1.53119
1.53938
1.55296
1.56753
1.57802
1.57995
1.57057
1.5502
1.52332
1.49805
1.48283
1.48182
1.49353
1.51342
1.53695
1.56077
1.58258
1.6008
1.61436
1.62288
1.62702
1.62852
1.62967
1.63184
1.63434
1.63477
1.63052
1.62041
1.60526
1.58739
1.56977
1.55515
1.54553
1.54181
1.54357
1.54937
1.55732
1.56589
1.57408
1.58126
1.58685
1.59035
1.59196
1.59308
1.59601
1.60274
1.61366
1.62718
1.64029
1.64995
1.65461
1.65471
1.65203
1.64837
1.6445
1.63981
1.63272
1.62173
1.60628
1.58689
1.56487
1.5415
1.51775
1.49453
1.4733
1.45654
1.44748
1.44911
1.46269
1.48678
1.51748
1.54962
1.57832
1.60003
1.61284
1.61641
1.61175
1.6009
1.58644
1.57107
1.55726
1.54697
1.54141
1.5408
1.54442
1.55091
1.55876
1.56664
1.57352
1.57892
1.58303
1.58677
1.59143
1.59818
1.60761
1.61944
1.63249
1.64482
1.65412
1.65832
1.65614
1.64876
