0
8.45023e-05
6.93952e-05
7.37647e-05
6.85241e-05
5.74216e-05
7.05981e-05
8.71163e-05
8.13293e-05
0.000141407
0.000136911
0.000136581
0.000126672
0.000118756
0.000118788
0.000133832
0.000130513
0.000126249
0.000122518
0.000117312
0.000112669
0.000107924
0.000106693
0.000103427
0.000113219
0.000109495
0.000105597
0.000102043
0.000104099
0.000134187
0.000129863
0.000129609
0.000141615
0.000138732
0.000134887
0.000131287
0.000132026
0.000128745
0.000125444
0.000122687
0.000120171
0.000117582
0.00011716
0.00011562
0.000113118
0.000112472
0.000110089
0.000109582
0.00010757
0.000105899
0.000105009
0.000106586
0.000104903
0.000103229
0.000101398
0.000100932
9.95079e-05
0.000101488
0.000104644
0.000104421
0.000102812
0.000105591
0.00010694
0.000105422
0.000105486
0.0001039
0.000103954
0.000103105
0.000102288
0.000104068
0.000102729
0.000101413
0.000100122
9.98853e-05
0.000101033
0.000100422
9.9189e-05
9.79579e-05
9.67195e-05
9.55765e-05
9.49117e-05
9.3962e-05
9.32684e-05
9.30528e-05
9.2347e-05
9.14716e-05
9.28464e-05
9.2299e-05
9.1488e-05
9.07034e-05
9.00776e-05
8.94848e-05
8.85542e-05
8.84921e-05
9.29344e-05
9.19687e-05
9.15135e-05
9.09694e-05
9.08976e-05
9.0061e-05
