3.14167
3.14155
3.1415
3.14144
3.1414
3.14141
3.14146
3.14153
3.14155
3.14143
3.14138
3.14143
3.14142
3.1414
3.14145
3.14152
3.14156
3.14159
3.14161
3.14163
3.14164
3.14165
3.14168
3.1417
3.14175
3.14177
3.14176
3.14175
3.14172
3.14163
3.14163
3.14166
3.14159
3.14161
3.14162
3.14162
3.14166
3.14165
3.14165
3.14164
3.14163
3.14162
3.1416
3.14161
3.14162
3.1416
3.1416
3.14162
3.14161
3.1416
3.14162
3.14165
3.14165
3.14165
3.14164
3.14166
3.14165
3.14168
3.14171
3.14173
3.14173
3.14176
3.14179
3.14178
3.1418
3.1418
3.14178
3.14177
3.14178
3.14176
3.14175
3.14176
3.14175
3.14177
3.14174
3.14173
3.14173
3.14173
3.14173
3.14172
3.14171
3.14171
3.14171
3.1417
3.14169
3.1417
3.14172
3.14171
3.14172
3.14171
3.1417
3.14169
3.1417
3.14168
3.14165
3.14165
3.14164
3.14165
3.14166
3.14167
