0
0.363238
0.275701
0.21617
0.179054
0.15156
0.132209
0.116726
0.104693
0.0952671
0.0869875
0.0800982
0.0742105
0.0691602
0.0646097
0.0607042
0.0573676
0.0542443
0.0514531
0.0489449
0.0466429
0.0445282
0.0426626
0.0408985
0.0392679
0.037844
0.0364425
0.0351699
0.0340008
0.0329008
0.0318567
0.0309113
0.0300015
0.0291273
0.0282953
0.0275098
0.0267737
0.0261106
0.0254523
0.0248179
0.0242412
0.0236825
0.023132
0.0226131
0.0221107
0.0216358
0.0211856
0.0207473
0.0203543
0.0199509
0.0195625
0.0191888
0.0188276
0.0184795
0.0181722
0.017857
0.0175472
0.0172537
0.0169618
0.0166807
0.0164132
0.0161485
0.0158947
0.0156619
0.0154211
0.0152047
0.0149847
0.0147673
0.014557
0.0143491
0.014161
0.0139651
0.0137738
0.0135949
0.013414
0.013242
0.0130714
0.0129044
0.0127491
0.0125912
0.0124358
0.0122847
0.0121414
0.0119973
0.0118569
0.0117245
0.0115903
0.0114587
0.0113354
0.0112223
0.0111056
0.0109857
0.0108679
0.010755
0.0106435
0.010533
0.0104246
0.0103225
0.0102226
0.0101294
