0
0.513697
0.675113
0.747898
0.799782
0.828896
0.855415
0.87206
0.886885
0.901705
0.910234
0.918154
0.924781
0.930884
0.93377
0.937912
0.94325
0.945957
0.948589
0.951164
0.95284
0.953554
0.956058
0.957133
0.957792
0.960398
0.960514
0.961965
0.963718
0.965225
0.966289
0.968078
0.969367
0.970067
0.970166
0.970346
0.970984
0.972474
0.973238
0.972923
0.974115
0.975061
0.974945
0.975506
0.975566
0.976069
0.976732
0.977093
0.978218
0.978605
0.978273
0.978589
0.97877
0.978916
0.979947
0.980526
0.980878
0.981442
0.981585
0.981817
0.982261
0.982259
0.981971
0.981267
0.98122
0.981949
0.98241
0.982109
0.982438
0.982483
0.983117
0.983267
0.983268
0.983714
0.983818
0.984165
0.984357
0.984484
0.984938
0.985134
0.985162
0.985283
0.984944
0.984844
0.984707
0.985065
0.985181
0.985134
0.984781
0.985321
0.985706
0.985846
0.985927
0.986169
0.98636
0.986449
0.986524
0.986226
0.986523
0.986955
