0
0.380365
0.28562
0.225353
0.184436
0.15418
0.132498
0.11688
0.105277
0.0956565
0.0875725
0.0814956
0.0755082
0.0703149
0.0656623
0.0616665
0.0582719
0.0550362
0.052215
0.0496044
0.0473595
0.0452317
0.0434881
0.0417234
0.0401597
0.0387629
0.0374073
0.0361471
0.034926
0.033772
0.0326826
0.0317514
0.0309421
0.0300472
0.0293261
0.0285776
0.027819
0.0270928
0.0264134
0.0257912
0.0251949
0.0246464
0.0241191
0.0235729
0.0230929
0.0225951
0.0221346
0.021674
0.0213095
0.0209332
0.0205237
0.0201374
0.019768
0.0194039
0.0190574
0.0187215
0.0184373
0.0181196
0.0178138
0.0175175
0.0172379
0.0169669
0.0167139
0.0164744
0.0162212
0.0159777
0.0158308
0.0155998
0.0153778
0.0151618
0.0149575
0.0147498
0.0145512
0.0143556
0.0141728
0.014058
0.0138902
0.013722
0.0135697
0.0134003
0.0132358
0.0130981
0.0129445
0.0128029
0.0126582
0.0125121
0.012465
0.0123267
0.0121923
0.0120791
0.0119507
0.0118223
0.0117096
0.0115875
0.0114842
0.0113965
0.0113098
0.0112296
0.0111284
0.0110223
