0
0.537917
0.698903
0.779697
0.823214
0.836571
0.84688
0.862732
0.880776
0.894629
0.905469
0.920147
0.926927
0.932428
0.934649
0.938418
0.943782
0.944217
0.9471
0.946979
0.950392
0.951927
0.956424
0.958453
0.961418
0.964867
0.96736
0.969743
0.96839
0.967546
0.967609
0.970038
0.973157
0.974129
0.977005
0.978975
0.979862
0.97929
0.978378
0.979798
0.978499
0.976889
0.978394
0.978087
0.979525
0.97997
0.980926
0.981079
0.982918
0.984377
0.98418
0.984766
0.985417
0.985702
0.986197
0.985791
0.987079
0.986999
0.986779
0.986925
0.987437
0.98793
0.987185
0.988035
0.987944
0.988218
0.989932
0.990165
0.989806
0.989468
0.989996
0.98999
0.989667
0.989493
0.98999
0.991418
0.992062
0.992586
0.993352
0.993428
0.993266
0.994058
0.994391
0.994959
0.99535
0.995188
0.996747
0.997036
0.997353
0.99809
0.997763
0.997949
0.998535
0.998771
0.999431
1.00029
1.00113
1.00202
1.0015
1.00116
