0.466493   -0.106963   -0.198898
-0.216919   -0.26598   0.310959
0.461637   -0.425463   0.15159
0.397816   0.43288   -0.468257
-0.419628   0.282152   -0.116932
0.264854   0.0483493   0.466488
0.224818   -0.193664   0.0339209
0.355225   0.346408   -0.048257
0.0189098   0.345934   -0.423713
0.214214   0.456612   0.387351
0.365812   -0.498938   -0.224895
-0.241464   -0.433059   0.470698
-0.164857   -0.00203666   -0.258767
-0.260724   -0.0443352   0.372461
-0.265985   -0.211243   -0.487013
-0.366347   0.0413995   -0.186204
-0.0906858   -0.225556   -0.290751
0.381927   -0.407309   0.371955
-0.0612523   0.24981   -0.0216735
-0.00331242   0.0300201   -0.0564652
-0.260879   0.136833   0.210241
0.119729   0.240328   0.141823
0.155663   -0.330128   0.408994
0.129917   -0.428596   -0.165076
-0.109278   -0.0426818   -0.463218
-0.370025   0.256336   -0.354868
0.409088   0.277205   -0.282868
-0.454061   -0.213657   0.348505
-0.144937   0.339046   0.422828
-0.170139   -0.48245   0.256322
-0.403159   0.402158   0.486374
-0.0985704   0.304054   0.190567
0.0590164   -0.363693   0.0449701
0.220254   0.122585   -0.289479
-0.00162417   -0.159462   0.0832956
-0.48554   -0.149895   -0.42949
0.0633105   0.2829   0.358818
-0.265391   -0.396791   -0.300857
-0.431267   -0.0288964   0.204797
-0.465206   0.342924   0.10407
-0.317707   -0.169589   -0.255465
-0.00834316   -0.309567   0.258078
-0.154861   -0.166218   -0.075581
0.159399   -0.148857   0.272826
0.290483   -0.290555   -0.175276
0.187147   0.357318   -0.24477
0.348034   -0.344419   -0.385847
0.231346   -0.0530613   -0.147437
0.0589583   -0.212274   -0.136993
-0.175864   -0.314787   0.0977467
-0.0543393   -0.101097   0.319586
-0.267854   0.306136   0.0390228
-0.309884   -0.337736   -0.0752097
0.0654228   -0.0414969   -0.282026
-0.0163532   0.388832   -0.180213
0.0165379   0.162496   -0.24866
0.499926   -0.329869   -0.238513
0.18136   0.191789   -0.0771361
-0.109177   -0.379142   -0.138109
0.415887   -0.0643136   0.0222285
0.115915   -0.293007   -0.358322
0.385229   0.124199   -0.128876
0.112591   0.404599   0.0109422
-0.199518   0.395442   -0.354406
-0.217302   0.0448155   -0.0176441
0.0715415   0.483609   0.214125
-0.220576   0.425959   -0.127218
-0.316243   0.186629   0.44696
0.235956   0.26181   -0.450378
-0.158215   0.18216   -0.397905
0.354851   0.165556   0.0903201
-0.349044   -0.122771   -0.0224547
-0.476234   0.180361   0.247107
-0.381166   -0.250478   0.160493
0.294632   -0.116868   -0.337628
0.187707   -0.487287   -0.400685
-0.047193   -0.449613   -0.364744
-0.441865   0.107739   0.0178032
0.291478   -0.430115   -0.0132793
-0.018459   -0.481802   0.411778
0.456855   -0.267368   -0.0417614
0.235264   -0.37226   0.202239
0.332188   0.0241479   0.264387
0.281698   0.43312   0.150974
-0.418858   0.442935   -0.266183
-0.0852662   0.120781   0.382548
0.327288   -0.165028   0.414225
0.108258   0.065942   0.304981
0.118995   -0.12887   -0.499513
-0.056502   -0.270468   0.466505
-0.054744   0.0696863   0.161026
0.190636   0.0316443   0.0854545
-0.208139   0.209549   -0.185921
-0.203591   -0.0951821   0.146999
0.377446   -0.200411   0.193199
0.275179   0.240658   0.317173
-0.344525   0.0188753   -0.399977
0.449331   0.0580711   -0.365345
0.492189   -0.0056205   0.426611
-0.453433   -0.366846   -0.473315
-0.318965   -0.483819   0.102785
-0.0888237   0.478077   0.0578499
0.451981   0.228227   0.455722
-0.315951   0.347091   0.271821
-0.387779   -0.429152   0.307958
0.433491   0.385827   0.311024
0.0683632   0.122916   -0.472959
-0.484238   -0.494193   -0.0520939
