0.466531   -0.107004   -0.199014
-0.216726   -0.266047   0.311066
0.461476   -0.425349   0.151472
0.397862   0.432954   -0.468244
-0.419492   0.282327   -0.117063
0.264914   0.0485761   0.466434
0.224754   -0.193687   0.033943
0.355163   0.346406   -0.0482249
0.0186791   0.345794   -0.42386
0.214258   0.456626   0.387445
0.365922   -0.498965   -0.224989
-0.241506   -0.433156   0.470635
-0.16464   -0.00221625   -0.258751
-0.260554   -0.044349   0.372488
-0.26605   -0.211296   -0.486969
-0.36645   0.0412759   -0.186347
-0.0906209   -0.225445   -0.290683
0.3818   -0.407418   0.372027
-0.061269   0.249754   -0.0216957
-0.00324547   0.0300874   -0.0563432
-0.261112   0.136766   0.210436
0.119788   0.240225   0.141988
0.155622   -0.330296   0.408973
0.129963   -0.42849   -0.165064
-0.109325   -0.0427099   -0.4632
-0.370141   0.256207   -0.354905
0.409163   0.277197   -0.282841
-0.454008   -0.213591   0.348491
-0.14491   0.339051   0.422919
-0.170302   -0.482261   0.256465
-0.403201   0.402074   0.486396
-0.0985726   0.304131   0.190825
0.0590607   -0.363819   0.0448975
0.220231   0.122647   -0.289383
-0.00152018   -0.159636   0.0831519
-0.485445   -0.149949   -0.429225
0.0634883   0.283061   0.358805
-0.2654   -0.39686   -0.300773
-0.431166   -0.0287913   0.204712
-0.465336   0.342644   0.104011
-0.317734   -0.169817   -0.25546
-0.00837194   -0.309504   0.257941
-0.154786   -0.16633   -0.0757322
0.159617   -0.148796   0.272871
0.290517   -0.29048   -0.17497
0.187108   0.357382   -0.2449
0.347959   -0.344373   -0.38577
0.231301   -0.0530152   -0.147279
0.0590034   -0.21219   -0.137019
-0.176085   -0.314825   0.0976179
-0.054204   -0.100886   0.319503
-0.267998   0.306149   0.0388319
-0.309887   -0.337891   -0.0750678
0.0655383   -0.0414416   -0.282144
-0.016355   0.388818   -0.180137
0.0164695   0.162538   -0.248613
0.499877   -0.329973   -0.238581
0.181208   0.191775   -0.0771706
-0.109206   -0.378997   -0.138028
0.415979   -0.0641957   0.0223732
0.116003   -0.293072   -0.358227
0.38521   0.124132   -0.128926
0.112787   0.404509   0.0109216
-0.19946   0.395422   -0.354528
-0.217307   0.0448497   -0.0178489
0.0716207   0.483708   0.214098
-0.220573   0.425953   -0.127346
-0.316325   0.186701   0.446981
0.236129   0.261833   -0.450322
-0.158354   0.182301   -0.398132
0.354688   0.165675   0.0903874
-0.34892   -0.122852   -0.022557
-0.476348   0.180522   0.247217
-0.38116   -0.250698   0.160603
0.294624   -0.116892   -0.337536
0.187804   -0.487256   -0.400872
-0.0472736   -0.449552   -0.364867
-0.441811   0.107832   0.0177868
0.29153   -0.430277   -0.0131238
-0.0186857   -0.481674   0.411791
0.456886   -0.267312   -0.0416667
0.235339   -0.37234   0.202234
0.332091   0.0241068   0.264598
0.281517   0.433234   0.151027
-0.418894   0.443012   -0.266145
-0.0853909   0.120771   0.382575
0.327254   -0.165148   0.414275
0.108215   0.0658583   0.304952
0.118803   -0.128927   -0.499566
-0.0563881   -0.270603   0.466383
-0.0548144   0.06958   0.160969
0.190773   0.0316134   0.0853156
-0.20818   0.209484   -0.186038
-0.203568   -0.0951798   0.146916
0.377631   -0.20033   0.193186
0.275286   0.24093   0.317231
-0.344602   0.0187294   -0.399778
0.449216   0.0581273   -0.365378
0.492111   -0.00555433   0.426491
-0.453399   -0.366845   -0.473265
-0.318948   -0.483922   0.102734
-0.0887734   0.478262   0.0577431
0.452005   0.228189   0.455725
-0.315958   0.347114   0.271757
-0.387804   -0.428947   0.307926
0.433468   0.385869   0.310904
0.0684576   0.122832   -0.472955
-0.484153   -0.494195   -0.0519257
