0.805553
0.814689
0.827194
0.842588
0.859596
0.876463
0.891818
0.90497
0.915914
0.924814
0.931674
0.936121
0.937594
0.935579
0.929978
0.921197
0.910097
0.897696
0.884998
0.872752
0.861427
0.851329
0.84267
0.835812
0.83118
0.829191
0.829893
0.832951
0.837782
0.843841
0.850737
0.85829
0.866075
0.873206
0.878267
0.879836
0.877098
0.870677
0.862893
0.856529
0.853013
0.852044
0.852606
0.854153
0.856706
0.86021
0.864054
0.867282
0.868996
0.868705
0.866401
0.862482
0.857461
0.851591
0.844853
0.836897
0.827285
0.815943
0.803553
0.791844
0.783413
0.781088
0.78691
0.801392
0.823377
0.850597
0.880504
0.910566
0.938369
0.961721
0.978729
0.988236
0.99
0.984661
0.973434
0.957739
0.938764
0.917281
0.893756
0.868657
0.842606
0.816678
0.792183
0.770677
0.753926
0.743766
0.741705
0.748494
0.763987
0.786864
0.814493
0.843304
0.869887
0.892031
0.908935
0.921004
0.92922
0.934563
0.937558
0.938128
0.936001
0.931039
0.923912
0.916089
0.909343
0.904581
0.901275
0.898027
0.893544
0.887753
0.88184
0.877469
0.875827
0.877145
0.880721
0.885268
0.889312
0.891518
0.89101
0.887755
0.882509
0.876418
0.870334
0.864244
0.857225
0.848104
0.836233
0.822046
0.807235
0.794349
0.785936
0.783457
0.786568
0.793222
0.800595
0.806082
0.808071
0.806203
0.801323
0.795268
0.790487
0.789476
0.794051
0.805036
0.822058
0.843659
0.867641
0.891455
0.912845
0.930377
0.943463
0.952212
0.956665
0.956626
0.951903
0.942849
0.930695
0.917216
0.90402
0.891837
0.880064
0.867164
0.851712
0.833434
0.813798
0.795946
0.783798
0.780531
0.786788
0.800187
0.816447
0.831359
0.842355
0.848889
0.852143
0.854272
0.857636
0.86419
0.874875
0.889167
0.905265
0.92077
0.933568
0.942522
0.947435
0.948453
0.945312
0.936987
0.92223
0.900783
0.874178
0.845908
0.820321
0.801037
0.790064
0.787788
0.793476
0.805666
0.822438
0.841702
0.861702
0.881043
0.898479
0.912762
0.922758
0.928065
0.929509
0.928997
0.928883
0.931065
0.936393
0.944357
0.953143
0.960271
0.96338
0.960798
0.951736
0.936252
0.914855
0.888329
0.857782
0.824962
0.792844
0.765904
0.749023
0.74501
0.752678
0.767556
0.78444
0.799323
0.809917
0.81557
0.816829
0.815046
0.811984
0.809586
0.809559
0.813184
0.82099
0.832384
0.845983
0.86006
0.872897
0.883012
0.889188
0.890746
0.887798
0.88123
0.872552
0.863367
0.854943
0.847994
0.842843
0.839729
0.838967
0.841013
0.846317
0.855042
0.866644
0.879783
0.892663
0.903691
0.912171
0.918119
0.921632
0.922593
0.920858
0.916684
0.910886
0.904473
0.89853
0.893895
0.890963
0.889517
0.888709
0.887382
0.884389
0.878715
0.869526
0.856359
0.839373
0.819793
0.800313
0.784846
0.777562
0.781803
0.798925
0.82736
0.862398
0.897276
0.925269
0.941601
0.944551
0.935454
0.918073
0.896984
0.875936
0.856867
0.840161
0.825744
0.814108
0.806655
0.805141
0.810553
0.822622
0.839989
0.860616
0.882207
0.902501
0.91948
0.931638
0.93816
0.939028
0.935055
0.927619
0.918524
0.909574
0.901775
0.894483
0.885873
0.874072
0.85815
0.838658
0.817531
0.797449
0.781129
0.770431
0.76585
0.766801
0.77225
0.781452
0.793955
0.809093
0.825644
0.841945
0.856568
0.868777
0.878667
0.886862
0.894157
0.901101
0.907937
0.914684
0.921339
0.927753
0.933233
0.93645
0.935684
0.929558
0.917587
0.900203
0.878703
0.855117
0.832082
0.812802
0.800662
0.798483
0.80711
0.82436
0.84543
0.864877
0.878802
0.885777
0.88678
0.884237
0.880903
0.878659
0.878006
0.878316
0.878689
0.878616
0.878024
0.877128
0.876189
0.875536
0.87546
0.876238
0.878138
0.881095
0.884578
0.887665
0.889343
0.889126
0.887185
0.884105
0.880462
0.876462
0.871977
0.866773
0.860769
0.854139
0.847263
0.840696
0.835003
0.830581
0.827569
0.825713
0.824455
0.823116
0.82118
0.818661
0.816318
0.815493
0.817616
0.823714
0.834002
0.847739
0.863584
0.879932
0.895271
0.908292
0.917906
0.923275
0.923981
0.920421
0.913678
0.905018
0.895474
0.885646
0.875875
0.866565
0.858218
0.851421
0.846645
0.844123
0.843787
0.845185
0.847546
0.849865
0.85095
0.849753
0.845607
0.83846
0.829149
0.819512
0.812063
0.809204
0.812291
0.820932
0.833312
0.847058
0.860385
0.87255
0.883773
0.894634
0.905618
0.916955
0.928413
0.939229
0.948021
0.952795
0.95172
0.944098
0.93081
0.914167
0.897285
0.883073
0.873643
0.869889
0.871263
0.876099
0.882384
0.888489
0.893451
0.896722
0.897911
0.896557
0.892233
0.884602
0.873704
0.860022
0.844409
0.828068
0.812428
0.798944
0.788873
0.783113
0.782214
0.78636
0.795303
0.808248
0.823689
0.839614
0.853935
0.864942
0.871576
0.873596
0.871385
0.86572
0.857623
0.84823
0.838909
0.831401
0.827746
0.829658
0.837631
0.850526
0.866026
0.881675
0.895716
0.907301
0.916088
0.921546
0.922798
0.919239
0.910875
0.898469
0.883211
0.866575
0.850194
0.835747
0.824776
0.818353
0.816842
0.819885
0.826539
0.835681
0.84656
0.85908
0.873682
0.890559
0.908998
0.927299
0.94307
0.953883
0.957996
0.95451
0.94337
0.925279
0.901607
0.87453
0.846933
0.822119
0.803171
0.792245
0.790073
0.795792
0.807347
0.822033
0.837043
0.850047
0.859622
0.865502
0.868426
0.869809
0.871107
0.873331
0.877008
0.882035
0.887933
0.893972
0.899176
0.902525
0.903274
0.901233
0.896706
0.890247
0.882186
0.87257
0.861441
0.849323
0.837613
0.828321
0.823333
0.823128
0.826441
0.830675
0.832996
0.831677
0.826926
0.820853
0.816682
0.817159
0.823178
0.833467
0.845492
0.856973
0.866606
0.874189
0.880192
0.885176
0.889306
0.892256
0.893575
0.893033
0.890813
0.887367
0.883249
0.87917
0.876138
0.875327
0.877745
0.88375
0.892664
0.902723
0.911228
0.915319
0.912759
0.902424
0.884542
0.860542
0.83271
0.803816
0.776461
0.75264
0.733632
0.720212
0.713012
0.712618
0.71931
0.732632
0.75134
0.773629
0.797613
0.821633
0.844357
0.864758
0.882101
0.895821
0.905624
0.911518
0.91407
0.91448
0.914352
0.915316
0.918493
0.924263
0.932374
0.942205
0.9529
0.963563
0.97329
0.980969
0.985255
0.984591
0.977533
0.963231
0.941759
0.914476
0.883755
0.852537
0.823506
0.798594
0.778735
0.764161
0.754591
0.74947
0.748025
0.749275
0.75213
0.755568
0.758983
0.762144
0.765242
0.76888
0.774288
0.783266
0.797649
0.81822
0.844085
0.872887
0.901736
0.927955
0.949504
0.964996
0.973794
0.976089
0.972773
0.965265
0.955171
0.943744
0.931387
0.917441
0.900809
0.881112
0.859659
0.839073
0.821795
0.8092
0.802174
0.801474
0.80684
0.816387
0.827821
0.840178
0.854434
0.872229
0.893955
0.917717
0.939851
0.956749
0.966144
0.967592
0.962068
0.951504
0.938232
0.924607
0.912494
0.902925
0.895928
0.890723
0.886113
0.88086
0.874203
0.86619
0.857494
0.849073
0.84184
0.836235
0.83224
0.82927
0.826344
0.822413
0.81664
0.808932
0.800169
0.79209
0.786988
0.787
0.79331
0.805477
0.821449
0.838212
0.852652
0.862585
0.867383
0.867876
0.865785
0.862943
0.86039
0.858164
0.855432
0.851158
0.844701
0.836314
0.82734
0.819924
0.816505
0.818996
0.828101
0.842955
0.861525
0.881322
0.900263
0.916935
0.9304
0.93971
0.94391
0.942264
0.934885
0.923103
0.909432
0.896844
0.887902
0.88392
0.884564
0.888415
0.893587
0.898565
0.902241
0.904013
0.903564
0.900777
0.895805
0.889043
0.881087
0.872835
0.865344
0.859803
0.856966
0.856473
0.85685
0.856503
0.854776
0.852092
0.849407
0.847498
0.846493
0.845977
0.845367
0.844445
0.843343
0.842183
0.840878
0.839543
0.838756
0.839116
0.840688
0.842709
0.844059
0.8438
0.841489
0.837388
0.832294
0.827364
0.823901
0.823013
0.825151
0.829987
0.836465
0.843178
0.848829
0.852862
0.855729
0.858762
0.863629
0.871267
0.881107
0.891239
0.899242
0.903178
0.902139
0.896412
0.887362
0.877014
0.867398
0.859823
0.854729
0.851933
0.851021
0.851359
0.851822
0.850915
0.847563
0.841938
0.836242
0.834856
0.842704
0.861496
0.887667
0.914631
0.936675
0.95071
0.956037
0.953491
0.944818
0.932084
0.917267
0.901894
0.886813
0.872186
0.858153
0.845452
0.835769
0.831119
0.832506
0.838911
0.847852
0.856602
0.863297
0.867301
0.868949
0.868825
0.867092
0.863452
0.857819
0.850997
0.844587
0.839887
0.836802
0.834179
0.830922
0.826956
0.823572
0.822746
0.826184
0.83446
0.846821
0.861571
0.87662
0.88999
0.900083
0.905859
0.906853
0.903211
0.895742
0.885952
0.876319
0.869984
0.869734
0.876389
0.888068
0.901223
0.912345
0.919226
0.921177
0.91872
0.912924
0.904697
0.894571
0.882814
0.869922
0.857237
0.846793
0.840681
0.84022
0.845259
0.85434
0.865227
0.875562
0.883217
0.886516
0.8844
0.876752
0.864691
0.850521
0.83728
0.827891
0.824184
0.826509
0.833925
0.844938
0.857795
0.870494
0.880907
0.88727
0.888672
0.885197
0.877624
0.867274
0.855691
0.844632
0.835734
0.83031
0.829029
0.832003
0.839055
0.84974
0.863344
0.87893
0.895408
0.911529
0.925942
0.937094
0.943324
0.943052
0.93528
0.920083
0.898781
0.873933
0.848896
0.827037
0.811122
0.802596
0.801468
0.806429
0.815142
0.824759
0.832613
0.836936
0.837255
0.834548
0.830909
0.828809
0.830268
0.836207
0.846259
0.858892
0.871982
0.883289
0.890965
0.893768
0.89113
0.883211
0.870819
0.855374
0.838827
0.823478
0.811782
0.806086
0.808386
0.819892
0.840554
0.868648
0.900704
0.932015
0.957761
0.97411
0.97923
0.973398
0.958391
0.936403
0.909398
0.879191
0.848434
0.821529
0.803942
0.799299
0.806992
0.823113
0.843473
0.865128
0.886139
0.904881
0.919942
0.930225
0.934976
0.933608
0.925766
0.911507
0.891647
0.867867
0.842635
0.818881
0.799381
0.786176
0.780209
0.781007
0.787049
0.79611
0.805926
0.814785
0.822079
0.828447
0.835421
0.844491
0.856061
0.869094
0.881559
0.891357
0.897027
0.897994
0.894333
0.886744
0.876384
0.864712
0.853065
0.842584
0.83422
0.828887
0.827533
0.8309
0.83914
0.851563
0.866585
0.88203
0.895609
0.905485
0.910482
0.910044
0.904249
0.893597
0.879096
0.862414
0.846279
0.83466
0.831659
0.839241
0.855611
0.876112
0.895689
0.910614
0.918935
0.920084
0.914527
0.903517
0.889057
0.873765
0.860705
0.852756
0.851815
0.858012
0.86957
0.883562
0.896719
0.90636
0.910744
0.90926
0.902515
0.892168
0.880607
0.870421
0.863695
0.861516
0.863775
0.869397
0.876621
0.88326
0.887045
0.886079
0.879286
0.866785
0.850132
0.832061
0.815617
0.803058
0.795266
0.791633
0.790801
0.791604
0.793745
0.798054
0.806316
0.820204
0.840119
0.864616
0.891176
0.917389
0.941647
0.962958
0.980402
0.992972
0.999612
0.999667
0.993016
0.979923
0.960602
0.935019
0.903018
0.865007
0.822697
0.77924
0.738861
0.705864
0.6838
0.675198
0.681462
0.702467
0.736006
0.777973
0.823337
0.867123
0.905128
0.934204
0.952356
0.958754
0.953738
0.93888
0.916952
0.891636
0.866913
0.846476
0.833099
0.828332
0.83233
0.843979
0.861302
0.881858
0.903363
0.924022
0.942756
0.958694
0.970618
0.976847
0.975636
0.965931
0.947955
0.923355
0.894724
0.865154
0.837825
0.815636
0.800571
0.793541
0.794717
0.804125
0.82125
0.844033
0.868589
0.890311
0.905649
0.913132
0.913222
0.907456
0.897373
0.884196
0.869162
0.854028
0.841061
0.832519
0.829583
0.831698
0.836857
0.842716
0.847465
0.84992
0.849373
0.845455
0.838276
0.82874
0.818701
0.810822
0.808044
0.812466
0.824233
0.84112
0.859463
0.875674
0.887565
0.894814
0.898647
0.900922
0.902993
0.905072
0.906545
0.906791
0.905573
0.903002
0.899329
0.894693
0.889062
0.882137
0.873446
0.862421
0.848718
0.832631
0.815291
0.798535
0.784411
0.774524
0.769635
0.769758
0.774628
0.784283
0.799109
0.81935
0.844425
0.872581
0.901075
0.926851
0.947104
0.95985
0.964221
0.960511
0.949876
0.933964
0.914503
0.893414
0.873104
0.856328
0.845284
0.840766
0.841739
0.845946
0.850702
0.853498
0.852745
0.848334
0.841719
0.835738
0.833604
0.837887
0.849481
0.867366
0.888903
0.910369
0.92773
0.937419
0.937034
0.925767
0.904655
0.876416
0.845025
0.815026
0.790945
0.776382
0.773276
0.781396
0.79857
0.821241
0.845245
0.866856
0.8835
0.894166
0.899304
0.900305
0.898766
0.895988
0.892792
0.889724
0.887221
0.885682
0.885226
0.885482
0.885596
0.884581
0.881836
0.877456
0.872179
0.866759
0.861312
0.855265
0.847911
0.839063
0.829415
0.820185
0.812667
0.807905
0.806931
0.810873
0.820574
0.835893
0.855187
0.875643
0.894207
0.908535
0.917597
0.92173
0.922083
0.919927
0.916321
0.912167
0.908297
0.905213
0.90271
0.899727
0.894805
0.886533
0.874153
0.857679
0.8379
0.816363
0.795329
0.777575
0.766118
0.763579
0.771279
0.788744
0.813574
0.841789
0.868728
0.89014
0.903094
0.90657
0.901642
0.891194
0.879104
0.869133
0.863932
0.864475
0.869925
0.878194
0.886737
0.893172
0.895868
0.894059
0.887933
0.878532
0.86757
0.8571
0.849277
0.84566
0.846555
0.850914
0.856769
0.86228
0.866461
0.869107
0.870462
0.870849
0.870342
0.868731
0.865673
0.861107
0.855577
0.850247
0.846619
0.845854
0.848242
0.852995
0.858738
0.864223
0.868673
0.871866
0.873872
0.874721
0.874398
0.87297
0.870709
0.867888
0.864574
0.86063
0.85598
0.850708
0.845238
0.840041
0.835571
0.832224
0.83036
0.830245
0.831817
0.834564
0.837617
0.840056
0.841351
0.841506
0.841143
0.841281
0.842938
0.846881
0.853469
0.862803
0.874617
0.888166
0.901891
0.913391
0.920027
0.919843
0.912433
0.899143
0.882755
0.866713
0.853849
0.845242
0.840033
0.836296
0.832058
0.826147
0.818591
0.810494
0.803592
0.799399
0.798559
0.800653
0.804461
0.808535
0.811839
0.813969
0.8154
0.81735
0.821279
0.828267
0.838693
0.851939
0.866672
0.881059
0.893195
0.901524
0.905236
0.904229
0.898857
0.889681
0.87732
0.862546
0.846637
0.83154
0.819611
0.813257
0.814431
0.824078
0.841864
0.866005
0.893577
0.920989
0.944441
0.960507
0.966657
0.961826
0.946552
0.923241
0.89575
0.868525
0.845255
0.828163
0.817918
0.813979
0.815001
0.819177
0.824871
0.831122
0.837818
0.845229
0.853525
0.862502
0.871969
0.881926
0.892407
0.90309
0.913034
0.920932
0.92557
0.92622
0.922711
0.915523
0.905811
0.895294
0.885888
0.879224
0.87613
0.8763
0.878445
0.880792
0.881504
0.87931
0.87388
0.866009
0.857586
0.851086
0.848779
0.851636
0.858606
0.866884
0.872981
0.873787
0.867335
0.853117
0.832255
0.807435
0.782641
0.762414
0.75073
0.749712
0.759123
0.77694
0.800302
0.826319
0.852525
0.876906
0.898028
0.915033
0.927637
0.935995
0.940394
0.941336
0.939916
0.938123
0.937957
0.939564
0.940505
0.937341
0.928175
0.913538
0.895557
0.876677
0.858737
0.842891
0.829855
0.820114
0.814254
0.812873
0.816344
0.824515
0.836346
0.849701
0.861562
0.868801
0.869391
0.863328
0.852657
0.840731
0.831212
0.827229
0.830811
0.842253
0.859916
0.880707
0.901176
0.91853
0.93133
0.93931
0.942939
0.942844
0.939624
0.933787
0.92588
0.916505
0.906295
0.895918
0.88619
0.877873
0.87134
0.866455
0.862367
0.857639
0.850825
0.841386
0.830124
0.818894
0.809662
0.803632
0.80119
0.802362
0.806989
0.814725
0.824889
0.836573
0.84872
0.860299
0.870442
0.878448
0.883897
0.886573
0.886417
0.883506
0.878188
0.871169
0.863474
0.856301
0.85065
0.84727
0.846753
0.84965
0.856198
0.866
0.877892
0.890314
0.901697
0.91082
0.91684
0.919357
0.918539
0.915215
0.910437
0.904835
0.898328
0.890453
0.880955
0.87004
0.858163
0.846099
0.835056
0.826528
0.821596
0.82014
0.820821
0.822049
0.823088
0.82416
0.825786
0.827937
0.829739
0.829893
0.827387
0.822095
0.814918
0.807609
0.802161
0.80019
0.802361
0.808376
0.817394
0.828444
0.840464
0.852402
0.863128
0.871587
0.877031
0.879336
0.879014
0.877116
0.875012
0.873997
0.874859
0.877781
0.882477
0.888475
0.895297
0.902266
0.90849
0.912998
0.915042
0.914351
0.911154
0.905945
0.899447
0.892506
0.886078
0.881057
0.877932
0.876617
0.876413
0.876331
0.8756
0.874299
0.873369
0.873961
0.876636
0.880769
0.884633
0.886337
0.884551
0.878754
0.869126
0.856615
0.84328
0.832314
0.82674
0.82763
0.833714
0.84251
0.851477
0.858611
0.862506
0.862424
0.858327
0.850693
0.840268
0.828023
0.815342
0.80426
0.797342
0.796764
0.803108
0.814958
0.829558
0.844131
0.85671
0.866462
0.873287
0.87778
0.881088
0.884995
0.891433
0.901336
0.913706
0.925564
0.93332
0.93423
0.927344
0.913489
0.894892
0.874709
0.856555
0.843672
0.837944
0.839376
0.846236
0.85604
0.86648
0.875876
0.88334
0.888519
0.891427
0.892177
0.891053
0.888322
0.884279
0.879116
0.873078
0.866546
0.860104
0.854456
0.850224
0.84784
0.847579
0.849549
0.853711
0.859846
0.867658
0.876934
0.887479
0.89908
0.910943
0.921419
0.92819
0.928918
0.922112
0.907792
0.887538
0.864091
0.840781
0.82085
0.806815
0.800183
0.801388
0.809699
0.823348
0.839556
0.85492
0.866214
0.871382
0.870103
0.863925
0.855652
0.848286
0.843828
0.842769
0.844685
0.848926
0.855126
0.862944
0.871473
0.879066
0.883601
0.883281
0.877312
0.866068
0.850812
0.833249
0.815026
0.797568
0.782299
0.770773
0.764566
0.764849
0.77184
0.784618
0.8014
0.820199
0.839377
0.857728
0.874405
0.888875
0.900711
0.909492
0.914747
0.91605
0.91322
0.906516
0.896826
0.885681
0.874928
0.866493
0.861972
0.862404
0.868078
0.878506
0.892674
0.909181
0.926305
0.942015
0.954115
0.960444
0.959269
0.949584
0.93129
0.905336
0.873858
0.840403
0.809659
0.786367
0.773648
0.771612
0.777421
0.786834
0.796201
0.80353
0.80852
0.811841
0.814369
0.817023
0.820669
0.826167
0.834269
0.845492
0.859852
0.876684
0.894558
0.911491
0.92542
0.934737
0.93866
0.937379
0.931917
0.923831
0.914721
0.906137
0.899534
0.895817
0.894829
0.895293
0.895399
0.893641
0.889279
0.882317
0.873142
0.862188
0.84985
0.836565
0.823092
0.81066
0.800931
0.79554
0.795442
0.800274
0.808435
0.817457
0.824667
0.827991
0.826336
0.819991
0.81048
0.800072
0.791142
0.785851
0.785959
0.792429
0.804913
0.821451
0.83882
0.853595
0.863166
0.866401
0.863973
0.858019
0.851654
0.848176
0.850168
0.858671
0.872814
0.890123
0.907178
0.920338
0.926486
0.924243
0.914538
0.900059
0.883985
0.868734
0.855576
0.844988
0.837455
0.833634
0.834167
0.839207
0.847929
0.858474
0.868381
0.875456
0.87853
0.877961
0.875442
0.873297
0.873501
0.877194
0.884383
0.894287
0.905539
0.91649
0.925526
0.931306
0.93303
0.930376
0.923667
0.913438
0.900301
0.884799
0.867597
0.849629
0.832254
0.817112
0.805711
0.799013
0.797082
0.798973
0.80296
0.807173
0.810199
0.811569
0.811678
0.811623
0.812864
0.816941
0.8251
0.837827
0.854463
0.873151
0.891219
0.905914
0.915221
0.918284
0.915483
0.908087
0.897917
0.887255
0.878653
0.874507
0.876109
0.883015
0.893283
0.904306
0.913694
0.919603
0.920814
0.916585
0.906737
0.891769
0.872983
0.852257
0.831687
0.813056
0.797701
0.786534
0.780133
0.778612
0.78151
0.787793
0.796116
0.805183
0.814063
0.822254
0.829584
0.835978
0.841389
0.845845
0.849468
0.852579
0.855736
0.859605
0.865031
0.872768
0.883077
0.895326
0.907927
0.91877
0.925856
0.927903
0.924628
0.916685
0.905275
0.89184
0.877626
0.863648
0.850973
0.841002
0.835392
0.835505
0.841368
0.851113
0.861561
0.869604
0.873731
0.874442
0.873616
0.873417
0.875241
0.879269
0.884753
0.890618
0.895934
0.900182
0.903367
0.906076
0.909379
0.914445
0.92189
0.93134
0.941324
0.949448
0.952986
0.949523
0.937528
0.916899
0.889018
0.856805
0.824138
0.795041
0.772747
0.759172
0.754603
0.757909
0.767096
0.780036
0.795054
0.811103
0.827479
0.843314
0.857295
0.867748
0.873156
0.87279
0.867094
0.857552
0.846363
0.835798
0.827711
0.823211
0.8226
0.825358
0.830542
0.837245
0.84504
0.854131
0.864979
0.877848
0.892391
0.907277
0.920413
0.929432
0.932475
0.928979
0.920269
0.909176
0.89857
0.889704
0.882405
0.876373
0.871679
0.868415
0.865807
0.86204
0.85476
0.842181
0.824319
0.803962
0.786404
0.777605
0.781408
0.797667
0.82287
0.852038
0.880373
0.904192
0.921216
0.930368
0.931509
0.925364
0.913541
0.898557
0.883548
0.871728
0.865546
0.865851
0.871475
0.879794
0.887976
0.894088
0.897581
0.898829
0.898123
0.894981
0.8884
0.877724
0.863618
0.848137
0.83393
0.823409
0.818173
0.818925
0.825434
0.836536
0.850492
0.86553
0.88016
0.893274
0.903941
0.911409
0.915152
0.91505
0.911699
0.906211
0.899663
0.892729
0.885703
0.879047
0.873749
0.871296
0.873059
0.87949
0.889672
0.901438
0.911915
0.918243
0.91827
0.911067
0.896967
0.877329
0.854227
0.830491
0.809364
0.793952
0.786325
0.786556
0.792505
0.800428
0.806461
0.808373
0.806396
0.802856
0.800604
0.801669
0.806888
0.816413
0.829886
0.846175
0.863216
0.878798
0.891263
0.899736
0.904207
0.905229
0.903804
0.901122
0.898146
0.895409
0.892951
0.890463
0.887551
0.883998
0.88016
0.876896
0.875111
0.874904
0.875275
0.874668
0.871953
0.866955
0.860576
0.854336
0.849604
0.847021
0.846171
0.845996
0.845399
0.844127
0.84308
0.843942
0.84822
0.856299
0.867103
0.878799
0.889481
0.897656
0.902338
0.902883
0.898903
0.890461
0.878294
0.863991
0.849759
0.83774
0.829338
0.825001
0.824346
0.826566
0.830699
0.835755
0.840806
0.845179
0.848726
0.85182
0.855119
0.8591
0.863654
0.868007
0.87121
0.872754
0.872818
0.872208
0.871874
0.872514
0.874327
0.877072
0.880224
0.883113
0.885027
0.885402
0.883891
0.880399
0.875151
0.868719
0.862027
0.856025
0.851455
0.8486
0.84715
0.846329
0.845259
0.843311
0.840355
0.836659
0.832742
0.829213
0.826612
0.825429
0.825918
0.828247
0.832433
0.838154
0.84455
0.850364
0.854647
0.857392
0.85924
0.860644
0.861521
0.861774
0.862046
0.863866
0.868914
0.878011
0.890621
0.905123
0.91954
0.93214
0.941604
0.94731
0.949628
0.950005
0.950091
0.950306
0.949336
0.945089
0.936219
0.923011
0.907031
0.890291
0.874553
0.86088
0.84963
0.840632
0.833511
0.827937
0.823742
0.820712
0.818373
0.816111
0.813406
0.810174
0.807039
0.805435
0.80712
0.813348
0.82375
0.83627
0.848093
0.857007
0.862056
0.863523
0.862332
0.859496
0.855752
0.851598
0.847594
0.844686
0.844232
0.847659
0.855815
0.86828
0.88323
0.898205
0.911053
0.920346
0.925434
0.926151
0.922506
0.914597
0.902523
0.886449
0.866744
0.844139
0.819879
0.795823
0.774127
0.757062
0.746532
0.743768
0.749008
0.761292
0.778505
0.797901
0.816716
0.832764
0.844482
0.850932
0.851765
0.847662
0.840894
0.835574
0.836625
0.84729
0.867199
0.892906
0.920143
0.945443
0.96654
0.982183
0.991807
0.995379
0.993196
0.98585
0.974142
0.958974
0.94124
0.921627
0.900612
0.878524
0.855858
0.833987
0.81582
0.805638
0.807463
0.822039
0.845474
0.871323
0.893978
0.910158
0.918968
0.921052
0.917973
0.911554
0.90356
0.895239
0.887178
0.87956
0.87263
0.867112
0.864166
0.864908
0.869753
0.877927
0.887545
0.896105
0.901313
0.901781
0.897407
0.889292
0.879446
0.869956
0.8621
0.855851
0.84989
0.842325
0.831482
0.816519
0.797818
0.776993
0.756897
0.741303
0.733822
0.736107
0.746767
0.761881
0.776964
0.788829
0.796374
0.800409
0.80233
0.802841
0.801602
0.798242
0.79322
0.787946
0.784185
0.783276
0.785676
0.790899
0.79785
0.805421
0.812844
0.819619
0.825351
0.829801
0.833199
0.836244
0.840011
0.845571
0.853674
0.864816
0.879177
0.896583
0.916195
0.936447
0.955033
0.969175
0.976322
0.974753
0.963973
0.944745
0.919402
0.891818
0.866802
0.848292
0.837543
0.832959
0.831788
0.831863
0.832084
0.832163
0.83228
0.832885
0.834581
0.837913
0.843201
0.85034
0.858873
0.86808
0.877301
0.885893
0.893534
0.900461
0.907594
0.916127
0.927001
0.940112
0.954083
0.966632
0.975362
0.978308
0.974202
0.962528
0.943393
0.917697
0.887279
0.854836
0.823753
0.797356
0.778177
0.767498
0.765294
0.770633
0.78194
0.797366
0.814948
0.832709
0.84886
0.862008
0.871328
0.876512
0.877872
0.876194
0.872643
0.868458
0.864583
0.861488
0.859045
0.85663
0.853285
0.848123
0.840594
0.830921
0.820612
0.81233
0.808859
0.811427
0.819079
0.829577
0.84083
0.851217
0.859452
0.864154
0.863926
0.857854
0.845959
0.829273
0.809858
0.790637
0.7749
0.765497
0.764053
0.770364
0.782493
0.797551
0.812783
0.826186
0.836663
0.84382
0.84773
0.848727
0.847452
0.844973
0.84279
0.842515
0.84539
0.851906
0.861645
0.87348
0.886131
0.898657
0.910528
0.921529
0.931442
0.939996
0.946692
0.950962
0.952238
0.950053
0.944185
0.934829
0.922627
0.908859
0.895198
0.88352
0.875582
0.872553
0.874604
0.880567
0.888271
0.895072
0.898662
0.897603
0.891598
0.881619
0.869518
0.857611
0.848239
0.84343
0.844627
0.852312
0.865798
0.883176
0.901817
0.918929
0.932157
0.939775
0.940698
0.934354
0.920667
0.900231
0.874278
0.844614
0.813428
0.783078
0.75595
0.734566
0.721588
0.7193
0.728437
0.747543
0.773389
0.802322
0.831293
0.858136
0.881314
0.89965
0.912064
0.917616
0.91585
0.907009
0.892347
0.874044
0.854953
0.837982
0.825288
0.818114
0.8171
0.822631
0.834135
0.849543
0.86523
0.877139
0.882235
0.879765
0.871534
0.861133
0.852174
0.846464
0.843439
0.841348
0.838934
0.836066
0.833392
0.831876
0.832377
0.835479
0.84131
0.84945
0.859133
0.869482
0.879748
0.889416
0.89827
0.906414
0.913879
0.920119
0.923645
0.922624
0.915934
0.904074
0.889049
0.873668
0.860567
0.851399
0.846708
0.84596
0.847985
0.851437
0.855294
0.859158
0.863286
0.868195
0.874379
0.881889
0.890348
0.899099
0.907411
0.914814
0.92112
0.92629
0.930174
0.932476
0.932748
0.930466
0.924876
0.9151
0.900619
0.882149
0.862198
0.844519
0.832655
0.828543
0.831916
0.840791
0.852308
0.863662
0.87273
0.878281
0.879864
0.877586
0.871966
0.863791
0.853984
0.843318
0.83229
0.821241
0.810625
0.801307
0.794495
0.791439
0.793126
0.799905
0.811374
0.826396
0.84333
0.860334
0.875851
0.888842
0.898895
0.906189
0.911284
0.914787
0.916969
0.91755
0.915659
0.910122
0.899849
0.88436
0.864128
0.840871
0.817585
0.798094
0.785793
0.782345
0.786903
0.796766
0.808728
0.820087
0.829033
0.834552
0.836282
0.83451
0.829969
0.823528
0.816013
0.808201
0.801037
0.795808
0.793977
0.79675
0.804339
0.815939
0.830126
0.845266
0.859874
0.872778
0.883071
0.890133
0.893548
0.893199
0.88924
0.882144
0.872939
0.863257
0.855211
0.85087
0.851594
0.857463
0.867213
0.878679
0.889492
0.898027
0.903734
0.907155
0.909512
0.911899
0.914666
0.917369
0.919103
0.919291
0.918107
0.916441
0.915418
0.915724
0.917218
0.918931
0.919479
0.917586
0.912539
0.904321
0.893575
0.881283
0.868374
0.855502
0.842868
0.830456
0.818345
0.807153
0.798081
0.792612
0.791852
0.795992
0.804241
0.815199
0.827491
0.840179
0.85287
0.865313
0.876892
0.886494
0.892658
0.894182
0.890669
0.882591
0.871049
0.857431
0.843245
0.830155
0.819719
0.813165
0.811018
0.812939
0.817562
0.822727
0.825936
0.824967
0.818456
0.806343
0.790226
0.773414
0.760276
0.755029
0.760383
0.776642
0.801904
0.832874
0.865719
0.896792
0.923145
0.942905
0.955283
0.960715
0.960399
0.955867
0.948702
0.940246
0.931408
0.922697
0.913855
0.904102
0.892667
0.879427
0.865373
0.852522
0.843393
0.84006
0.843254
0.85185
0.863353
0.874579
0.882597
0.88533
0.881955
0.872986
0.859939
0.845022
0.830791
0.819905
0.814682
0.816558
0.825662
0.840662
0.859176
0.878316
0.895196
0.907468
0.913601
0.91329
0.907395
0.897661
0.886403
0.876028
0.868512
0.865248
0.867075
0.874376
0.886846
0.903029
0.920184
0.934999
0.944407
0.946291
0.939741
0.925015
0.903446
0.877395
0.8499
0.824355
0.80399
0.791261
0.787328
0.791727
0.802549
0.81707
0.832575
0.84676
0.857905
0.8646
0.865596
0.859917
0.84732
0.828736
0.806289
0.783032
0.762277
0.746958
0.739035
0.739146
0.746582
0.759721
0.776618
0.795544
0.815309
0.835192
0.855038
0.875011
0.895215
0.915194
0.933683
0.948682
0.957882
0.959605
0.953882
0.943109
0.931585
0.92391
0.922997
0.928756
0.938353
0.94765
0.952907
0.951936
0.944489
0.931954
0.916878
0.90213
0.889972
0.881627
0.877198
0.87629
0.878411
0.882989
0.889149
0.895481
0.900053
0.900716
0.895659
0.883906
0.865889
0.844134
0.82364
0.810349
0.807539
0.813742
0.824616
0.836273
0.84649
0.854231
0.859097
0.860922
0.859751
0.855821
0.849712
0.842373
0.835013
0.828813
0.824841
0.824054
0.827545
0.836078
0.849285
0.865336
0.881546
0.895149
0.90393
0.906522
0.902437
0.892044
0.876297
0.856573
0.834786
0.813478
0.795663
0.784127
0.780561
0.785013
0.796251
0.812501
0.832012
0.853053
0.873859
0.892705
0.908108
0.919126
0.925405
0.926995
0.92428
0.918064
0.909566
0.900293
0.891651
0.884566
0.879137
0.874891
0.871267
0.868145
0.865997
0.865567
0.867602
0.872735
0.881297
0.892989
0.906492
0.919601
0.929934
0.935959
0.937588
0.935786
0.931714
0.925986
0.91827
0.90773
0.893529
0.875539
0.854895
0.833875
0.815433
0.802471
0.796958
0.799156
0.807383
0.818198
0.82746
0.831614
0.828895
0.819664
0.805906
0.790471
0.776272
0.765906
0.761532
0.764741
0.776179
0.795274
0.820015
0.847323
0.873915
0.897009
0.914831
0.926746
0.932954
0.934203
0.931181
0.924339
0.913931
0.900385
0.884677
0.868418
0.853549
0.841901
0.83467
0.832192
0.834115
0.83949
0.846956
0.855186
0.863366
0.871372
0.879347
0.887033
0.893519
0.897579
0.898355
0.895875
0.891089
0.885416
0.880067
0.875559
0.871748
0.868451
0.866246
0.866529
0.87061
0.878412
0.887942
0.896199
0.900611
0.900113
0.895446
0.888601
0.881946
0.877198
0.874837
0.874222
0.874241
0.873916
0.872546
0.869904
0.866308
0.862646
0.859932
0.858723
0.858624
0.858315
0.856187
0.851007
0.84239
0.830932
0.818354
0.807347
0.801096
0.802042
0.810447
0.823884
0.838802
0.85261
0.864791
0.8765
0.888893
0.901556
0.912149
0.917609
0.915754
0.906398
0.891313
0.873658
0.856967
0.844156
0.836664
0.834259
0.835277
0.837335
0.838155
0.836492
0.832362
0.826997
0.822363
0.820467
0.822652
0.82904
0.83857
0.849497
0.860197
0.869841
0.878408
0.88624
0.893419
0.899485
0.903643
0.905274
0.904337
0.901512
0.897898
0.894444
0.891581
0.889289
0.887577
0.886854
0.887745
0.890388
0.893935
0.896706
0.896845
0.893019
0.884698
0.872162
0.856413
0.839005
0.821959
0.80748
0.797577
0.793335
0.794662
0.800335
0.808608
0.817984
0.827724
0.837739
0.847954
0.857735
0.865613
0.869506
0.8675
0.858574
0.84327
0.823872
0.803999
0.787592
0.777816
0.776232
0.782772
0.796314
0.815513
0.839131
0.86576
0.893123
0.917899
0.936332
0.945225
0.942848
0.929461
0.907241
0.879852
0.8516
0.826348
0.806562
0.793012
0.785303
0.782762
0.785056
0.792054
0.802894
0.815847
0.829061
0.841945
0.855862
0.873622
0.897828
0.928875
0.964202
0.999227
1.02913
1.05035
1.06092
1.06007
1.04787
1.02482
0.991843
0.950586
0.903972
0.856567
0.814177
0.782553
0.765427
0.76318
0.772961
0.790205
0.810329
0.829725
0.84585
0.856913
0.861734
0.859768
0.851314
0.83749
0.820351
0.802594
0.78719
0.776713
0.772786
0.775797
0.785033
0.799158
0.81659
0.835605
0.854517
0.872045
0.887457
0.900689
0.9119
0.920995
0.927609
0.931387
0.932449
0.931211
0.927994
0.922494
0.913947
0.90179
0.886466
0.869505
0.853253
0.840094
0.831831
0.829181
0.831642
0.837679
0.845257
0.852348
0.857583
0.860576
0.861859
0.862347
0.86257
0.862336
0.860878
0.857237
0.850718
0.841077
0.828484
0.813563
0.797692
0.783291
0.773688
0.77222
0.780875
0.79938
0.825231
0.854525
0.88317
0.907655
0.92553
0.935565
0.937644
0.932656
0.92207
0.907484
0.890208
0.8712
0.851226
0.8313
0.812925
0.798129
0.78919
0.788003
0.795536
0.811475
0.834136
0.860884
0.888829
0.915316
0.938469
0.957083
0.970448
0.978015
0.979231
0.973638
0.96133
0.943267
0.921371
0.898203
0.876328
0.858008
0.844893
0.83787
0.836902
0.8411
0.849352
0.860724
0.874586
0.890202
0.906291
0.920793
0.931184
0.935259
0.931769
0.920723
0.903161
0.880636
0.854714
0.826823
0.798368
0.770942
0.746565
0.727667
0.716867
0.71656
0.728131
0.751212
0.783363
0.820845
0.859787
0.896593
0.927839
0.950451
0.962158
0.962008
0.950631
0.930145
0.903964
0.87644
0.852204
0.835477
0.829132
0.833894
0.848224
0.869085
0.89272
0.915361
0.933861
0.946164
0.951486
0.950213
0.943566
0.933051
0.919928
0.904883
0.888031
0.869241
0.848549
0.826526
0.804327
0.783664
0.766753
0.755921
0.75315
0.759441
0.774342
0.796143
0.822281
0.850019
0.876906
0.901042
0.921011
0.935839
0.945004
0.948496
0.947063
0.942168
0.935722
0.929603
0.924932
0.921741
0.918959
0.914908
0.908014
0.89723
0.882387
0.864124
0.843826
0.823515
0.805439
0.791509
0.782516
0.777994
0.776667
0.777371
0.779666
0.783776
0.790274
0.79948
0.811209
0.824637
0.838733
0.852725
0.866407
0.880109
0.894262
0.908669
0.922286
0.933234
0.939446
0.939373
0.932503
0.919459
0.901832
0.88173
0.861145
0.841625
0.824204
0.809518
0.798152
0.790936
0.788884
0.792595
0.801617
0.814095
0.827153
0.837783
0.843764
0.844127
0.839187
0.830561
0.820814
0.812869
0.809368
0.811958
0.82082
0.834732
0.85163
0.869409
0.886471
0.901657
0.914061
0.92288
0.927399
0.927241
0.922449
0.913638
0.902115
0.889868
0.879388
0.873036
0.872222
0.876772
0.884924
0.894029
0.901226
0.904148
0.901267
0.892202
0.877603
0.859026
0.838665
0.818974
0.802399
0.791233
0.787219
0.791166
0.802481
0.819276
0.839037
0.859415
0.878753
0.896164
0.911064
0.922787
0.930337
0.932579
0.928602
0.918451
0.903715
0.887443
0.872887
0.861796
0.853993
0.848428
0.844254
0.841101
0.839016
0.83851
0.840291
0.844762
0.851558
0.859384
0.866631
0.872174
0.875812
0.878069
0.879643
0.88086
0.881447
0.88079
0.878424
0.874398
0.869353
0.86443
0.860879
0.85951
0.86015
0.861417
0.861208
0.85766
0.850095
0.839598
0.828798
0.820895
0.818205
0.821407
0.829488
0.840536
0.852418
0.863286
0.871819
0.877532
0.881353
0.885761
0.893703
0.906298
0.921754
0.937046
0.949628
0.957841
0.960386
0.956378
0.945882
0.930235
0.911729
0.892715
0.874817
0.858759
0.844894
0.833651
0.825836
0.822519
0.824417
0.831289
0.841719
0.853436
0.86399
0.871466
0.87502
0.875113
0.873274
0.871423
0.871033
0.872345
0.874278
0.874949
0.872459
0.865709
0.854788
0.841107
0.827105
0.815774
0.809928
0.811515
0.821045
0.83754
0.858761
0.881912
0.904192
0.923264
0.937287
0.945018
0.945668
0.938901
0.924678
0.903385
0.87611
0.844799
0.812556
0.783496
0.762082
0.751876
0.754244
0.767806
0.788947
0.813376
0.837614
0.859632
0.878592
0.894098
0.905496
0.911975
0.912927
0.908613
0.900505
0.891183
0.88357
0.879895
0.880857
0.885333
0.890772
0.89406
0.892489
0.884683
0.870971
0.853285
0.834559
0.817724
0.804707
0.795958
0.790699
0.787754
0.786342
0.786523
0.789221
0.795575
0.806364
0.821592
0.840284
0.860592
0.880261
0.897281
0.910411
0.919227
0.923866
0.924756
0.92227
0.916698
0.908459
0.898581
0.888914
0.881839
0.879293
0.881874
0.888754
0.898263
0.908588
0.918169
0.925769
0.930455
0.931359
0.927839
0.919853
0.908245
0.894696
0.881248
0.869755
0.861143
0.8549
0.849299
0.842297
0.832413
0.819292
0.803576
0.786578
0.769985
0.755608
0.745257
0.740463
0.742244
0.750825
0.765427
0.784321
0.805062
0.825034
0.841824
0.85351
0.858861
0.857405
0.849839
0.838417
0.82678
0.819044
0.818267
0.825407
0.839343
0.857684
0.877691
0.896923
0.913629
0.926797
0.936243
0.942266
0.945333
0.945724
0.943442
0.93841
0.930652
0.920513
0.908705
0.896075
0.883354
0.870895
0.858577
0.845868
0.832199
0.817488
0.802562
0.789239
0.779871
0.776676
0.780881
0.792347
0.8095
0.82988
0.850591
0.868829
0.882347
0.889889
0.891748
0.889879
0.887346
0.887205
0.891131
0.898844
0.908509
0.917659
0.924036
0.926149
0.923374
0.915829
0.904223
0.889644
0.873282
0.856207
0.839221
0.8229
0.80786
0.795032
0.785646
0.780866
0.781462
0.787409
0.797602
0.80992
0.821753
0.830661
0.834983
0.834158
0.828635
0.819636
0.808901
0.798628
0.79123
0.78895
0.793379
0.804857
0.822164
0.84265
0.862888
0.879675
0.890818
0.895715
0.895492
0.892557
0.889769
0.889217
0.89156
0.896054
0.901247
0.905698
0.908293
0.90837
0.905576
0.899825
0.891573
0.882088
0.873168
0.866742
0.8641
0.86536
0.869445
0.87465
0.879227
0.881863
0.881871
0.879066
0.873732
0.866509
0.85829
0.849904
0.841962
0.834739
0.828456
0.823632
0.821301
0.822701
0.828573
0.838476
0.85056
0.862177
0.871278
0.877683
0.883868
0.893913
0.910221
0.930879
0.950567
0.963911
0.967758
0.96126
0.945194
0.921395
0.892384
0.861147
0.831052
0.805545
0.787707
0.779401
0.780864
0.790879
0.807117
0.826162
0.843649
0.855243
0.858086
0.851965
0.839368
0.824369
0.811126
0.802619
0.800105
0.803374
0.811291
0.822392
0.835216
0.848608
0.861537
0.873019
0.882081
0.888014
0.890602
0.890443
0.888763
0.887016
0.886275
0.886854
0.888657
0.891471
0.895151
0.899494
0.90394
0.907612
0.909645
0.909432
0.906745
0.901753
0.895036
0.887317
0.879267
0.871549
0.865045
0.860901
0.860148
0.862984
0.868223
0.873723
0.877302
0.87775
0.875083
0.869941
0.863009
0.854733
0.845723
0.837254
0.831249
0.829209
0.830788
0.833508
0.834171
0.830822
0.823847
0.815417
0.808281
0.804669
0.805729
0.811437
0.820755
0.831953
0.843308
0.853507
0.861844
0.868226
0.872803
0.875867
0.87771
0.878552
0.87865
0.878184
0.877272
0.875943
0.874218
0.871918
0.868766
0.864454
0.858963
0.852894
0.847533
0.844429
0.844767
0.848955
0.856624
0.867145
0.880232
0.89592
0.913982
0.93304
0.950196
0.961708
0.96461
0.957828
0.942703
0.922451
0.901124
0.882025
0.866808
0.855673
0.848054
0.843275
0.840669
0.839527
0.839135
0.83892
0.838525
0.837634
0.835962
0.833109
0.828674
0.822459
0.814598
0.80561
0.796268
0.787427
0.779882
0.774306
0.7712
0.77079
0.773083
0.777719
0.784084
0.791362
0.798775
0.805696
0.812001
0.818078
0.824819
0.83334
0.844569
0.85888
0.875548
0.892759
0.90809
0.91925
0.924847
0.924712
0.919558
0.910187
0.896996
0.879988
0.859505
0.837027
0.815385
0.797887
0.786954
0.783173
0.78557
0.792672
0.803397
0.817287
0.834051
0.853016
0.872836
0.89178
0.908219
0.921041
0.929783
0.934461
0.935458
0.933244
0.92823
0.920691
0.910703
0.898115
0.882826
0.865138
0.846183
0.828158
0.813984
0.806475
0.807252
0.816093
0.830927
0.848814
0.867059
0.88407
0.899523
0.913747
0.926686
0.937254
0.943326
0.942849
0.934925
0.920302
0.900899
0.879179
0.857599
0.838522
0.824084
0.815663
0.813512
0.816672
0.823313
0.831335
0.838857
0.844705
0.848684
0.851445
0.853977
0.856943
0.860133
0.862336
0.861897
0.857728
0.850111
0.840982
0.833636
0.831583
0.837079
0.849773
0.866622
0.883204
0.895485
0.900966
0.898962
0.890469
0.877665
0.863222
0.849617
0.838768
0.831715
0.828694
0.829337
0.832955
0.838669
0.845516
0.85236
0.857959
0.861134
0.86103
0.857146
0.8494
0.838194
0.824572
0.8103
0.797835
0.789827
0.788434
0.794617
0.807863
0.826376
0.847685
0.869408
0.88978
0.90795
0.92341
0.93509
0.941213
0.940095
0.931263
0.915803
0.895899
0.874095
0.852601
0.833116
0.816975
0.805415
0.799694
0.800904
0.809464
0.824716
0.84464
0.866287
0.886587
0.90344
0.916317
0.925698
0.931337
0.931346
0.923419
0.906952
0.884033
0.858432
0.834151
0.814163
0.799927
0.791929
0.79028
0.795063
0.806232
0.823416
0.845655
0.871468
0.898937
0.925882
0.949994
0.969194
0.982125
0.988442
0.988728
0.984227
0.976289
0.966011
0.953924
0.940018
0.923805
0.904911
0.883658
0.861547
0.841196
0.82568
0.817217
0.81634
0.821898
0.831767
0.843583
0.855132
0.86448
0.870057
0.870658
0.865607
0.854785
0.838746
0.818844
0.797431
0.777574
0.762483
0.754446
0.754031
0.760221
0.77106
0.784579
0.799333
0.814377
0.829308
0.844038
0.858649
0.873068
0.886619
0.898043
0.905555
0.907417
0.902599
0.891521
0.876374
0.860442
0.846748
0.836991
0.831228
0.828613
0.828552
0.831034
0.836467
0.844923
0.855331
0.865767
0.874285
0.879836
0.882321
0.882263
0.880473
0.878008
0.87633
0.877222
0.882211
0.891731
0.904675
0.918756
0.930858
0.937911
0.937561
0.928765
0.912328
0.890704
0.867014
0.843974
0.823358
0.806481
0.794728
0.789497
0.791543
0.800252
0.81356
0.82867
0.843146
0.855608
0.865855
0.874363
0.881799
0.888753
0.895624
0.902712
0.910199
0.917986
0.925517
0.931735
0.935409
0.935461
0.931574
0.924231
0.914287
0.902453
0.889019
0.874014
0.857288
0.838587
0.817803
0.795571
0.773911
0.756569
0.748186
0.752394
0.769955
0.798564
0.833867
0.870766
0.904515
0.931341
0.94903
0.956968
0.955742
0.94673
0.931937
0.913931
0.895744
0.880469
0.870617
0.867342
0.870176
0.876988
0.884348
0.888427
0.886144
0.876219
0.859719
0.839837
0.820766
0.806444
0.799506
0.800687
0.809021
0.82255
0.838901
0.855863
0.871665
0.885021
0.895042
0.901153
0.903013
0.900406
0.893265
0.882008
0.867589
0.851663
0.836441
0.82443
0.817842
0.817728
0.823364
0.832489
0.842245
0.850341
0.855808
0.859059
0.861513
0.864747
0.869709
0.876242
0.883147
0.88877
0.891764
0.891598
0.888639
0.883672
0.877434
0.870429
0.863276
0.857009
0.853029
0.852597
0.856243
0.863241
0.871912
0.88016
0.886252
0.889088
0.888082
0.883008
0.873959
0.861677
0.847702
0.834275
0.823463
0.816584
0.813896
0.815077
0.819722
0.827621
0.838547
0.851964
0.867139
0.883101
0.898814
0.913242
0.925332
0.934095
0.938862
0.939482
0.936366
0.930342
0.922143
0.911915
0.899164
0.883322
0.86421
0.842586
0.820381
0.800346
0.785445
0.778147
0.779617
0.789243
0.804677
0.822472
0.839193
0.852551
0.861667
0.86678
0.868631
0.868102
0.865974
0.862948
0.859659
0.85658
0.854055
0.852176
0.850583
0.848578
0.845244
0.839876
0.832641
0.824699
0.81822
0.815782
0.819612
0.830792
0.848709
0.870999
0.89392
0.913292
0.9255
0.928498
0.922173
0.908064
0.888566
0.866093
0.842461
0.819014
0.797164
0.77883
0.766567
0.762834
0.768834
0.783878
0.805746
0.831323
0.857394
0.88135
0.901356
0.916281
0.925644
0.929496
0.928428
0.923452
0.915815
0.906877
0.897974
0.890312
0.884656
0.881124
0.879292
0.878264
0.877013
0.874457
0.869663
0.861937
0.851128
0.837978
0.824212
0.812275
0.804643
0.803194
0.808677
0.820631
0.837224
0.855555
0.872319
0.884689
0.891125
0.891543
0.887232
0.880295
0.873001
0.867234
0.864038
0.863625
0.865632
0.869537
0.874764
0.880784
0.88688
0.892018
0.895019
0.894953
0.891481
0.88519
0.877394
0.869619
0.8632
0.858932
0.856959
0.856959
0.858508
0.861362
0.865611
0.871391
0.878416
0.885764
0.891925
0.894938
0.893226
0.886029
0.873665
0.857562
0.839983
0.823506
0.810341
0.802028
0.799137
0.801465
0.808353
0.819127
0.833025
0.848985
0.865442
0.880773
0.89387
0.90444
0.912782
0.919212
0.923613
0.925502
0.924097
0.918404
0.907491
0.890929
0.869159
0.843935
0.818558
0.797802
0.787057
0.790779
0.810529
0.843757
0.884219
0.924147
0.956586
0.976984
0.9837
0.977784
0.962497
0.942412
0.922076
0.90459
0.89093
0.880216
0.870524
0.859754
0.846423
0.830017
0.811321
0.792502
0.776645
0.76683
0.765142
0.772112
0.786782
0.807235
0.831087
0.855839
0.879053
0.898497
0.91225
0.918951
0.918106
0.910122
0.896225
0.878286
0.858317
0.838343
0.820499
0.807014
0.799951
0.800523
0.808508
0.822215
0.838983
0.85588
0.870454
0.881357
0.888602
0.893307
0.896998
0.900911
0.905618
0.911035
0.916685
0.921798
0.925485
0.926844
0.925054
0.919658
0.910809
0.899537
0.887579
0.876783
0.868351
0.86238
0.858002
0.854062
0.849571
0.844124
0.837722
0.830521
0.822957
0.816051
0.811344
0.810202
0.812919
0.818657
0.825885
0.832985
0.838653
0.842243
0.844154
0.845946
0.849833
0.85741
0.868775
0.882606
0.896852
0.90957
0.919421
0.925892
0.929342
0.930862
0.931739
0.932771
0.9341
0.935386
0.935945
0.934927
0.931318
0.923935
0.911802
0.894373
0.871795
0.845109
0.816368
0.788557
0.764927
0.748037
0.739113
0.738002
0.743838
0.755713
0.772976
0.794959
0.820614
0.848228
0.875664
0.900686
0.92135
0.936229
0.944427
0.945616
0.940306
0.930033
0.917061
0.9035
0.890545
0.878481
0.867055
0.85609
0.845642
0.836142
0.828526
0.824
0.823849
0.829216
0.840642
0.857351
0.876942
0.896157
0.911909
0.9222
0.926406
0.925214
0.920144
0.912942
0.904927
0.896537
0.887696
0.878339
0.86882
0.860092
0.853453
0.850134
0.850949
0.855824
0.863634
0.872568
0.880778
0.88683
0.889859
0.889349
0.884914
0.876311
0.863868
0.848974
0.83422
0.822591
0.816171
0.815186
0.818131
0.822888
0.828032
0.833369
0.839709
0.847928
0.858257
0.87016
0.88252
0.894085
0.90367
0.910506
0.914429
0.915938
0.915864
0.915152
0.91442
0.913931
0.913775
0.914067
0.914754
0.915042
0.913233
0.907411
0.896396
0.880297
0.860456
0.839118
0.818787
0.801785
0.789725
0.783309
0.782232
0.785534
0.791731
0.799282
0.806908
0.813729
0.819015
0.821903
0.821363
0.816745
0.808942
0.801193
0.798164
0.803335
0.816965
0.836703
0.859477
0.882747
0.904748
0.92429
0.94067
0.953536
0.962708
0.967888
0.968577
0.963981
0.953151
0.935441
0.911051
0.88163
0.850416
0.822005
0.801787
0.794754
0.803743
0.828042
0.863268
0.902895
0.940185
0.969656
0.987693
0.992558
0.984477
0.965279
0.937978
0.90598
0.872492
0.840199
0.811495
0.788927
0.775377
0.77352
0.784466
0.806235
0.833999
0.862191
0.886787
0.905983
0.919698
0.928465
0.932805
0.932818
0.928324
0.919122
0.905432
0.888093
0.868439
0.848142
0.828895
0.81204
0.798526
0.788936
0.783722
0.783352
0.787842
0.796292
0.806796
0.817123
0.825486
0.831066
0.834091
0.835542
0.836754
0.838851
0.842523
0.84786
0.854432
0.861389
0.86767
0.872165
0.873926
0.872436
0.867824
0.861082
0.853923
0.848346
0.846069
0.848191
0.855175
0.866716
0.881792
0.898599
0.914975
0.928913
0.93904
0.944909
0.946894
0.946105
0.944165
0.942784
0.943413
0.946712
0.952203
0.958445
0.963422
0.965229
0.962567
0.954821
0.942336
0.926248
0.90831
0.890345
0.873766
0.859214
0.846305
0.833738
0.819852
0.803792
0.786975
0.773081
0.765801
0.765968
0.771415
0.779165
0.787096
0.794138
0.799644
0.802998
0.803624
0.801327
0.796633
0.790921
0.786347
0.785432
0.790294
0.801816
0.819057
0.839395
0.859465
0.87615
0.887224
0.891638
0.889565
0.882428
0.872637
0.862821
0.855163
0.850985
0.850766
0.85413
0.859942
0.866434
0.871682
0.874172
0.873303
0.869545
0.864224
0.85901
0.85535
0.85407
0.855113
0.857844
0.861363
0.864973
0.868288
0.87117
0.873592
0.875596
0.877095
0.877898
0.87792
0.877327
0.876946
0.878391
0.883568
0.893621
0.907869
0.923673
0.937497
0.946151
0.947665
0.94165
0.929155
0.912276
0.893467
0.8748
0.857609
0.842791
0.831122
0.823403
0.820093
0.820965
0.824937
0.830401
0.835759
0.839758
0.841691
0.841433
0.839487
0.83678
0.834363
0.832788
0.83193
0.831128
0.829702
0.82752
0.825252
0.824277
0.826194
0.832303
0.842835
0.85657
0.871151
0.883785
0.892001
0.894398
0.890929
0.88282
0.872421
0.862579
0.855827
0.853419
0.855064
0.859417
0.86498
0.870873
0.876627
0.881807
0.885579
0.886906
0.884922
0.879547
0.871699
0.863043
0.855528
0.850764
0.849562
0.851678
0.856022
0.861052
0.865528
0.869172
0.872797
0.877667
0.884475
0.892616
0.900523
0.906443
0.908836
0.906345
0.897957
0.883471
0.863902
0.841486
0.819298
0.800493
0.787509
0.78164
0.78277
0.78965
0.800222
0.81215
0.823295
0.831942
0.836984
0.837958
0.835206
0.829929
0.824112
0.820332
0.821102
0.828263
0.842334
0.862135
0.885071
0.907964
0.927915
0.943235
0.953639
0.959969
0.963555
0.965337
0.965266
0.962384
0.955143
0.94208
0.922671
0.897922
0.870623
0.844613
0.823553
0.809725
0.803451
0.803309
0.806758
0.810997
0.813792
0.813889
0.811101
0.806163
0.800328
0.794956
0.791271
0.790138
0.791994
0.796851
0.804397
0.814013
0.824842
0.836055
0.847297
0.858811
0.871259
0.88502
0.899718
0.914088
0.92645
0.935406
0.94031
0.941309
0.938997
0.933944
0.926599
0.917352
0.906578
0.894906
0.883284
0.872889
0.865088
0.861015
0.860838
0.863549
0.867052
0.868755
0.866583
0.859768
0.849024
0.835804
0.821566
0.807439
0.794597
0.784867
0.780632
0.783866
0.794748
0.811184
0.82945
0.845475
0.856298
0.860781
0.859732
0.855511
0.850996
0.84884
0.851029
0.858548
0.871481
0.888985
0.909203
0.929418
0.946606
0.958158
0.962178
0.957972
0.946168
0.928641
0.908115
0.887244
0.8678
0.850741
0.836917
0.827604
0.82428
0.82777
0.837547
0.851557
0.866786
0.880486
0.891124
0.898675
0.904055
0.908212
0.911452
0.913239
0.912721
0.909333
0.903209
0.89509
0.886079
0.877407
0.870294
0.86569
0.86383
0.863976
0.864416
0.863131
0.858515
0.849999
0.838208
0.824953
0.812832
0.804611
0.802383
0.806999
0.818045
0.834005
0.85266
0.871605
0.888645
0.901822
0.90935
0.9096
0.901513
0.885076
0.861509
0.833526
0.80511
0.780979
0.765414
0.761334
0.769384
0.78793
0.813734
0.842822
0.871225
0.895775
0.914461
0.926567
0.932473
0.93307
0.929319
0.922179
0.912717
0.902304
0.892547
0.8848
0.879742
0.877076
0.875581
0.87336
0.868369
0.858868
0.844137
0.825119
0.804767
0.787886
0.77955
0.782663
0.796335
0.816733
0.839311
0.860454
0.878129
0.891679
0.901378
0.907702
0.91073
0.910134
0.905727
0.898097
0.888517
0.878247
0.867789
0.856942
0.845549
0.834097
0.823776
0.816335
0.813521
0.816428
0.824877
0.837269
0.851229
0.864498
0.87551
0.883566
0.888621
0.89103
0.891547
0.891086
0.890617
0.890701
0.891219
0.891357
0.890126
0.886948
0.882106
0.87621
0.869729
0.862924
0.856167
0.850334
0.846519
0.845645
0.848074
0.853389
0.860302
0.867048
0.871902
0.87378
0.872471
0.868401
0.862344
0.855096
0.847475
0.84041
0.835012
0.832343
0.833184
0.837675
0.845393
0.855641
0.867756
0.880925
0.893925
0.904982
0.911863
0.912465
0.905387
0.89047
0.868805
0.842401
0.813775
0.785884
0.762207
0.746618
0.742832
0.753216
0.777595
0.812874
0.853757
0.894189
0.928895
0.954231
0.968585
0.972202
0.966509
0.953336
0.934622
0.912489
0.889535
0.868579
0.852201
0.842311
0.839994
0.845314
0.857074
0.872688
0.888456
0.900455
0.905564
0.902145
0.890326
0.872094
0.851028
0.831454
0.817274
0.810704
0.811782
0.819048
0.830854
0.846126
0.86414
0.883834
0.903345
0.920142
0.931708
0.936239
0.933012
0.922632
0.906907
0.888563
0.870874
0.856963
0.849162
0.848149
0.852679
0.859908
0.866518
0.869867
0.868775
0.863643
0.856172
0.848603
0.842822
0.839821
0.83945
0.840624
0.841814
0.841859
0.840415
0.83816
0.836445
0.836578
0.839226
0.844145
0.85041
0.856852
0.86218
0.865003
0.863855
0.857656
0.846341
0.831288
0.81522
0.801361
0.792247
0.788864
0.790393
0.795024
0.801065
0.807796
0.815276
0.823422
0.831146
0.836469
0.83761
0.834191
0.82772
0.821075
0.817073
0.817007
0.820277
0.824929
0.828839
0.830556
0.829819
0.827598
0.82578
0.826596
0.831903
0.842444
0.857507
0.875321
0.89386
0.911744
0.928568
0.944061
0.957204
0.966364
0.970473
0.969786
0.965714
0.959901
0.953468
0.946713
0.939388
0.931283
0.922491
0.913099
0.902743
0.890727
0.876709
0.861095
0.84499
0.829827
0.816982
0.807461
0.801947
0.800933
0.804753
0.813438
0.826401
0.842062
0.857962
0.87145
0.880594
0.884994
0.885939
0.885817
0.886878
0.890015
0.894516
0.898846
0.901732
0.902796
0.902611
0.902134
0.901834
0.901137
0.898342
0.891325
0.878506
0.859786
0.836804
0.812641
0.790677
0.773324
0.76143
0.754637
0.752173
0.753299
0.757386
0.763824
0.772029
0.781644
0.792614
0.804976
0.818595
0.832834
0.846601
0.858788
0.868494
0.875099
0.878327
0.878111
0.874539
0.867945
0.859115
0.849449
0.840747
0.834793
0.832596
0.833964
0.837624
0.841753
0.844809
0.846226
0.846688
0.847788
0.851237
0.858116
0.868535
0.881744
0.896404
0.911008
0.924036
0.934155
0.94029
0.941515
0.93717
0.927062
0.911773
0.892778
0.872263
0.852653
0.835999
0.823425
0.815063
0.81063
0.809963
0.813046
0.819447
0.827751
0.835781
0.84179
0.845843
0.849936
0.856458
0.866523
0.879882
0.895754
0.913181
0.930798
0.94692
0.95987
0.968216
0.970953
0.967498
0.957806
0.942404
0.922401
0.899367
0.875284
0.852007
0.830873
0.812575
0.797438
0.785804
0.778133
0.774666
0.775036
0.778319
0.783471
0.789693
0.796844
0.805658
0.817371
0.832873
0.85168
0.87173
0.890239
0.904802
0.914142
0.918071
0.917142
0.912164
0.903927
0.893192
0.881043
0.869046
0.859182
0.85322
0.852117
0.855615
0.8622
0.869686
0.876128
0.880506
0.882844
0.883955
0.884848
0.886271
0.888619
0.892077
0.896768
0.902435
0.908442
0.913758
0.9172
0.917858
0.915372
0.909898
0.902134
0.893349
0.885067
0.878378
0.873525
0.869998
0.867154
0.864647
0.86252
0.861062
0.86044
0.860503
0.860642
0.860063
0.858379
0.856015
0.853984
0.853178
0.853841
0.855661
0.858124
0.86074
0.863035
0.86443
0.86407
0.860981
0.854343
0.843949
0.830656
0.81661
0.804882
0.79826
0.797925
0.802977
0.811311
0.820775
0.829845
0.837638
0.843752
0.848044
0.850474
0.85109
0.84996
0.847332
0.843951
0.841147
0.840512
0.843334
0.849989
0.859721
0.870851
0.881229
0.888655
0.891351
0.888166
0.878841
0.864324
0.847035
0.830638
0.819036
0.814569
0.816629
0.821941
0.826419
0.82692
0.822207
0.813146
0.802588
0.794909
0.794602
0.803797
0.821123
0.843022
0.865867
0.886947
0.90433
0.916493
0.92232
0.92141
0.914289
0.902515
0.888256
0.873856
0.86127
0.851899
0.846594
0.845868
0.849858
0.858099
0.869214
0.880791
0.889866
0.893854
0.891446
0.883093
0.870798
0.857384
0.845541
0.837399
0.834261
0.836287
0.842206
0.849802
0.857011
0.862954
0.867781
0.871994
0.875812
0.879033
0.881581
0.88388
0.886915
0.891814
0.899055
0.907987
0.916893
0.923612
0.92637
0.924376
0.918078
0.908705
0.897668
0.886005
0.874021
0.861557
0.848209
0.833722
0.818333
0.802692
0.788146
0.776563
0.770228
0.770995
0.779404
0.794128
0.812377
0.830805
0.846422
0.857178
0.86213
0.861431
0.856107
0.847818
0.838501
0.830002
0.82374
0.820508
0.820514
0.823721
0.830151
0.839935
0.852884
0.867876
0.882614
0.894354
0.901013
0.901853
0.897523
0.889451
0.879143
0.867563
0.855068
0.841649
0.827258
0.81224
0.797394
0.783683
0.771967
0.762742
0.756504
0.754145
0.757066
0.766856
0.784569
0.809913
0.841059
0.874909
0.907635
0.935336
0.954717
0.963574
0.961178
0.948372
0.927633
0.902613
0.87763
0.856633
0.842191
0.835069
0.83455
0.839247
0.847787
0.85897
0.871529
0.883846
0.894006
0.900019
0.900393
0.894543
0.882868
0.866793
0.84854
0.83081
0.816478
0.808086
0.807412
0.815033
0.830022
0.850306
0.873017
0.895136
0.914004
0.927875
0.936103
0.939086
0.937802
0.933295
0.926137
0.916449
0.904251
0.88986
0.874227
0.858858
0.845549
0.835899
0.830748
0.829877
0.832216
0.836379
0.841175
0.845633
0.848994
0.850703
0.850625
0.84934
0.847946
0.847252
0.847064
0.846335
0.844113
0.840352
0.836192
0.833491
0.834176
0.839629
0.850151
0.864649
0.880651
0.89477
0.903946
0.906253
0.901387
0.890523
0.876007
0.860946
0.848807
0.842755
0.84479
0.854954
0.870984
0.88889
0.904191
0.913346
0.914552
0.907844
0.894728
0.877604
0.859459
0.843418
0.83214
0.827159
0.828394
0.834361
0.842987
0.852376
0.861241
0.869002
0.875646
0.881356
0.886036
0.889075
0.889836
0.888187
0.884909
0.881424
0.879025
0.878246
0.878736
0.879813
0.881204
0.883067
0.885781
0.889704
0.894579
0.899482
0.902798
0.902596
0.897313
0.886224
0.869697
0.849151
0.82667
0.804453
0.78456
0.768746
0.758434
0.75472
0.75806
0.768004
0.782983
0.800716
0.818767
0.835153
0.848681
0.859117
0.866893
0.872838
0.877934
0.883042
0.888745
0.895341
0.902606
0.909976
0.916693
0.92201
0.925216
0.925464
0.922039
0.914692
0.904102
0.891972
0.880531
0.871818
0.866818
0.865105
0.865237
0.865584
0.865225
0.864112
0.862647
0.861012
0.858815
0.855497
0.85097
0.845946
0.841635
0.838899
0.837452
0.835762
0.831909
0.824718
0.814493
0.803017
0.792905
0.786628
0.78574
0.790367
0.799502
0.81164
0.825463
0.840142
0.855199
0.870193
0.884716
0.898414
0.911088
0.922611
0.932684
0.940733
0.945927
0.947139
0.943161
0.933015
0.91638
0.89405
0.868249
0.842404
0.820462
0.805919
0.800829
0.805178
0.816886
0.832439
0.848063
0.861021
0.870796
0.879151
0.888936
0.901817
0.917089
0.932586
0.94614
0.956171
0.961353
0.960338
0.951826
0.935261
0.911673
0.884089
0.856722
0.833287
0.816004
0.805712
0.802545
0.806133
0.81531
0.827869
0.840993
0.851955
0.858853
0.861158
0.859829
0.856911
0.854644
0.854669
0.857476
0.862264
0.867382
0.871006
0.87192
0.869868
0.865471
0.859783
0.853894
0.848618
0.844588
0.842418
0.84269
0.845626
0.850595
0.856216
0.861011
0.864313
0.866434
0.86818
0.869966
0.87155
0.872222
0.871284
0.868253
0.862907
0.855342
0.845747
0.834279
0.821176
0.807106
0.793706
0.783847
0.781245
0.789095
0.808594
0.838091
0.873457
0.909408
0.940829
0.96373
0.975804
0.976549
0.967147
0.950204
0.929274
0.908326
0.890829
0.878893
0.872951
0.871917
0.873769
0.876316
0.877573
0.876078
0.871083
0.862576
0.851187
0.838066
0.82483
0.813354
0.805635
0.803353
0.807078
0.815981
0.828129
0.841287
0.853471
0.863201
0.869427
0.871389
0.868761
0.861909
0.851995
0.840962
0.831108
0.824695
0.823237
0.826971
0.834945
0.845188
0.855425
0.863877
0.869753
0.873511
0.876345
0.87959
0.884048
0.889704
0.895721
0.900866
0.903779
0.903419
0.899191
0.891062
0.879696
0.866294
0.852487
0.839972
0.830125
0.823728
0.820955
0.822087
0.828088
0.840301
0.858899
0.881589
0.90391
0.921266
0.930701
0.931622
0.925303
0.914097
0.900654
0.887065
0.87468
0.864356
0.856716
0.852096
0.850403
0.851061
0.853255
0.856447
0.860527
0.865619
0.871796
0.878899
0.886585
0.894266
0.90101
0.905446
0.906202
0.902506
0.894709
0.884167
0.872793
0.862274
0.853706
0.847499
0.843735
0.842421
0.843548
0.846937
0.85211
0.858309
0.864809
0.871179
0.877459
0.884005
0.891183
0.899135
0.9075
0.915561
0.922365
0.926775
0.927768
0.924646
0.917277
0.90616
0.892363
0.877331
0.862593
0.849367
0.838304
0.829446
0.822115
0.815296
0.807899
0.799414
0.790182
0.781317
0.774416
0.77115
0.772925
0.780749
0.794772
0.813794
0.834934
0.854125
0.867157
0.870951
0.864651
0.850175
0.83185
0.815224
0.80519
0.804528
0.813339
0.829648
0.850489
0.872823
0.894008
0.912115
0.92604
0.935364
0.940084
0.940347
0.936194
0.927661
0.915172
0.899979
0.884372
0.871122
0.862264
0.85805
0.856786
0.855664
0.852254
0.845531
0.836235
0.82638
0.818048
0.81254
0.809989
0.809787
0.811241
0.813935
0.817907
0.823403
0.830508
0.839128
0.848995
0.859689
0.870367
0.879722
0.88622
0.888753
0.887034
0.881904
0.875059
0.868368
0.863145
0.859635
0.856971
0.85364
0.848335
0.840906
0.833041
0.828239
0.83034
0.840939
0.858039
0.877561
0.895737
0.910188
0.919574
0.923189
0.920654
0.912179
0.899018
0.883857
0.870391
0.862246
0.861523
0.867841
0.87861
0.890427
0.900373
0.906686
0.908928
0.907379
0.902408
0.893963
0.881699
0.865774
0.847843
0.831094
0.818623
0.811525
0.808594
0.807744
0.807723
0.808319
0.809924
0.812976
0.817884
0.825065
0.835024
0.848146
0.864316
0.88266
0.901562
0.919016
0.932945
0.941427
0.943072
0.937284
0.924438
0.90598
0.8843
0.862481
0.843781
0.830961
0.825531
0.82736
0.834928
0.845906
0.857822
0.868504
0.876333
0.880409
0.880633
0.87764
0.872548
0.866948
0.862566
0.860747
0.86204
0.865794
0.870413
0.873941
0.874768
0.872529
0.868363
0.864612
0.863476
0.865755
0.870419
0.8753
0.877988
0.876554
0.86979
0.857441
0.840381
0.820657
0.801244
0.785263
0.774926
0.770742
0.771659
0.776009
0.782726
0.791788
0.803848
0.819478
0.838517
0.859907
0.881985
0.902948
0.921171
0.935361
0.944521
0.94809
0.945935
0.938513
0.926899
0.912543
0.897172
0.882446
0.869668
0.859419
0.85155
0.845388
0.840216
0.83561
0.83156
0.828204
0.825441
0.822597
0.818655
0.81269
0.804363
0.79419
0.783557
0.77426
0.768108
0.766473
0.769916
0.778189
0.790134
0.803763
0.816708
0.82664
0.831795
0.831353
0.825766
0.81662
0.806391
0.798164
0.795134
0.799952
0.813813
0.835802
0.863039
0.891793
0.91886
0.942293
0.961337
0.976045
0.986618
0.993189
0.995622
0.993418
0.985705
0.971709
0.951552
0.926799
0.899983
0.873829
0.850695
0.832597
0.820867
0.815769
0.81628
0.820628
0.827047
0.834335
0.841828
0.849155
0.855879
0.861267
0.86425
0.863963
0.860241
0.853926
0.846734
0.84076
0.838045
0.839912
0.84647
0.856628
0.868566
0.88054
0.891223
0.899721
0.905411
0.908042
0.907943
0.905862
0.902697
0.899138
0.89562
0.892455
0.889884
0.888113
0.887193
0.886792
0.885932
0.883203
0.877458
0.868394
0.856806
0.844069
0.831513
0.819911
0.809634
0.801114
0.795072
0.792464
0.794199
0.800865
0.812462
0.82819
0.846392
0.864741
0.880651
0.891801
0.896553
0.894455
0.886222
0.873713
0.859485
0.846219
0.836269
0.831263
0.831928
0.837975
0.848378
0.8615
0.875199
0.88711
0.894943
0.896995
0.892692
0.882944
0.870151
0.857949
0.85028
0.850138
0.858476
0.873737
0.892555
0.910999
0.92573
0.934348
0.935368
0.928073
0.912644
0.890462
0.864573
0.840069
0.823084
0.818628
0.827708
0.846524
0.8686
0.887685
0.899657
0.903004
0.898324
0.887441
0.872447
0.855264
0.83778
0.822131
0.810664
0.80545
0.807629
0.81688
0.831366
0.848442
0.865476
0.880605
0.892847
0.901769
0.907172
0.908826
0.906566
0.900518
0.891322
0.879958
0.867526
0.855077
0.843751
0.835178
0.830946
0.831613
0.836076
0.842309
0.848576
0.854055
0.858462
0.861533
0.86285
0.861916
0.858656
0.853749
0.848591
0.844911
0.844177
0.84692
0.852572
0.859834
0.867438
0.874545
0.880897
0.886602
0.891823
0.896388
0.899785
0.901114
0.899337
0.893838
0.884995
0.874351
0.864042
0.855609
0.849392
0.845242
0.843642
0.846019
0.853637
0.865919
0.88034
0.893699
0.903595
0.908862
0.909249
0.904913
0.89609
0.883216
0.867017
0.848735
0.830123
0.813271
0.800229
0.792594
0.791011
0.794997
0.80299
0.812717
0.821861
0.828551
0.831837
0.831914
0.830151
0.82858
0.829198
0.833167
0.840392
0.849934
0.86047
0.870883
0.880395
0.888632
0.895506
0.901144
0.905894
0.910317
0.915054
0.920572
0.926823
0.933217
0.938676
0.941857
0.94149
0.936721
0.927301
0.913691
0.897085
0.87935
0.862985
0.850677
0.844595
0.845481
0.852123
0.861627
0.870564
0.876168
0.877037
0.872906
0.864295
0.85229
0.838482
0.824752
0.812923
0.80432
0.79982
0.799918
0.804683
0.813448
0.824639
0.835995
0.845263
0.850999
0.853059
0.852419
0.850564
0.848761
0.847633
0.847219
0.847383
0.848273
0.850439
0.854619
0.86137
0.870649
0.88166
0.89293
0.902565
0.908547
0.909121
0.903167
0.890469
0.871727
0.8486
0.823464
0.799073
0.77834
0.764116
0.758762
0.763398
0.777356
0.798028
0.821597
0.84402
0.862085
0.873901
0.879102
0.878651
0.874402
0.868631
0.863619
0.861342
0.863195
0.869823
0.880957
0.895388
0.911353
0.927133
0.941188
0.95205
0.958118
0.95777
0.949834
0.934281
0.912459
0.886934
0.860914
0.837419
0.81867
0.805873
0.799248
0.798123
0.801131
0.806555
0.812985
0.819766
0.827058
0.835488
0.845316
0.85583
0.8654
0.872151
0.874936
0.873936
0.870496
0.866474
0.86338
0.861877
0.862043
0.863724
0.866629
0.870193
0.873472
0.875306
0.874616
0.870825
0.86411
0.855623
0.847241
0.841048
0.838803
0.841482
0.849155
0.86099
0.875231
0.88965
0.90196
0.910414
0.914159
0.913341
0.908914
0.902109
0.89405
0.885666
0.877752
0.870977
0.865841
0.862508
0.860697
0.859686
0.858652
0.857265
0.856037
0.856188
0.858955
0.864836
0.873242
0.882839
0.891934
0.898779
0.901674
0.899074
0.889952
0.874369
0.853705
0.830495
0.807537
0.787324
0.771964
0.763295
0.762586
0.769915
0.783652
0.800639
0.817218
0.83047
0.839253
0.844239
0.847254
0.850164
0.853792
0.857731
0.860922
0.862684
0.863488
0.864874
0.868822
0.876987
0.889922
0.906831
0.925722
0.943828
0.958325
0.967067
0.968928
0.963984
0.953247
0.938117
0.9199
0.899396
0.877168
0.853822
0.830421
0.808797
0.791541
0.7814
0.780419
0.789067
0.806035
0.828479
0.852884
0.875753
0.894222
0.906334
0.91111
0.908579
0.899761
0.886513
0.871287
0.8568
0.845442
0.838494
0.835806
0.83616
0.838086
0.840324
0.842086
0.843216
0.844289
0.846557
0.851478
0.859857
0.871362
0.884625
0.897689
0.908468
0.915171
0.916647
0.912627
0.903738
0.891382
0.877431
0.863659
0.851407
0.841474
0.834449
0.831096
0.832172
0.837936
0.84787
0.860885
0.875726
0.891084
0.905571
0.917644
0.925739
0.928774
0.926517
0.919969
0.911291
0.903126
0.897756
0.89633
0.898551
0.902804
0.90668
0.907711
0.904106
0.895371
0.882591
0.867968
0.854179
0.843186
0.835358
0.829571
0.82441
0.819182
0.814215
0.810453
0.809026
0.810755
0.815757
0.823271
0.831814
0.839667
0.845287
0.847767
0.84701
0.843574
0.838347
0.832124
0.825605
0.8197
0.815789
0.816016
0.822668
0.836926
0.85812
0.883743
0.91026
0.934028
0.951852
0.96134
0.961226
0.951644
0.934348
0.912732
0.890918
0.872547
0.859715
0.852801
0.850814
0.852083
0.854777
0.857474
0.859397
0.860204
0.859733
0.858006
0.855263
0.85199
0.848915
0.846768
0.845987
0.846525
0.847899
0.849358
0.850387
0.850917
0.851296
0.851989
0.853284
0.85524
0.857696
0.860483
0.863529
0.866901
0.870635
0.874628
0.878404
0.881044
0.88119
0.877694
0.870407
0.860559
0.850363
0.841935
0.836529
0.834434
0.835562
0.839621
0.84646
0.855872
0.867497
0.880893
0.895373
0.909844
0.92275
0.932225
0.936408
0.93384
0.923786
0.906499
0.88357
0.857902
0.833336
0.813746
0.801927
0.798821
0.803473
0.813772
0.827314
0.841988
0.856186
0.869048
0.880418
0.890847
0.900861
0.910345
0.918086
0.92223
0.921144
0.914136
0.901778
0.885579
0.867586
0.849826
0.833789
0.82013
0.808707
0.798949
0.790415
0.782978
0.776851
0.7724
0.770031
0.770155
0.773369
0.780366
0.791809
0.808079
0.829066
0.853787
0.88011
0.90476
0.924037
0.934895
0.93597
0.927887
0.912756
0.89357
0.873375
0.854624
0.838877
0.826887
0.819028
0.815728
0.817547
0.824768
0.836778
0.851834
0.867498
0.881369
0.891633
0.897538
0.899311
0.897829
0.894284
0.889767
0.885158
0.880941
0.877198
0.873567
0.8694
0.8639
0.856626
0.847939
0.839157
0.832472
0.830133
0.833839
0.843939
0.859351
0.877824
0.896463
0.912312
0.923204
0.928315
0.928386
0.924971
0.919695
0.913576
0.907179
0.901071
0.896094
0.893159
0.892823
0.894728
0.897579
0.899531
0.898803
0.894426
0.886517
0.87623
0.865356
0.855532
0.847673
0.841847
0.837605
0.834499
0.832317
0.831174
0.831363
0.833077
0.836306
0.840669
0.845334
0.848975
0.850138
0.847868
0.842184
0.834316
0.82632
0.820471
0.818492
0.821138
0.828107
0.838292
0.850245
0.862683
0.875067
0.887771
0.901498
0.916421
0.931692
0.945765
0.956881
0.963398
0.964106
0.958282
0.945822
0.927332
0.904165
0.878456
0.852974
0.830646
0.814261
0.805771
0.805981
0.81449
0.830176
0.851471
0.876384
0.902087
0.925081
0.941998
0.950509
0.94988
0.940873
0.925428
0.906207
0.886004
0.867142
0.851191
0.838872
0.830329
0.825443
0.82413
0.826348
0.831904
0.840163
0.849943
0.859658
0.867686
0.872923
0.875179
0.875114
0.873841
0.872424
0.871414
0.870537
0.868999
0.865755
0.860057
0.851715
0.841124
0.829163
0.817003
0.806022
0.797676
0.793077
0.792743
0.796596
0.804471
0.816264
0.831661
0.849656
0.868569
0.886627
0.90255
0.915575
0.92516
0.930819
0.932075
0.928771
0.921157
0.90997
0.89639
0.882002
0.86847
0.857086
0.848394
0.842245
0.838198
0.835822
0.83498
0.835852
0.839008
0.845087
0.854302
0.866254
0.880012
0.894386
0.908199
0.920414
0.930147
0.936537
0.938854
0.936446
0.9289
0.916238
0.899209
0.879409
0.859292
0.84152
0.82824
0.820415
0.81767
0.818614
0.821222
0.82351
0.824312
0.82383
0.823468
0.824744
0.828034
0.832174
0.835505
0.837281
0.838085
0.839279
0.842075
0.846862
0.853131
0.859815
0.866025
0.871357
0.875911
0.880177
0.884587
0.889232
0.893716
0.89739
0.899734
0.900673
0.900546
0.899917
0.89906
0.897773
0.89544
0.891494
0.885836
0.879057
0.872309
0.86675
0.86305
0.861084
0.859997
0.858446
0.855125
0.849435
0.841936
0.834328
0.828656
0.826267
0.827214
0.830454
0.834806
0.839674
0.845135
0.851627
0.859459
0.868361
0.877414
0.885234
0.890211
0.890969
0.886982
0.878893
0.868459
0.857941
0.849269
0.843521
0.840732
0.840242
0.841364
0.843859
0.848046
0.85446
0.863146
0.873358
0.883827
0.893401
0.901615
0.908437
0.913948
0.918073
0.920586
0.921016
0.919011
0.914295
0.90665
0.895932
0.881921
0.864479
0.844087
0.822087
0.800996
0.784222
0.77507
0.775462
0.784995
0.801235
0.820973
0.841363
0.860344
0.876293
0.887742
0.893426
0.892744
0.886166
0.875523
0.863769
0.853983
0.848347
0.847707
0.851798
0.859694
0.870148
0.881772
0.893214
0.903349
0.911383
0.916872
0.919502
0.918888
0.914553
0.906018
0.893175
0.876586
0.857788
0.839044
0.822892
0.811301
0.804953
0.803316
0.805231
0.809597
0.81561
0.822612
0.829839
0.836455
0.84181
0.845655
0.847905
0.84851
0.847351
0.844399
0.840015
0.835039
0.830654
0.827985
0.827587
0.829308
0.832459
0.836198
0.839753
0.842712
0.845033
0.847073
0.849353
0.852326
0.856107
0.860595
0.86578
0.871969
0.879642
0.888884
0.899095
0.909144
0.917895
0.924502
0.928544
0.929965
0.928859
0.925299
0.919346
0.911155
0.901211
0.890496
0.880452
0.872547
0.867638
0.865549
0.865177
0.86504
0.864107
0.86232
0.86052
0.859915
0.861198
0.864122
0.867554
0.870196
0.871165
0.870408
0.868279
0.864985
0.860549
0.855319
0.850369
0.847258
0.847134
0.849952
0.85447
0.859096
0.862638
0.864729
0.86568
0.866138
0.866887
0.868399
0.870738
0.873435
0.875448
0.875727
0.873661
0.869485
0.863932
0.85768
0.851232
0.844994
0.839527
0.835388
0.832707
0.831195
0.830688
0.831814
0.836078
0.844892
0.858384
0.874793
0.891057
0.90386
0.910822
0.911065
0.905127
0.8946
0.881521
0.867911
0.855576
0.846079
0.840633
0.840143
0.845396
0.856956
0.874625
0.896513
0.919014
0.938052
0.950512
0.955067
0.952079
0.943125
0.930581
0.916986
0.90451
0.894427
0.886923
0.881219
0.876086
0.870449
0.863844
0.856673
0.849677
0.84329
0.837261
0.831018
0.824445
0.818676
0.815792
0.817824
0.825441
0.837514
0.851722
0.865503
0.877034
0.885541
0.89133
0.89534
0.898514
0.901358
0.903909
0.905897
0.907051
0.90731
0.906558
0.904311
0.899943
0.893199
0.884588
0.875122
0.865623
0.856234
0.846451
0.8356
0.823464
0.810596
0.798052
0.787202
0.779468
0.776259
0.778763
0.787556
0.802101
0.820404
0.839431
0.856107
0.868336
0.875495
0.878191
0.877633
0.875045
0.871427
0.867601
0.864318
0.862047
0.860885
0.860534
0.860665
0.861253
0.862664
0.865327
0.869512
0.8755
0.883801
0.894993
0.90876
0.923237
0.935503
0.943071
0.945066
0.942277
0.936532
0.929724
0.923089
0.916766
0.909851
0.900802
0.888127
0.870978
0.849268
0.8238
0.796369
0.769772
0.747487
0.733004
0.728794
0.735628
0.75239
0.776463
0.804532
0.833321
0.860275
0.883724
0.902733
0.916654
0.924966
0.927416
0.92423
0.916304
0.905164
0.892557
0.879911
0.868131
0.857702
0.849303
0.844335
0.844684
0.851942
0.866299
0.886143
0.908479
0.929954
0.947674
0.959623
0.964797
0.962924
0.954384
0.94008
0.921477
0.900465
0.879055
0.858829
0.840519
0.824214
0.809892
0.797938
0.789425
0.785751
0.787884
0.795767
0.808185
0.823263
0.838974
0.853404
0.865019
0.872926
0.877313
0.879344
0.880805
0.883192
0.886901
0.890906
0.893175
0.891591
0.884834
0.872992
0.857429
0.840241
0.823385
0.808481
0.797477
0.79354
0.799802
0.816517
0.83995
0.864669
0.886071
0.901282
0.90892
0.908936
0.902651
0.892678
0.882575
0.875961
0.875296
0.881143
0.892146
0.905838
0.919688
0.931887
0.941727
0.94937
0.955641
0.961436
0.967003
0.971453
0.97281
0.968806
0.9579
0.93967
0.914926
0.885444
0.853611
0.822024
0.79333
0.770004
0.754161
0.747061
0.748594
0.757026
0.769248
0.781685
0.791703
0.798727
0.804598
0.812305
0.823884
0.838977
0.855148
0.869375
0.879587
0.885131
0.886326
0.883856
0.878555
0.871536
0.864187
0.858231
0.855329
0.856714
0.862755
0.872743
0.88507
0.89735
0.90713
0.912406
0.912055
0.906044
0.895402
0.881763
0.867064
0.853212
0.841747
0.833627
0.828994
0.827168
0.826949
0.827019
0.82648
0.825237
0.82405
0.824279
0.827168
0.833362
0.842515
0.853394
0.864104
0.87241
0.876093
0.873511
0.864157
0.84924
0.831735
0.815825
0.805667
0.803877
0.81065
0.824168
0.841609
0.860102
0.877165
0.89091
0.900036
0.903802
0.902173
0.895744
0.885645
0.873295
0.860479
0.849181
0.841479
0.839011
0.842318
0.850359
0.860728
0.870648
0.878062
0.882178
0.883101
0.881431
0.877967
0.873642
0.869502
0.866639
0.865791
0.867197
0.870695
0.875907
0.882397
0.88963
0.896747
0.902752
0.90681
0.908558
0.908339
0.906905
0.90468
0.90133
0.895916
0.887647
0.876657
0.864285
0.85243
0.842599
0.835347
0.830588
0.828157
0.828196
0.831075
0.836948
0.845582
0.856267
0.867944
0.879421
0.889591
0.897662
0.903213
0.905974
0.905518
0.901032
0.891618
0.87675
0.856972
0.834433
0.812765
0.796174
0.788178
0.790415
0.802129
0.820719
0.842673
0.864371
0.882699
0.895481
0.90161
0.900984
0.894353
0.883047
0.868779
0.853527
0.839651
0.829658
0.825913
0.83007
0.842331
0.860962
0.882782
0.904141
0.922215
0.935433
0.943299
0.946066
0.944208
0.938151
0.928186
0.914483
0.897466
0.877909
0.857014
0.836168
0.816708
0.799826
0.786384
0.776758
0.770748
0.767622
0.76636
0.76599
0.76602
0.766759
0.769225
0.774792
0.784416
0.798085
0.814648
0.832016
0.847716
0.859486
0.865744
0.865858
0.860307
0.850621
0.839197
0.828746
0.82168
0.819448
0.822239
0.829422
0.84021
0.854105
0.870831
0.889711
0.909161
0.926907
0.940843
0.949432
0.951841
0.947888
0.93809
0.923737
0.906787
0.889431
0.873813
0.861605
0.853745
0.850081
0.849473
0.850286
0.851127
0.851345
0.851232
0.851513
0.852833
0.855291
0.858376
0.860998
0.861834
0.859848
0.85457
0.846259
0.836055
0.825715
0.81733
0.812853
0.813666
0.82031
0.832544
0.849536
0.870085
0.892726
0.915578
0.936476
0.953082
0.96328
0.965423
0.95877
0.943733
0.921898
0.895968
0.869487
0.846132
0.828826
0.818995
0.816305
0.819185
0.825571
0.833545
0.841674
0.848954
0.854567
0.857784
0.857895
0.854437
0.847348
0.837078
0.82452
0.810981
0.79808
0.787487
0.780725
0.778778
0.781724
0.788785
0.79863
0.809961
0.822015
0.834527
0.847596
0.861371
0.875791
0.890466
0.904679
0.9173
0.926979
0.932438
0.932763
0.927536
0.916944
0.90186
0.884201
0.866971
0.853709
0.847232
0.848017
0.853726
0.860266
0.863785
0.862463
0.857032
0.850064
0.844495
0.842349
0.844231
0.8496
0.857169
0.865271
0.872273
0.877032
0.87929
0.879732
0.879642
0.880291
0.882227
0.885127
0.888062
0.890102
0.890931
0.890843
0.890406
0.889846
0.888632
0.885604
0.879646
0.870421
0.858525
0.845371
0.832835
0.822869
0.817197
0.817029
0.822652
0.833402
0.847663
0.863566
0.879617
0.894882
0.908783
0.920512
0.928856
0.932463
0.930318
0.922023
0.907904
0.889109
0.867531
0.84548
0.825174
0.80802
0.794208
0.782984
0.773562
0.765899
0.760804
0.759579
0.763476
0.773152
0.788439
0.808409
0.831455
0.855597
0.878979
0.900136
0.918059
0.932176
0.942046
0.947294
0.947505
0.942424
0.932225
0.917897
0.9014
0.885635
0.873881
0.868777
0.871327
0.880281
0.892499
0.904144
0.911782
0.913201
0.907586
0.895311
0.877698
0.856841
0.835607
0.817512
0.806066
0.803549
0.810075
0.823648
0.841116
0.859172
0.875135
0.887324
0.894943
0.89776
0.895723
0.88888
0.877524
0.862182
0.843941
0.824374
0.805549
0.78972
0.778926
0.774425
0.776358
0.783852
0.795454
0.809567
0.824718
0.839562
0.852676
0.862475
0.867492
0.866873
0.860608
0.849491
0.834933
0.818752
0.803011
0.790087
0.78281
0.78414
0.796596
0.821076
0.855887
0.896743
0.937956
0.974019
1.00069
1.0155
1.01792
1.00913
0.991618
0.968562
0.942979
0.917226
0.892965
0.871702
0.854982
0.844339
0.840709
0.844056
0.85335
0.86671
0.881618
0.895357
0.905271
0.909004
0.904829
0.892197
0.872219
0.847724
0.8226
0.800439
0.783196
0.770845
0.762119
0.755627
0.751059
0.749727
0.754148
0.766441
0.786594
0.812083
0.838957
0.863544
0.883338
0.89715
0.905026
0.907842
0.906805
0.903265
0.898266
0.892278
0.885185
0.876685
0.867008
0.85729
0.849154
0.843887
0.841754
0.842229
0.84463
0.848666
0.854276
0.8614
0.869647
0.878275
0.886243
0.89258
0.896711
0.898637
0.898976
0.898821
0.899353
0.901273
0.904286
0.906853
0.906803
0.902217
0.892169
0.877254
0.859287
0.840734
0.824051
0.811261
0.80381
0.802505
0.807445
0.818026
0.833064
0.850973
0.869939
0.888145
0.903744
0.914913
0.920071
0.918027
0.908359
0.891637
0.869535
0.844632
0.819798
0.797462
0.779031
0.765091
0.756281
0.753941
0.759768
0.774681
0.79787
0.826573
0.856976
0.885389
0.908935
0.925901
0.935489
0.93741
0.93181
0.919339
0.901598
0.881242
0.861836
0.847106
0.840006
0.841953
0.85231
0.868274
0.885811
0.901153
0.912319
0.919485
0.923881
0.926359
0.92684
0.924964
0.920947
0.915861
0.911051
0.907439
0.904933
0.902492
0.898677
0.892117
0.881824
0.867441
0.849418
0.829053
0.808362
0.789732
0.775533
0.767863
0.767971
0.775713
0.78911
0.804879
0.819743
0.831526
0.839561
0.844371
0.846968
0.848397
0.849722
0.851995
0.856178
0.862793
0.87162
0.881674
0.89166
0.900695
0.908411
0.914957
0.920446
0.924557
0.926527
0.925424
0.920603
0.911967
0.900029
0.885776
0.870434
0.855191
0.841142
0.828936
0.818725
0.810263
0.803312
0.797982
0.795054
0.79574
0.801018
0.811146
0.825378
0.842326
0.860615
0.878993
0.896143
0.910487
0.920247
0.923835
0.920535
0.911043
0.897686
0.884077
0.874178
0.870336
0.872087
0.876681
0.880922
0.882765
0.881816
0.879122
0.876431
0.875537
0.87766
0.882962
0.890463
0.898349
0.904647
0.907932
0.907937
0.905608
0.902693
0.901028
0.901926
0.905549
0.911028
0.916703
0.920519
0.920513
0.915468
0.905427
0.891674
0.87597
0.859682
0.843603
0.828197
0.813881
0.801174
0.790795
0.783588
0.780353
0.781625
0.787437
0.797211
0.809844
0.824052
0.838561
0.852293
0.864458
0.874542
0.88229
0.887727
0.890839
0.891319
0.888415
0.881191
0.868885
0.851317
0.82924
0.804432
0.779501
0.757506
0.741326
0.732963
0.733197
0.741461
0.75617
0.775173
0.796242
0.817563
0.838068
0.857584
0.876706
0.89621
0.916331
0.936291
0.95449
0.969045
0.978106
0.980261
0.974825
0.962196
0.943794
0.92154
0.897422
0.873337
0.851123
0.832596
0.819293
0.811941
0.810342
0.813456
0.819831
0.828085
0.837201
0.846496
0.855621
0.864292
0.872042
0.878115
0.881548
0.881531
0.877725
0.870454
0.860675
0.849884
0.839611
0.831067
0.825025
0.82164
0.820511
0.820822
0.821637
0.822432
0.823421
0.825676
0.83088
0.840415
0.854277
0.870602
0.886257
0.89805
0.903813
0.902983
0.896648
0.887142
0.877365
0.870025
0.866879
0.868184
0.872884
0.879105
0.88487
0.888577
0.889283
0.88648
0.879965
0.869792
0.856575
0.841816
0.827862
0.817343
0.812288
0.813291
0.819407
0.828603
0.838749
0.848517
0.857707
0.867159
0.877943
0.890206
0.902576
0.912573
0.917543
0.915736
0.907086
0.893345
0.877716
0.864241
0.856654
0.856879
0.864275
0.875975
0.88814
0.897221
0.900884
0.898415
0.890633
0.879594
0.867956
0.858366
0.852789
0.851974
0.85522
0.860747
0.86663
0.871708
0.8757
0.878859
0.881438
0.883389
0.884263
0.883467
0.880748
0.876485
0.871588
0.867082
0.863894
0.863005
0.865399
0.871613
0.8811
0.892035
0.901606
0.906759
0.90499
0.89492
0.876775
0.852589
0.825957
0.801207
0.782236
0.771486
0.769537
0.775474
0.787537
0.803559
0.82115
0.837823
0.851632
0.862129
0.870321
0.878033
0.886995
0.89831
0.912059
0.927191
0.94169
0.953016
0.958985
0.958397
0.951197
0.938304
0.921071
0.900991
0.87956
0.858122
0.837808
0.819692
0.804803
0.794051
0.788149
0.787775
0.793651
0.806203
0.824837
0.84749
0.870856
0.891315
0.905991
0.91328
0.913117
0.906827
0.896587
0.884839
0.873768
0.865037
0.859598
0.857739
0.858934
0.862011
0.865432
0.867684
0.867656
0.864982
0.860116
0.854309
0.849132
0.846131
0.846341
0.849856
0.855859
0.862944
0.869424
0.873855
0.875586
0.874805
0.872574
0.870192
0.868658
0.868173
0.868431
0.86927
0.871247
0.875404
0.882274
0.891179
0.900088
0.906517
0.908457
0.904963
0.896292
0.883571
0.868326
0.852321
0.837438
0.825493
0.817846
0.815075
0.817118
0.823435
0.83318
0.845155
0.857882
0.870008
0.880543
0.889035
0.895319
0.899536
0.902083
0.903624
0.905012
0.906952
0.909463
0.911685
0.912107
0.909043
0.901143
0.887701
0.868959
0.846256
0.822288
0.800559
0.784381
0.775986
0.776241
0.784894
0.800853
0.822286
0.846581
0.870679
0.891704
0.90751
0.917198
0.921013
0.920039
0.915659
0.909127
0.901525
0.893682
0.886179
0.879245
0.872813
0.866511
0.859849
0.852368
0.843813
0.834363
0.824706
0.815836
0.808847
0.804677
0.804012
0.807054
0.813583
0.822856
0.833865
0.845659
0.857742
0.870027
0.882609
0.895536
0.908528
0.920964
0.931809
0.939615
0.942646
0.9392
0.928026
0.908978
0.883817
0.856892
0.834019
0.819284
0.812898
0.812306
0.814956
0.819388
0.825016
0.831548
0.838605
0.845832
0.85295
0.8598
0.866304
0.872403
0.878002
0.883046
0.887315
0.890147
0.890483
0.887291
0.880081
0.869067
0.855088
0.839422
0.82365
0.809649
0.799215
0.793564
0.793003
0.796968
0.804333
0.813846
0.824456
0.835523
0.84667
0.857517
0.867487
0.875976
0.88261
0.887447
0.89082
0.893256
0.895582
0.898901
0.904178
0.911701
0.9209
0.930399
0.938601
0.944116
0.946167
0.944546
0.93911
0.929317
0.914264
0.89338
0.866992
0.836632
0.805182
0.776929
0.756733
0.748492
0.753591
0.770546
0.795918
0.825346
0.8544
0.879201
0.897037
0.906979
0.91015
0.909412
0.908004
0.908019
0.90974
0.912352
0.914881
0.916596
0.916848
0.915359
0.912269
0.908089
0.903409
0.898781
0.89455
0.890512
0.885831
0.879336
0.87005
0.857756
0.843486
0.82957
0.819197
0.815355
0.819704
0.831937
0.850168
0.871531
0.892612
0.909937
0.920477
0.922342
0.915276
0.900723
0.88135
0.860182
0.839688
0.821402
0.806082
0.794268
0.786657
0.784
0.786662
0.79439
0.806257
0.820949
0.836912
0.852666
0.867133
0.879745
0.890429
0.899365
0.906592
0.911895
0.914979
0.915829
0.914886
0.91291
0.910697
0.908809
0.907359
0.905879
0.903367
0.89855
0.890382
0.878638
0.864511
0.85069
0.840428
0.835887
0.83685
0.840915
0.844938
0.846798
0.846157
0.844337
0.843473
0.845495
0.851434
0.861324
0.874351
0.889093
0.903712
0.916269
0.924973
0.928433
0.925917
0.917447
0.903633
0.885809
0.865977
0.846874
0.831649
0.822998
0.821912
0.82711
0.835548
0.843791
0.849243
0.850802
0.848877
0.844983
0.841203
0.839541
0.841422
0.84724
0.85627
0.866976
0.877572
0.886581
0.892986
0.896139
0.895607
0.891094
0.882554
0.870604
0.856914
0.844215
0.83569
0.834053
0.840759
0.855648
0.876985
0.901856
0.926649
0.947674
0.961803
0.967099
0.963213
0.951311
0.933616
0.912631
0.890684
0.869788
0.851819
0.838562
0.831409
0.830792
0.835832
0.844381
0.853474
0.860221
0.862759
0.860762
0.855202
0.847384
0.83819
0.828101
0.817636
0.807661
0.799369
0.794101
0.793088
0.796945
0.80549
0.817593
0.831312
0.84418
0.85384
0.858514
0.857745
0.852793
0.846514
0.84261
0.844382
0.853438
0.869096
0.888652
0.908424
0.924901
0.935361
0.938188
0.932758
0.919114
0.897804
0.870013
0.837837
0.80451
0.77423
0.751489
0.739859
0.740738
0.752564
0.771401
0.792453
0.811696
0.826657
0.836427
0.841383
0.84289
0.843011
0.843867
0.846891
0.852131
0.858361
0.863886
0.867387
0.868619
0.868533
0.868903
0.871623
0.877904
0.887699
0.89982
0.912407
0.923783
0.932964
0.939709
0.944197
0.946495
0.946387
0.94342
0.937513
0.929287
0.919807
0.909736
0.898998
0.887236
0.874499
0.861633
0.850015
0.841171
0.836137
0.835203
0.837841
0.842912
0.848909
0.854432
0.858444
0.860441
0.860429
0.858848
0.856359
0.853733
0.851735
0.851024
0.851892
0.854165
0.857203
0.860021
0.861722
0.861708
0.86002
0.857471
0.855605
0.856278
0.860929
0.86961
0.880926
0.892664
0.902757
0.910016
0.914194
0.915628
0.914773
0.911873
0.906765
0.899038
0.888652
0.876037
0.862168
0.848524
0.836905
0.8293
0.827365
0.831759
0.842025
0.856237
0.871411
0.884109
0.89155
0.892648
0.888146
0.879737
0.868665
0.855125
0.838681
0.819221
0.797646
0.77607
0.757349
0.744539
0.740373
0.74688
0.764931
0.793932
0.831662
0.874531
0.918113
0.957937
0.990153
1.01193
1.02145
1.01785
1.00132
0.973421
0.937365
0.897687
0.859344
0.825941
0.798993
0.778643
0.765218
0.759731
0.763269
0.776017
0.79664
0.822277
0.849094
0.873211
0.891732
0.903398
0.9089
0.910302
0.910148
0.910429
0.911717
0.913065
0.912796
0.909706
0.903647
0.895551
0.8872
0.880865
0.878897
0.88294
0.893199
0.907983
0.924122
0.938006
0.946695
0.948537
0.943135
0.930983
0.913048
0.890583
0.865176
0.838847
0.813863
0.792323
0.775812
0.765029
0.759943
0.760148
0.765198
0.77466
0.78801
0.80431
0.822238
0.840087
0.856056
0.868633
0.876976
0.88129
0.882827
0.883327
0.884144
0.885344
0.885843
0.884361
0.880344
0.87413
0.866777
0.859565
0.853458
0.848772
0.845187
0.842028
0.838781
0.835346
0.832086
0.829562
0.828231
0.828362
0.830073
0.833194
0.837274
0.841543
0.844948
0.846343
0.844704
0.839283
0.829816
0.816734
0.801452
0.786427
0.774809
0.769512
0.77224
0.783035
0.800459
0.822234
0.846166
0.87057
0.894244
0.916325
0.936051
0.952724
0.965478
0.973257
0.975029
0.970133
0.958861
0.942695
0.924098
0.905814
0.889967
0.87752
0.868247
0.861396
0.856335
0.852797
0.851002
0.851467
0.854606
0.860466
0.868498
0.877455
0.885674
0.891591
0.894241
0.893622
0.890517
0.8861
0.881357
0.876602
0.871519
0.865521
0.858064
0.849196
0.83962
0.83057
0.823604
0.820109
0.820955
0.82626
0.8354
0.847224
0.860455
0.873776
0.885874
0.89537
0.900994
0.901928
0.898238
0.890971
0.88189
0.872972
0.865915
0.861486
0.859305
0.858311
0.857601
0.856799
0.856031
0.855185
0.85374
0.850944
0.846015
0.838484
0.828364
0.81632
0.803508
0.791367
0.781487
0.775674
0.775888
0.783903
0.800602
0.825251
0.855456
0.88762
0.917686
0.941904
0.957393
0.962586
0.957626
0.944487
0.926539
0.907847
0.892017
0.881409
0.876925
0.878127
0.883765
0.892002
0.900543
0.906842
0.90865
0.904474
0.893943
0.877877
0.858047
0.836584
0.815517
0.796548
0.78129
0.771458
0.768903
0.775001
0.789874
0.812019
0.838624
0.866217
0.891586
0.91232
0.926895
0.934552
0.93532
0.930065
0.920577
0.909359
0.898997
0.891298
0.886779
0.884774
0.883962
0.883208
0.882094
0.881034
0.880762
0.881642
0.883235
0.884407
0.883625
0.879399
0.870691
0.857118
0.83899
0.817426
0.794217
0.771581
0.751811
0.736915
0.7282
0.726109
0.730163
0.739191
0.751604
0.765891
0.780867
0.796013
0.811237
0.826505
0.841346
0.854807
0.865852
0.873754
0.878237
0.87924
0.876708
0.870554
0.861051
0.849268
0.83721
0.827445
0.822377
0.823481
0.830919
0.843526
0.859269
0.875585
0.889968
0.900366
0.905401
0.904525
0.897824
0.885947
0.870224
0.852809
0.836463
0.823915
0.816985
0.816159
0.820516
0.828435
0.838321
0.849107
0.860402
0.872278
0.884773
0.89772
0.910592
0.92235
0.931727
0.937452
0.938578
0.934979
0.927295
0.91682
0.904969
0.892921
0.881114
0.869258
0.856747
0.843393
0.829894
0.817922
0.809629
0.806839
0.809968
0.817696
0.827582
0.837168
0.844777
0.849756
0.85228
0.852904
0.852169
0.850392
0.847735
0.844309
0.840391
0.836562
0.833725
0.832858
0.834555
0.838874
0.845509
0.854139
0.864742
0.877144
0.89072
0.904293
0.916528
0.92629
0.933101
0.937253
0.939286
0.939609
0.93822
0.934699
0.928706
0.920455
0.910863
0.900975
0.891182
0.880945
0.869303
0.855737
0.840946
0.826786
0.815564
0.809205
0.808574
0.813362
0.822233
0.83326
0.844415
0.853953
0.86061
0.863644
0.862839
0.858437
0.851194
0.84243
0.833863
0.82734
0.824402
0.825889
0.831741
0.840894
0.851802
0.862718
0.872099
0.878757
0.882034
0.881935
0.879137
0.874789
0.870069
0.865818
0.86228
0.859174
0.856068
0.852858
0.850066
0.848753
0.850191
0.855247
0.863668
0.873854
0.883471
0.890376
0.893446
0.892615
0.888495
0.881815
0.873087
0.862562
0.850532
0.837585
0.824432
0.811615
0.799445
0.788139
0.778234
0.770811
0.767409
0.769769
0.779336
0.796778
0.821634
0.852041
0.88481
0.916219
0.942818
0.962032
0.972742
0.975252
0.970985
0.96193
0.950122
0.937226
0.924298
0.911839
0.899809
0.887882
0.875787
0.863571
0.851745
0.841249
0.833192
0.828471
0.827617
0.830826
0.837816
0.847854
0.859889
0.872689
0.884705
0.893974
0.898432
0.896579
0.888149
0.874502
0.858276
0.842597
0.830092
0.822434
0.820484
0.824389
0.833404
0.845809
0.859324
0.871852
0.88214
0.889568
0.893882
0.894991
0.893057
0.888593
0.88244
0.875516
0.86832
0.860678
0.851869
0.84126
0.828919
0.815906
0.804398
0.797082
0.795981
0.801111
0.810392
0.821111
0.831562
0.841536
0.851771
0.863221
0.876576
0.892154
0.909781
0.928834
0.948152
0.966064
0.980536
0.989514
0.991371
0.985454
0.972566
0.954993
0.936151
0.919454
0.906887
0.89829
0.891749
0.884792
0.875592
0.863572
0.849813
0.836406
0.825544
0.818739
0.816456
0.818128
0.822394
0.827243
0.830513
0.830415
0.825917
0.817047
0.804897
0.791641
0.780139
0.77335
0.773575
0.781804
0.797537
0.818931
0.843386
0.868417
0.892088
0.913233
0.931191
0.945448
0.955359
0.960359
0.960185
0.955105
0.946052
0.934524
0.922046
0.909394
0.89603
0.880548
0.861566
0.8386
0.812318
0.784669
0.758731
0.738231
0.726926
0.727743
0.742041
0.768974
0.805466
0.84681
0.88776
0.923647
0.951157
0.968839
0.976925
0.976918
0.970821
0.960322
0.946452
0.929926
0.911847
0.89435
0.880539
0.873485
0.874965
0.884389
0.898702
0.913443
0.924348
0.928446
0.924609
0.913056
0.89476
0.871184
0.844491
0.817835
0.79515
0.780114
0.774748
0.778426
0.788089
0.799522
0.808922
0.81417
0.815285
0.81396
0.812593
0.813436
0.817853
0.826379
0.838704
0.853957
0.870924
0.888164
0.904073
0.916857
0.924657
0.925711
0.919003
0.904762
0.884813
0.862329
0.841141
0.824634
0.814878
0.812224
0.815475
0.822506
0.830979
0.838951
0.845113
0.848689
0.849265
0.846779
0.841707
0.835385
0.829942
0.827676
0.830279
0.838291
0.85098
0.866735
0.88371
0.900145
0.914655
0.926227
0.934237
0.938364
0.9387
0.935916
0.931246
0.926326
0.922821
0.922042
0.924423
0.929233
0.934806
0.939126
0.940317
0.936975
0.928414
0.914789
0.897356
0.878127
0.859215
0.842314
0.828523
0.818457
0.81226
0.809719
0.810191
0.812624
0.815648
0.81797
0.818668
0.817612
0.81561
0.814379
0.816021
0.82225
0.833745
0.849798
0.868311
0.886355
0.901009
0.910045
0.912519
0.908843
0.900826
0.891278
0.883068
0.878305
0.877492
0.879572
0.882483
0.884198
0.883408
0.879921
0.874783
0.870123
0.868312
0.87041
0.875028
0.878758
0.877966
0.870586
0.85692
0.839262
0.820951
0.805226
0.794349
0.789111
0.788907
0.792412
0.798442
0.806588
0.817261
0.830994
0.847561
0.865483
0.882464
0.89658
0.906953
0.913957
0.918832
0.922973
0.927258
0.93167
0.935183
0.936091
0.932574
0.923389
0.908435
0.888974
0.867719
0.848443
0.835145
0.830722
0.835548
0.847399
0.86279
0.878311
0.891365
0.900279
0.904233
0.903302
0.898666
0.892426
0.886692
0.882351
0.878841
0.874928
0.869678
0.862866
0.854931
0.846901
0.83989
0.834624
0.830998
0.828131
0.82492
0.820551
0.815198
0.810082
0.807101
0.808058
0.813605
0.822919
0.834286
0.846075
0.857362
0.868013
0.878342
0.888608
0.898669
0.907945
0.915471
0.92019
0.921261
0.918418
0.912343
0.9047
0.897578
0.892706
0.890799
0.89129
0.892666
0.893064
0.890914
0.885433
0.876731
0.865658
0.853562
0.841948
0.832143
0.825163
0.821639
0.821718
0.825077
0.831064
0.838861
0.847634
0.85633
0.863733
0.86859
0.869867
0.867078
0.860714
0.85247
0.845146
0.84195
0.84533
0.855822
0.871658
0.889705
0.906758
0.920567
0.930015
0.93481
0.934881
0.930035
0.919849
0.903948
0.882327
0.855866
0.826697
0.798133
0.773884
0.756788
0.747891
0.746537
0.75132
0.761136
0.775664
0.794833
0.817989
0.843243
0.867581
0.887512
0.900112
0.903841
0.899061
0.887889
0.87369
0.860106
0.850197
0.845842
0.847477
0.854164
0.864083
0.875169
0.885615
0.894128
0.899816
0.902043
0.900551
0.895515
0.887922
0.879645
0.872966
0.869621
0.870003
0.873064
0.876816
0.879294
0.87939
0.876974
0.872532
0.866812
0.860685
0.855254
0.851799
0.85141
0.854524
0.860437
0.867349
0.872932
0.874975
0.871853
0.862788
0.848043
0.829228
0.809247
0.79184
0.780551
0.777779
0.78439
0.799763
0.822067
0.848633
0.876312
0.902098
0.923677
0.939921
0.950882
0.957437
0.960586
0.960803
0.957957
0.95157
0.941164
0.926815
0.909234
0.889707
0.869831
0.851192
0.835131
0.822729
0.814777
0.811771
0.81355
0.819003
0.826315
0.833461
0.838901
0.841913
0.84255
0.841482
0.839527
0.837572
0.836366
0.836454
0.838026
0.840968
0.844738
0.848419
0.850915
0.851274
0.849088
0.84463
0.83877
0.832842
0.828365
0.826931
0.829785
0.837381
0.848967
0.862648
0.876002
0.886926
0.894483
0.899117
0.902065
0.904056
0.904573
0.902053
0.895374
0.885357
0.875244
0.869097
0.869102
0.874515
0.882919
0.892036
0.900479
0.907434
0.912207
0.914015
0.912402
0.907604
0.900678
0.892949
0.885628
0.87959
0.875255
0.872629
0.871221
0.87007
0.86781
0.862991
0.854404
0.841516
0.824874
0.806222
0.788318
0.774249
0.766611
0.76675
0.774259
0.78724
0.802972
0.818998
0.833909
0.847765
0.861737
0.877186
0.894359
0.911874
0.927154
0.937437
0.940777
0.936672
0.926217
0.91174
0.895975
0.881326
0.869263
0.860212
0.853912
0.849788
0.847336
0.846169
0.846022
0.846796
0.848654
0.851808
0.856241
0.861383
0.866136
0.869425
0.870639
0.869868
0.867706
0.864891
0.861826
0.858549
0.854831
0.850327
0.844765
0.838102
0.830629
0.822912
0.815712
0.809869
0.806342
0.806116
0.80998
0.818137
0.829942
0.843954
0.858148
0.870224
0.87824
0.880894
0.877657
0.868798
0.855326
0.839089
0.822796
0.809736
0.803244
0.805758
0.817976
0.838688
0.864946
0.892989
0.919081
0.940325
0.954944
0.962512
0.963821
0.960507
0.954374
0.946518
0.937036
0.925316
0.911115
0.895138
0.879001
0.864608
0.853523
0.846608
0.843879
0.844571
0.847344
0.850751
0.853525
0.854804
0.854138
0.851316
0.846336
0.839243
0.83019
0.81949
0.807514
0.794759
0.781823
0.769502
0.759057
0.752603
0.752843
0.762039
0.78067
0.806858
0.837514
0.869463
0.900134
0.927437
0.949666
0.965324
0.973202
0.972525
0.96306
0.945276
0.920495
0.891107
0.860248
0.831518
0.808461
0.79384
0.788948
0.792993
0.803145
0.815592
0.826905
0.834928
0.838795
