1.20833
1.22203
1.24079
1.26388
1.28939
1.31469
1.33773
1.35746
1.37387
1.38722
1.39751
1.40418
1.40639
1.40337
1.39497
1.3818
1.36515
1.34654
1.3275
1.30913
1.29214
1.27699
1.264
1.25372
1.24677
1.24379
1.24484
1.24943
1.25667
1.26576
1.27611
1.28744
1.29911
1.30981
1.3174
1.31975
1.31565
1.30601
1.29434
1.28479
1.27952
1.27807
1.27891
1.28123
1.28506
1.29032
1.29608
1.30092
1.30349
1.30306
1.2996
1.29372
1.28619
1.27739
1.26728
1.25535
1.24093
1.22391
1.20533
1.18777
1.17512
1.17163
1.18036
1.20209
1.23507
1.2759
1.32076
1.36585
1.40755
1.44258
1.46809
1.48235
1.485
1.47699
1.46015
1.43661
1.40815
1.37592
1.34063
1.30299
1.26391
1.22502
1.18828
1.15602
1.13089
1.11565
1.11256
1.12274
1.14598
1.1803
1.22174
1.26496
1.30483
1.33805
1.3634
1.38151
1.39383
1.40184
1.40634
1.40719
1.404
1.39656
1.38587
1.37413
1.36401
1.35687
1.35191
1.34704
1.34032
1.33163
1.32276
1.3162
1.31374
1.31572
1.32108
1.3279
1.33397
1.33728
1.33652
1.33163
1.32376
1.31463
1.3055
1.29637
1.28584
1.27216
1.25435
1.23307
1.21085
1.19152
1.1789
1.17519
1.17985
1.18983
1.20089
1.20912
1.21211
1.2093
1.20198
1.1929
1.18573
1.18421
1.19108
1.20755
1.23309
1.26549
1.30146
1.33718
1.36927
1.39557
1.41519
1.42832
1.435
1.43494
1.42785
1.41427
1.39604
1.37582
1.35603
1.33775
1.3201
1.30075
1.27757
1.25015
1.2207
1.19392
1.1757
1.1708
1.18018
1.20028
1.22467
1.24704
1.26353
1.27333
1.27821
1.28141
1.28645
1.29629
1.31231
1.33375
1.3579
1.38115
1.40035
1.41378
1.42115
1.42268
1.41797
1.40548
1.38335
1.35117
1.31127
1.26886
1.23048
1.20156
1.1851
1.18168
1.19021
1.2085
1.23366
1.26255
1.29255
1.32156
1.34772
1.36914
1.38414
1.3921
1.39426
1.3935
1.39333
1.3966
1.40459
1.41654
1.42972
1.44041
1.44507
1.4412
1.4276
1.40438
1.37228
1.33249
1.28667
1.23744
1.18927
1.14886
1.12353
1.11751
1.12902
1.15133
1.17666
1.19898
1.21488
1.22336
1.22524
1.22257
1.21798
1.21438
1.21434
1.21978
1.23148
1.24858
1.26897
1.29009
1.30935
1.32452
1.33378
1.33612
1.3317
1.32184
1.30883
1.29505
1.28241
1.27199
1.26426
1.25959
1.25845
1.26152
1.26947
1.28256
1.29997
1.31968
1.33899
1.35554
1.36826
1.37718
1.38245
1.38389
1.38129
1.37503
1.36633
1.35671
1.34779
1.34084
1.33644
1.33428
1.33306
1.33107
1.32658
1.31807
1.30429
1.28454
1.25906
1.22969
1.20047
1.17727
1.16634
1.1727
1.19839
1.24104
1.2936
1.34591
1.3879
1.4124
1.41683
1.40318
1.37711
1.34548
1.3139
1.2853
1.26024
1.23862
1.22116
1.20998
1.20771
1.21583
1.23393
1.25998
1.29092
1.32331
1.35375
1.37922
1.39746
1.40724
1.40854
1.40258
1.39143
1.37779
1.36436
1.35266
1.34172
1.32881
1.31111
1.28723
1.25799
1.2263
1.19617
1.17169
1.15565
1.14878
1.1502
1.15837
1.17218
1.19093
1.21364
1.23847
1.26292
1.28485
1.30317
1.318
1.33029
1.34123
1.35165
1.36191
1.37203
1.38201
1.39163
1.39985
1.40467
1.40353
1.39434
1.37638
1.3503
1.31805
1.28267
1.24812
1.2192
1.20099
1.19772
1.21066
1.23654
1.26815
1.29732
1.3182
1.32867
1.33017
1.32636
1.32135
1.31799
1.31701
1.31747
1.31803
1.31792
1.31704
1.31569
1.31428
1.3133
1.31319
1.31436
1.31721
1.32164
1.32687
1.3315
1.33401
1.33369
1.33078
1.32616
1.32069
1.31469
1.30797
1.30016
1.29115
1.28121
1.27089
1.26104
1.2525
1.24587
1.24135
1.23857
1.23668
1.23467
1.23177
1.22799
1.22448
1.22324
1.22642
1.23557
1.251
1.27161
1.29538
1.3199
1.34291
1.36244
1.37686
1.38491
1.38597
1.38063
1.37052
1.35753
1.34321
1.32847
1.31381
1.29985
1.28733
1.27713
1.26997
1.26618
1.26568
1.26778
1.27132
1.2748
1.27642
1.27463
1.26841
1.25769
1.24372
1.22927
1.21809
1.21381
1.21844
1.2314
1.24997
1.27059
1.29058
1.30883
1.32566
1.34195
1.35843
1.37543
1.39262
1.40884
1.42203
1.42919
1.42758
1.41615
1.39621
1.37125
1.34593
1.32461
1.31046
1.30483
1.30689
1.31415
1.32358
1.33273
1.34018
1.34508
1.34687
1.34484
1.33835
1.3269
1.31056
1.29003
1.26661
1.2421
1.21864
1.19842
1.18331
1.17467
1.17332
1.17954
1.19295
1.21237
1.23553
1.25942
1.2809
1.29741
1.30736
1.31039
1.30708
1.29858
1.28643
1.27235
1.25836
1.2471
1.24162
1.24449
1.25645
1.27579
1.29904
1.32251
1.34357
1.36095
1.37413
1.38232
1.3842
1.37886
1.36631
1.3477
1.32482
1.29986
1.27529
1.25362
1.23716
1.22753
1.22526
1.22983
1.23981
1.25352
1.26984
1.28862
1.31052
1.33584
1.3635
1.39095
1.41461
1.43082
1.43699
1.43176
1.41505
1.38792
1.35241
1.31179
1.2704
1.23318
1.20476
1.18837
1.18511
1.19369
1.21102
1.23305
1.25556
1.27507
1.28943
1.29825
1.30264
1.30471
1.30666
1.31
1.31551
1.32305
1.3319
1.34096
1.34876
1.35379
1.35491
1.35185
1.34506
1.33537
1.32328
1.30885
1.29216
1.27398
1.25642
1.24248
1.235
1.23469
1.23966
1.24601
1.24949
1.24752
1.24039
1.23128
1.22502
1.22574
1.23477
1.2502
1.26824
1.28546
1.29991
1.31128
1.32029
1.32776
1.33396
1.33838
1.34036
1.33955
1.33622
1.33105
1.32487
1.31876
1.31421
1.31299
1.31662
1.32562
1.339
1.35408
1.36684
1.37298
1.36914
1.35364
1.32681
1.29081
1.24906
1.20572
1.16469
1.12896
1.10045
1.08032
1.06952
1.06893
1.07896
1.09895
1.12701
1.16044
1.19642
1.23245
1.26654
1.29714
1.32315
1.34373
1.35844
1.36728
1.37111
1.37172
1.37153
1.37297
1.37774
1.38639
1.39856
1.41331
1.42935
1.44534
1.45994
1.47145
1.47788
1.47689
1.4663
1.44485
1.41264
1.37171
1.32563
1.27881
1.23526
1.19789
1.1681
1.14624
1.13189
1.12421
1.12204
1.12391
1.12819
1.13335
1.13847
1.14322
1.14786
1.15332
1.16143
1.1749
1.19647
1.22733
1.26613
1.30933
1.3526
1.39193
1.42426
1.44749
1.46069
1.46413
1.45916
1.4479
1.43276
1.41562
1.39708
1.37616
1.35121
1.32167
1.28949
1.25861
1.23269
1.2138
1.20326
1.20221
1.21026
1.22458
1.24173
1.26027
1.28165
1.30834
1.34093
1.37658
1.40978
1.43512
1.44922
1.45139
1.4431
1.42726
1.40735
1.38691
1.36874
1.35439
1.34389
1.33608
1.32917
1.32129
1.3113
1.29928
1.28624
1.27361
1.26276
1.25435
1.24836
1.2439
1.23952
1.23362
1.22496
1.2134
1.20025
1.18813
1.18048
1.1805
1.18996
1.20822
1.23217
1.25732
1.27898
1.29388
1.30108
1.30181
1.29868
1.29441
1.29059
1.28725
1.28315
1.27674
1.26705
1.25447
1.24101
1.22989
1.22476
1.22849
1.24215
1.26443
1.29229
1.32198
1.35039
1.3754
1.3956
1.40957
1.41586
1.4134
1.40233
1.38465
1.36415
1.34527
1.33185
1.32588
1.32685
1.33262
1.34038
1.34785
1.35336
1.35602
1.35535
1.35116
1.34371
1.33357
1.32163
1.30925
1.29802
1.2897
1.28545
1.28471
1.28528
1.28475
1.28216
1.27814
1.27411
1.27125
1.26974
1.26897
1.26805
1.26667
1.26501
1.26328
1.26132
1.25932
1.25813
1.25867
1.26103
1.26406
1.26609
1.2657
1.26223
1.25608
1.24844
1.24105
1.23585
1.23452
1.23773
1.24498
1.2547
1.26477
1.27324
1.27929
1.28359
1.28814
1.29544
1.3069
1.32166
1.33686
1.34886
1.35477
1.35321
1.34462
1.33104
1.31552
1.3011
1.28973
1.28209
1.2779
1.27653
1.27704
1.27773
1.27637
1.27134
1.26291
1.25436
1.25228
1.26406
1.29224
1.3315
1.37195
1.40501
1.42606
1.43406
1.43024
1.41723
1.39813
1.3759
1.35284
1.33022
1.30828
1.28723
1.26818
1.25365
1.24668
1.24876
1.25837
1.27178
1.2849
1.29495
1.30095
1.30342
1.30324
1.30064
1.29518
1.28673
1.2765
1.26688
1.25983
1.2552
1.25127
1.24638
1.24043
1.23536
1.23412
1.23928
1.25169
1.27023
1.29236
1.31493
1.33499
1.35012
1.35879
1.36028
1.35482
1.34361
1.32893
1.31448
1.30498
1.3046
1.31458
1.3321
1.35183
1.36852
1.37884
1.38177
1.37808
1.36939
1.35704
1.34186
1.32422
1.30488
1.28586
1.27019
1.26102
1.26033
1.26789
1.28151
1.29784
1.31334
1.32483
1.32977
1.3266
1.31513
1.29704
1.27578
1.25592
1.24184
1.23628
1.23976
1.25089
1.26741
1.28669
1.30574
1.32136
1.3309
1.33301
1.3278
1.31644
1.30091
1.28354
1.26695
1.2536
1.24547
1.24354
1.248
1.25858
1.27461
1.29502
1.3184
1.34311
1.36729
1.38891
1.40564
1.41499
1.41458
1.40292
1.38013
1.34817
1.3109
1.27334
1.24056
1.21668
1.20389
1.2022
1.20964
1.22271
1.23714
1.24892
1.2554
1.25588
1.25182
1.24636
1.24321
1.2454
1.25431
1.26939
1.28834
1.30797
1.32493
1.33645
1.34065
1.3367
1.32482
1.30623
1.28306
1.25824
1.23522
1.21767
1.20913
1.21258
1.22984
1.26083
1.30297
1.35106
1.39802
1.43664
1.46117
1.46884
1.4601
1.43759
1.4046
1.3641
1.31879
1.27265
1.23229
1.20591
1.19895
1.21049
1.23467
1.26521
1.29769
1.32921
1.35732
1.37991
1.39534
1.40246
1.40041
1.38865
1.36726
1.33747
1.3018
1.26395
1.22832
1.19907
1.17926
1.17031
1.17151
1.18057
1.19417
1.20889
1.22218
1.23312
1.24267
1.25313
1.26674
1.28409
1.30364
1.32234
1.33703
1.34554
1.34699
1.3415
1.33012
1.31458
1.29707
1.2796
1.26388
1.25133
1.24333
1.2413
1.24635
1.25871
1.27734
1.29988
1.32305
1.34341
1.35823
1.36572
1.36507
1.35637
1.3404
1.31864
1.29362
1.26942
1.25199
1.24749
1.25886
1.28342
1.31417
1.34353
1.36592
1.3784
1.38013
1.37179
1.35528
1.33359
1.31065
1.29106
1.27913
1.27772
1.28702
1.30436
1.32534
1.34508
1.35954
1.36612
1.36389
1.35377
1.33825
1.32091
1.30563
1.29554
1.29227
1.29566
1.3041
1.31493
1.32489
1.33057
1.32912
1.31893
1.30018
1.2752
1.24809
1.22343
1.20459
1.1929
1.18745
1.1862
1.18741
1.19062
1.19708
1.20947
1.23031
1.26018
1.29692
1.33676
1.37608
1.41247
1.44444
1.4706
1.48946
1.49942
1.4995
1.48952
1.46988
1.4409
1.40253
1.35453
1.29751
1.23405
1.16886
1.10829
1.0588
1.0257
1.0128
1.02219
1.0537
1.10401
1.16696
1.235
1.30069
1.35769
1.40131
1.42853
1.43813
1.43061
1.40832
1.37543
1.33745
1.30037
1.26971
1.24965
1.2425
1.2485
1.26597
1.29195
1.32279
1.35504
1.38603
1.41413
1.43804
1.45593
1.46527
1.46345
1.4489
1.42193
1.38503
1.34209
1.29773
1.25674
1.22345
1.20086
1.19031
1.19208
1.20619
1.23187
1.26605
1.30288
1.33547
1.35847
1.3697
1.36983
1.36118
1.34606
1.32629
1.30374
1.28104
1.26159
1.24878
1.24437
1.24755
1.25529
1.26407
1.2712
1.27488
1.27406
1.26818
1.25741
1.24311
1.22805
1.21623
1.21207
1.2187
1.23635
1.26168
1.28919
1.31351
1.33135
1.34222
1.34797
1.35138
1.35449
1.35761
1.35982
1.36019
1.35836
1.3545
1.34899
1.34204
1.33359
1.32321
1.31017
1.29363
1.27308
1.24895
1.22294
1.1978
1.17662
1.16179
1.15445
1.15464
1.16194
1.17642
1.19866
1.22903
1.26664
1.30887
1.35161
1.39028
1.42066
1.43978
1.44633
1.44077
1.42481
1.40095
1.37175
1.34012
1.30966
1.28449
1.26793
1.26115
1.26261
1.26892
1.27605
1.28025
1.27912
1.2725
1.26258
1.25361
1.25041
1.25683
1.27422
1.30105
1.33335
1.36555
1.3916
1.40613
1.40555
1.38865
1.35698
1.31462
1.26754
1.22254
1.18642
1.16457
1.15991
1.17209
1.19786
1.23186
1.26787
1.30028
1.32525
1.34125
1.34896
1.35046
1.34815
1.34398
1.33919
1.33459
1.33083
1.32852
1.32784
1.32822
1.32839
1.32687
1.32275
1.31618
1.30827
1.30014
1.29197
1.2829
1.27187
1.25859
1.24412
1.23028
1.219
1.21186
1.2104
1.21631
1.23086
1.25384
1.28278
1.31346
1.34131
1.3628
1.3764
1.3826
1.38312
1.37989
1.37448
1.36825
1.36244
1.35782
1.35407
1.34959
1.34221
1.3298
1.31123
1.28652
1.25685
1.22454
1.19299
1.16636
1.14918
1.14537
1.15692
1.18312
1.22036
1.26268
1.30309
1.33521
1.35464
1.35986
1.35246
1.33679
1.31866
1.3037
1.2959
1.29671
1.30489
1.31729
1.33011
1.33976
1.3438
1.34109
1.3319
1.3178
1.30136
1.28565
1.27392
1.26849
1.26983
1.27637
1.28515
1.29342
1.29969
1.30366
1.30569
1.30627
1.30551
1.3031
1.29851
1.29166
1.28337
1.27537
1.26993
1.26878
1.27236
1.27949
1.28811
1.29633
1.30301
1.3078
1.31081
1.31208
1.3116
1.30946
1.30606
1.30183
1.29686
1.29094
1.28397
1.27606
1.26786
1.26006
1.25336
1.24834
1.24554
1.24537
1.24773
1.25185
1.25643
1.26008
1.26203
1.26226
1.26171
1.26192
1.26441
1.27032
1.2802
1.2942
1.31192
1.33225
1.35284
1.37009
1.38004
1.37976
1.36865
1.34872
1.32413
1.30007
1.28077
1.26786
1.26005
1.25444
1.24809
1.23922
1.22789
1.21574
1.20539
1.1991
1.19784
1.20098
1.20669
1.2128
1.21776
1.22095
1.2231
1.22602
1.23192
1.2424
1.25804
1.27791
1.30001
1.32159
1.33979
1.35229
1.35785
1.35634
1.34829
1.33452
1.31598
1.29382
1.26996
1.24731
1.22942
1.21989
1.22165
1.23612
1.2628
1.29901
1.34037
1.38148
1.41666
1.44076
1.44999
1.44274
1.41983
1.38486
1.34363
1.30279
1.26788
1.24224
1.22688
1.22097
1.2225
1.22877
1.23731
1.24668
1.25673
1.26784
1.28029
1.29375
1.30795
1.32289
1.33861
1.35463
1.36955
1.3814
1.38835
1.38933
1.38407
1.37328
1.35872
1.34294
1.32883
1.31884
1.3142
1.31445
1.31767
1.32119
1.32226
1.31897
1.31082
1.29901
1.28638
1.27663
1.27317
1.27745
1.28791
1.30033
1.30947
1.31068
1.301
1.27967
1.24838
1.21115
1.17396
1.14362
1.1261
1.12457
1.13868
1.16541
1.20045
1.23948
1.27879
1.31536
1.34704
1.37255
1.39146
1.40399
1.41059
1.412
1.40987
1.40718
1.40694
1.40935
1.41076
1.40601
1.39226
1.37031
1.34334
1.31502
1.2881
1.26434
1.24478
1.23017
1.22138
1.21931
1.22452
1.23677
1.25452
1.27455
1.29234
1.3032
1.30409
1.29499
1.27899
1.2611
1.24682
1.24084
1.24622
1.26338
1.28987
1.32106
1.35176
1.3778
1.39699
1.40897
1.41441
1.41427
1.40944
1.40068
1.38882
1.37476
1.35944
1.34388
1.32929
1.31681
1.30701
1.29968
1.29355
1.28646
1.27624
1.26208
1.24519
1.22834
1.21449
1.20545
1.20179
1.20354
1.21048
1.22209
1.23733
1.25486
1.27308
1.29045
1.30566
1.31767
1.32585
1.32986
1.32963
1.32526
1.31728
1.30675
1.29521
1.28445
1.27598
1.2709
1.27013
1.27447
1.2843
1.299
1.31684
1.33547
1.35254
1.36623
1.37526
1.37904
1.37781
1.37282
1.36566
1.35725
1.34749
1.33568
1.32143
1.30506
1.28724
1.26915
1.25258
1.23979
1.23239
1.23021
1.23123
1.23307
1.23463
1.23624
1.23868
1.24191
1.24461
1.24484
1.24108
1.23314
1.22238
1.21141
1.20324
1.20029
1.20354
1.21256
1.22609
1.24267
1.2607
1.2786
1.29469
1.30738
1.31555
1.319
1.31852
1.31567
1.31252
1.311
1.31229
1.31667
1.32371
1.33271
1.34294
1.3534
1.36274
1.3695
1.37256
1.37153
1.36673
1.35892
1.34917
1.33876
1.32912
1.32159
1.3169
1.31493
1.31462
1.3145
1.3134
1.31145
1.31005
1.31094
1.31495
1.32115
1.32695
1.32951
1.32683
1.31813
1.30369
1.28492
1.26492
1.24847
1.24011
1.24144
1.25057
1.26376
1.27722
1.28792
1.29376
1.29364
1.28749
1.27604
1.2604
1.24203
1.22301
1.20639
1.19601
1.19515
1.20466
1.22244
1.24434
1.2662
1.28506
1.29969
1.30993
1.31667
1.32163
1.32749
1.33715
1.352
1.37056
1.38835
1.39998
1.40135
1.39102
1.37023
1.34234
1.31206
1.28483
1.26551
1.25692
1.25906
1.26935
1.28406
1.29972
1.31381
1.32501
1.33278
1.33714
1.33827
1.33658
1.33248
1.32642
1.31867
1.30962
1.29982
1.29016
1.28168
1.27534
1.27176
1.27137
1.27432
1.28057
1.28977
1.30149
1.3154
1.33122
1.34862
1.36642
1.38213
1.39229
1.39338
1.38317
1.36169
1.33131
1.29614
1.26117
1.23128
1.21022
1.20027
1.20208
1.21455
1.23502
1.25933
1.28238
1.29932
1.30707
1.30515
1.29589
1.28348
1.27243
1.26574
1.26415
1.26703
1.27339
1.28269
1.29442
1.30721
1.3186
1.3254
1.32492
1.31597
1.2991
1.27622
1.24987
1.22254
1.19635
1.17345
1.15616
1.14685
1.14727
1.15776
1.17693
1.2021
1.2303
1.25907
1.28659
1.31161
1.33331
1.35107
1.36424
1.37212
1.37408
1.36983
1.35977
1.34524
1.32852
1.31239
1.29974
1.29296
1.29361
1.30212
1.31776
1.33901
1.36377
1.38946
1.41302
1.43117
1.44067
1.4389
1.42438
1.39694
1.358
1.31079
1.2606
1.21449
1.17955
1.16047
1.15742
1.16613
1.18025
1.1943
1.20529
1.21278
1.21776
1.22155
1.22553
1.231
1.23925
1.2514
1.26824
1.28978
1.31503
1.34184
1.36724
1.38813
1.40211
1.40799
1.40607
1.39788
1.38575
1.37208
1.35921
1.3493
1.34373
1.34224
1.34294
1.3431
1.34046
1.33392
1.32348
1.30971
1.29328
1.27477
1.25485
1.23464
1.21599
1.2014
1.19331
1.19316
1.20041
1.21265
1.22619
1.237
1.24199
1.2395
1.22999
1.21572
1.20011
1.18671
1.17878
1.17894
1.18864
1.20737
1.23218
1.25823
1.28039
1.29475
1.2996
1.29596
1.28703
1.27748
1.27226
1.27525
1.28801
1.30922
1.33518
1.36077
1.38051
1.38973
1.38636
1.37181
1.35009
1.32598
1.3031
1.28336
1.26748
1.25618
1.25045
1.25125
1.25881
1.27189
1.28771
1.30257
1.31318
1.31779
1.31694
1.31316
1.30995
1.31025
1.31579
1.32658
1.34143
1.35831
1.37474
1.38829
1.39696
1.39954
1.39556
1.3855
1.37016
1.35045
1.3272
1.3014
1.27444
1.24838
1.22567
1.20857
1.19852
1.19562
1.19846
1.20444
1.21076
1.2153
1.21735
1.21752
1.21743
1.2193
1.22541
1.23765
1.25674
1.28169
1.30973
1.33683
1.35887
1.37283
1.37743
1.37322
1.36213
1.34688
1.33088
1.31798
1.31176
1.31416
1.32452
1.33992
1.35646
1.37054
1.3794
1.38122
1.37488
1.3601
1.33765
1.30947
1.27839
1.24753
1.21958
1.19655
1.1798
1.1702
1.16792
1.17226
1.18169
1.19417
1.20777
1.22109
1.23338
1.24438
1.25397
1.26208
1.26877
1.2742
1.27887
1.2836
1.28941
1.29755
1.30915
1.32462
1.34299
1.36189
1.37816
1.38878
1.39186
1.38694
1.37503
1.35791
1.33776
1.31644
1.29547
1.27646
1.2615
1.25309
1.25326
1.26205
1.27667
1.29234
1.30441
1.3106
1.31166
1.31042
1.31013
1.31286
1.3189
1.32713
1.33593
1.3439
1.35027
1.35505
1.35911
1.36407
1.37167
1.38284
1.39701
1.41199
1.42417
1.42948
1.42428
1.40629
1.37535
1.33353
1.28521
1.23621
1.19256
1.15912
1.13876
1.13191
1.13686
1.15064
1.17005
1.19258
1.21665
1.24122
1.26497
1.28594
1.30162
1.30973
1.30919
1.30064
1.28633
1.26954
1.2537
1.24157
1.23482
1.2339
1.23804
1.24581
1.25587
1.26756
1.2812
1.29747
1.31677
1.33859
1.36092
1.38062
1.39415
1.39871
1.39347
1.3804
1.36376
1.34786
1.33456
1.32361
1.31456
1.30752
1.30262
1.29871
1.29306
1.28214
1.26327
1.23648
1.20594
1.17961
1.16641
1.17211
1.1965
1.2343
1.27806
1.32056
1.35629
1.38182
1.39555
1.39726
1.38805
1.37031
1.34784
1.32532
1.30759
1.29832
1.29878
1.30721
1.31969
1.33196
1.34113
1.34637
1.34824
1.34719
1.34247
1.3326
1.31659
1.29543
1.27221
1.2509
1.23511
1.22726
1.22839
1.23815
1.2548
1.27574
1.29829
1.32024
1.33991
1.35591
1.36711
1.37273
1.37257
1.36755
1.35932
1.3495
1.33909
1.32855
1.31857
1.31062
1.30694
1.30959
1.31924
1.33451
1.35216
1.36787
1.37736
1.37741
1.3666
1.34545
1.31599
1.28134
1.24574
1.21405
1.19093
1.17949
1.17983
1.18876
1.20064
1.20969
1.21256
1.20959
1.20428
1.20091
1.2025
1.21033
1.22462
1.24483
1.26926
1.29482
1.3182
1.33689
1.3496
1.35631
1.35784
1.35571
1.35168
1.34722
1.34311
1.33943
1.3357
1.33133
1.326
1.32024
1.31534
1.31267
1.31236
1.31291
1.312
1.30793
1.30043
1.29086
1.2815
1.27441
1.27053
1.26926
1.26899
1.2681
1.26619
1.26462
1.26591
1.27233
1.28445
1.30065
1.3182
1.33422
1.34648
1.35351
1.35433
1.34835
1.33569
1.31744
1.29599
1.27464
1.25661
1.24401
1.2375
1.23652
1.23985
1.24605
1.25363
1.26121
1.26777
1.27309
1.27773
1.28268
1.28865
1.29548
1.30201
1.30681
1.30913
1.30923
1.30831
1.30781
1.30877
1.31149
1.31561
1.32034
1.32467
1.32754
1.3281
1.32584
1.3206
1.31273
1.30308
1.29304
1.28404
1.27718
1.2729
1.27073
1.26949
1.26789
1.26497
1.26053
1.25499
1.24911
1.24382
1.23992
1.23814
1.23888
1.24237
1.24865
1.25723
1.26683
1.27555
1.28197
1.28609
1.28886
1.29097
1.29228
1.29266
1.29307
1.2958
1.30337
1.31702
1.33593
1.35769
1.37931
1.39821
1.41241
1.42096
1.42444
1.42501
1.42514
1.42546
1.424
1.41763
1.40433
1.38452
1.36055
1.33544
1.31183
1.29132
1.27444
1.26095
1.25027
1.24191
1.23561
1.23107
1.22756
1.22417
1.22011
1.21526
1.21056
1.20815
1.21068
1.22002
1.23563
1.25441
1.27214
1.28551
1.29308
1.29528
1.2935
1.28924
1.28363
1.2774
1.27139
1.26703
1.26635
1.27149
1.28372
1.30242
1.32484
1.34731
1.36658
1.38052
1.38815
1.38923
1.38376
1.3719
1.35378
1.32967
1.30012
1.26621
1.22982
1.19373
1.16119
1.13559
1.1198
1.11565
1.12351
1.14194
1.16776
1.19685
1.22507
1.24915
1.26672
1.2764
1.27765
1.27149
1.26134
1.25336
1.25494
1.27093
1.3008
1.33936
1.38022
1.41816
1.44981
1.47327
1.48771
1.49307
1.48979
1.47877
1.46121
1.43846
1.41186
1.38244
1.35092
1.31779
1.28379
1.25098
1.22373
1.20846
1.21119
1.23306
1.26821
1.30698
1.34097
1.36524
1.37845
1.38158
1.37696
1.36733
1.35534
1.34286
1.33077
1.31934
1.30894
1.30067
1.29625
1.29736
1.30463
1.31689
1.33132
1.34416
1.35197
1.35267
1.34611
1.33394
1.31917
1.30493
1.29315
1.28378
1.27483
1.26349
1.24722
1.22478
1.19673
1.16549
1.13535
1.11195
1.10073
1.10416
1.12015
1.14282
1.16545
1.18324
1.19456
1.20061
1.2035
1.20426
1.2024
1.19736
1.18983
1.18192
1.17628
1.17491
1.17851
1.18635
1.19677
1.20813
1.21927
1.22943
1.23803
1.2447
1.2498
1.25437
1.26002
1.26836
1.28051
1.29722
1.31877
1.34487
1.37429
1.40467
1.43255
1.45376
1.46448
1.46213
1.44596
1.41712
1.3791
1.33773
1.3002
1.27244
1.25631
1.24944
1.24768
1.24779
1.24813
1.24824
1.24842
1.24933
1.25187
1.25687
1.2648
1.27551
1.28831
1.30212
1.31595
1.32884
1.3403
1.35069
1.36139
1.37419
1.3905
1.41017
1.43113
1.44995
1.46304
1.46746
1.4613
1.44379
1.41509
1.37655
1.33092
1.28225
1.23563
1.19603
1.16727
1.15125
1.14794
1.15595
1.17291
1.19605
1.22242
1.24906
1.27329
1.29301
1.30699
1.31477
1.31681
1.31429
1.30896
1.30269
1.29688
1.29223
1.28857
1.28495
1.27993
1.27219
1.26089
1.24638
1.23092
1.2185
1.21329
1.21714
1.22862
1.24437
1.26125
1.27683
1.28918
1.29623
1.29589
1.28678
1.26894
1.24391
1.21479
1.18595
1.16235
1.14824
1.14608
1.15555
1.17374
1.19633
1.21918
1.23928
1.25499
1.26573
1.2716
1.27309
1.27118
1.26746
1.26418
1.26377
1.26808
1.27786
1.29247
1.31022
1.3292
1.34799
1.36579
1.38229
1.39716
1.40999
1.42004
1.42644
1.42836
1.42508
1.41628
1.40224
1.38394
1.36329
1.3428
1.32528
1.31337
1.30883
1.31191
1.32085
1.33241
1.34261
1.34799
1.3464
1.3374
1.32243
1.30428
1.28642
1.27236
1.26515
1.26694
1.27847
1.2987
1.32476
1.35273
1.37839
1.39824
1.40966
1.41105
1.40153
1.381
1.35035
1.31142
1.26692
1.22014
1.17462
1.13393
1.10185
1.08238
1.07895
1.09266
1.12131
1.16008
1.20348
1.24694
1.2872
1.32197
1.34947
1.3681
1.37642
1.37377
1.36051
1.33852
1.31107
1.28243
1.25697
1.23793
1.22717
1.22565
1.23395
1.2512
1.27431
1.29785
1.31571
1.32335
1.31965
1.3073
1.2917
1.27826
1.2697
1.26516
1.26202
1.2584
1.2541
1.25009
1.24781
1.24856
1.25322
1.26197
1.27417
1.2887
1.30422
1.31962
1.33412
1.34741
1.35962
1.37082
1.38018
1.38547
1.38394
1.3739
1.35611
1.33357
1.3105
1.29085
1.2771
1.27006
1.26894
1.27198
1.27716
1.28294
1.28874
1.29493
1.30229
1.31157
1.32283
1.33552
1.34865
1.36112
1.37222
1.38168
1.38943
1.39526
1.39871
1.39912
1.3957
1.38731
1.37265
1.35093
1.32322
1.2933
1.26678
1.24898
1.24281
1.24787
1.26119
1.27846
1.29549
1.30909
1.31742
1.3198
1.31638
1.30795
1.29569
1.28098
1.26498
1.24843
1.23186
1.21594
1.20196
1.19174
1.18716
1.18969
1.19986
1.21706
1.23959
1.26499
1.2905
1.31378
1.33326
1.34834
1.35928
1.36693
1.37218
1.37545
1.37632
1.37349
1.36518
1.34977
1.32654
1.29619
1.26131
1.22638
1.19714
1.17869
1.17352
1.18036
1.19515
1.21309
1.23013
1.24355
1.25183
1.25442
1.25177
1.24495
1.23529
1.22402
1.2123
1.20156
1.19371
1.19097
1.19513
1.20651
1.22391
1.24519
1.2679
1.28981
1.30917
1.32461
1.3352
1.34032
1.3398
1.33386
1.32322
1.30941
1.29489
1.28282
1.2763
1.27739
1.28619
1.30082
1.31802
1.33424
1.34704
1.3556
1.36073
1.36427
1.36785
1.372
1.37605
1.37865
1.37894
1.37716
1.37466
1.37313
1.37359
1.37583
1.3784
1.37922
1.37638
1.36881
1.35648
1.34036
1.32192
1.30256
1.28325
1.2643
1.24568
1.22752
1.21073
1.19712
1.18892
1.18778
1.19399
1.20636
1.2228
1.24124
1.26027
1.27931
1.29797
1.31534
1.32974
1.33899
1.34127
1.336
1.32389
1.30657
1.28615
1.26487
1.24523
1.22958
1.21975
1.21653
1.21941
1.22634
1.23409
1.2389
1.23745
1.22768
1.20951
1.18534
1.16012
1.14041
1.13254
1.14057
1.16496
1.20286
1.24931
1.29858
1.34519
1.38472
1.41436
1.43292
1.44107
1.4406
1.4338
1.42305
1.41037
1.39711
1.38405
1.37078
1.35615
1.339
1.31914
1.29806
1.27878
1.26509
1.26009
1.26488
1.27778
1.29503
1.31187
1.32389
1.328
1.32293
1.30948
1.28991
1.26753
1.24619
1.22986
1.22202
1.22484
1.23849
1.26099
1.28876
1.31747
1.34279
1.3612
1.3704
1.36994
1.36109
1.34649
1.3296
1.31404
1.30277
1.29787
1.30061
1.31156
1.33027
1.35454
1.38028
1.4025
1.41661
1.41944
1.40961
1.38752
1.35517
1.31609
1.27485
1.23653
1.20599
1.18689
1.18099
1.18759
1.20382
1.2256
1.24886
1.27014
1.28686
1.2969
1.29839
1.28988
1.27098
1.2431
1.20943
1.17455
1.14342
1.12044
1.10855
1.10872
1.11987
1.13958
1.16493
1.19332
1.22296
1.25279
1.28256
1.31252
1.34282
1.37279
1.40052
1.42302
1.43682
1.43941
1.43082
1.41466
1.39738
1.38586
1.3845
1.39313
1.40753
1.42147
1.42936
1.4279
1.41673
1.39793
1.37532
1.35319
1.33496
1.32244
1.3158
1.31443
1.31762
1.32448
1.33372
1.34322
1.35008
1.35107
1.34349
1.32586
1.29883
1.2662
1.23546
1.21552
1.21131
1.22061
1.23692
1.25441
1.26974
1.28135
1.28865
1.29138
1.28963
1.28373
1.27457
1.26356
1.25252
1.24322
1.23726
1.23608
1.24132
1.25412
1.27393
1.298
1.32232
1.34272
1.3559
1.35978
1.35365
1.33807
1.31445
1.28486
1.25218
1.22022
1.19349
1.17619
1.17084
1.17752
1.19438
1.21875
1.24802
1.27958
1.31079
1.33906
1.36216
1.37869
1.38811
1.39049
1.38642
1.3771
1.36435
1.35044
1.33748
1.32685
1.31871
1.31234
1.3069
1.30222
1.299
1.29835
1.3014
1.3091
1.32194
1.33948
1.35974
1.3794
1.3949
1.40394
1.40638
1.40368
1.39757
1.38898
1.3774
1.3616
1.34029
1.31331
1.28234
1.25081
1.22315
1.20371
1.19544
1.19873
1.21107
1.2273
1.24119
1.24742
1.24334
1.2295
1.20886
1.18571
1.16441
1.14886
1.1423
1.14711
1.16427
1.19291
1.23002
1.27098
1.31087
1.34551
1.37225
1.39012
1.39943
1.4013
1.39677
1.38651
1.3709
1.35058
1.32702
1.30263
1.28032
1.26285
1.25201
1.24829
1.25117
1.25923
1.27043
1.28278
1.29505
1.30706
1.31902
1.33055
1.34028
1.34637
1.34753
1.34381
1.33663
1.32812
1.3201
1.31334
1.30762
1.30268
1.29937
1.29979
1.30591
1.31762
1.33191
1.3443
1.35092
1.35017
1.34317
1.3329
1.32292
1.3158
1.31225
1.31133
1.31136
1.31087
1.30882
1.30486
1.29946
1.29397
1.2899
1.28808
1.28794
1.28747
1.28428
1.27651
1.26358
1.2464
1.22753
1.21102
1.20164
1.20306
1.21567
1.23583
1.2582
1.27892
1.29719
1.31475
1.33334
1.35233
1.36822
1.37641
1.37363
1.3596
1.33697
1.31049
1.28545
1.26623
1.255
1.25139
1.25292
1.256
1.25723
1.25474
1.24854
1.2405
1.23354
1.2307
1.23398
1.24356
1.25786
1.27424
1.29029
1.30476
1.31761
1.32936
1.34013
1.34923
1.35547
1.35791
1.35651
1.35227
1.34685
1.34167
1.33737
1.33393
1.33137
1.33028
1.33162
1.33558
1.3409
1.34506
1.34527
1.33953
1.32705
1.30824
1.28462
1.25851
1.23294
1.21122
1.19637
1.19
1.19199
1.2005
1.21291
1.22698
1.24159
1.25661
1.27193
1.2866
1.29842
1.30426
1.30125
1.28786
1.2649
1.23581
1.206
1.18139
1.16672
1.16435
1.17416
1.19447
1.22327
1.2587
1.29864
1.33968
1.37685
1.4045
1.41784
1.41427
1.39419
1.36086
1.31978
1.2774
1.23952
1.20984
1.18952
1.17795
1.17414
1.17758
1.18808
1.20434
1.22377
1.24359
1.26292
1.28379
1.31043
1.34674
1.39331
1.4463
1.49884
1.54369
1.57553
1.59138
1.5901
1.57181
1.53723
1.48777
1.42588
1.35596
1.28485
1.22127
1.17383
1.14814
1.14477
1.15944
1.18531
1.21549
1.24459
1.26878
1.28537
1.2926
1.28965
1.27697
1.25624
1.23053
1.20389
1.18079
1.16507
1.15918
1.16369
1.17755
1.19874
1.22489
1.25341
1.28178
1.30807
1.33119
1.35103
1.36785
1.38149
1.39141
1.39708
1.39867
1.39682
1.39199
1.38374
1.37092
1.35268
1.3297
1.30426
1.27988
1.26014
1.24775
1.24377
1.24746
1.25652
1.26789
1.27852
1.28637
1.29086
1.29279
1.29352
1.29385
1.2935
1.29132
1.28586
1.27608
1.26162
1.24273
1.22034
1.19654
1.17494
1.16053
1.15833
1.17131
1.19907
1.23785
1.28179
1.32476
1.36148
1.38829
1.40335
1.40647
1.39898
1.38311
1.36123
1.33531
1.3068
1.27684
1.24695
1.21939
1.19719
1.18379
1.182
1.1933
1.21721
1.2512
1.29133
1.33324
1.37297
1.4077
1.43563
1.45567
1.46702
1.46885
1.46046
1.442
1.4149
1.38206
1.3473
1.31449
1.28701
1.26734
1.2568
1.25535
1.26165
1.27403
1.29109
1.31188
1.3353
1.35944
1.38119
1.39678
1.40289
1.39765
1.38108
1.35474
1.32095
1.28207
1.24024
1.19755
1.15641
1.11985
1.0915
1.0753
1.07484
1.0922
1.12682
1.17504
1.23127
1.28968
1.34489
1.39176
1.42568
1.44324
1.44301
1.42595
1.39522
1.35595
1.31466
1.27831
1.25322
1.2437
1.25084
1.27234
1.30363
1.33908
1.37304
1.40079
1.41925
1.42723
1.42532
1.41535
1.39958
1.37989
1.35732
1.33205
1.30386
1.27282
1.23979
1.20649
1.1755
1.15013
1.13388
1.12973
1.13916
1.16151
1.19421
1.23342
1.27503
1.31536
1.35156
1.38152
1.40376
1.41751
1.42274
1.4206
1.41325
1.40358
1.3944
1.3874
1.38261
1.37844
1.37236
1.36202
1.34585
1.32358
1.29619
1.26574
1.23527
1.20816
1.18726
1.17377
1.16699
1.165
1.16606
1.1695
1.17566
1.18541
1.19922
1.21681
1.23696
1.2581
1.27909
1.29961
1.32016
1.34139
1.363
1.38343
1.39985
1.40917
1.40906
1.39875
1.37919
1.35275
1.3226
1.29172
1.26244
1.23631
1.21428
1.19723
1.1864
1.18333
1.18889
1.20243
1.22114
1.24073
1.25667
1.26565
1.26619
1.25878
1.24584
1.23122
1.2193
1.21405
1.21794
1.23123
1.2521
1.27744
1.30411
1.32971
1.35249
1.37109
1.38432
1.3911
1.39086
1.38367
1.37046
1.35317
1.3348
1.31908
1.30955
1.30833
1.31516
1.32739
1.34104
1.35184
1.35622
1.3519
1.3383
1.3164
1.28854
1.258
1.22846
1.2036
1.18685
1.18083
1.18675
1.20372
1.22891
1.25856
1.28912
1.31813
1.34425
1.3666
1.38418
1.39551
1.39887
1.3929
1.37768
1.35557
1.33116
1.30933
1.29269
1.28099
1.27264
1.26638
1.26165
1.25852
1.25776
1.26044
1.26714
1.27734
1.28908
1.29995
1.30826
1.31372
1.3171
1.31946
1.32129
1.32217
1.32119
1.31764
1.3116
1.30403
1.29664
1.29132
1.28927
1.29023
1.29213
1.29181
1.28649
1.27514
1.2594
1.2432
1.23134
1.22731
1.23211
1.24423
1.2608
1.27863
1.29493
1.30773
1.3163
1.32203
1.32864
1.34056
1.35945
1.38263
1.40557
1.42444
1.43676
1.44058
1.43457
1.41882
1.39535
1.36759
1.33907
1.31223
1.28814
1.26734
1.25048
1.23875
1.23378
1.23663
1.24693
1.26258
1.28015
1.29599
1.3072
1.31253
1.31267
1.30991
1.30713
1.30655
1.30852
1.31142
1.31242
1.30869
1.29856
1.28218
1.26166
1.24066
1.22366
1.21489
1.21727
1.23157
1.25631
1.28814
1.32287
1.35629
1.3849
1.40593
1.41753
1.4185
1.40835
1.38702
1.35508
1.31416
1.2672
1.21883
1.17524
1.14312
1.12781
1.13137
1.15171
1.18342
1.22006
1.25642
1.28945
1.31789
1.34115
1.35824
1.36796
1.36939
1.36292
1.35076
1.33678
1.32535
1.31984
1.32129
1.328
1.33616
1.34109
1.33873
1.32702
1.30646
1.27993
1.25184
1.22659
1.20706
1.19394
1.18605
1.18163
1.17951
1.17979
1.18383
1.19336
1.20955
1.23239
1.26043
1.29089
1.32039
1.34592
1.36562
1.37884
1.3858
1.38713
1.38341
1.37505
1.36269
1.34787
1.33337
1.32276
1.31894
1.32281
1.33313
1.34739
1.36288
1.37725
1.38865
1.39568
1.39704
1.39176
1.37978
1.36237
1.34204
1.32187
1.30463
1.29171
1.28235
1.27395
1.26345
1.24862
1.22894
1.20536
1.17987
1.15498
1.13341
1.11789
1.11069
1.11337
1.12624
1.14814
1.17648
1.20759
1.23755
1.26274
1.28027
1.28829
1.28611
1.27476
1.25763
1.24017
1.22857
1.2274
1.23811
1.25901
1.28653
1.31654
1.34538
1.37044
1.3902
1.40436
1.4134
1.418
1.41859
1.41516
1.40761
1.39598
1.38077
1.36306
1.34411
1.32503
1.30634
1.28787
1.2688
1.2483
1.22623
1.20384
1.18386
1.16981
1.16501
1.17132
1.18852
1.21425
1.24482
1.27589
1.30324
1.32352
1.33483
1.33762
1.33482
1.33102
1.33081
1.3367
1.34827
1.36276
1.37649
1.38605
1.38922
1.38506
1.37374
1.35633
1.33447
1.30992
1.28431
1.25883
1.23435
1.21179
1.19255
1.17847
1.1713
1.17219
1.18111
1.1964
1.21488
1.23263
1.24599
1.25247
1.25124
1.24295
1.22945
1.21335
1.19794
1.18685
1.18342
1.19007
1.20729
1.23325
1.26397
1.29433
1.31951
1.33623
1.34357
1.34324
1.33883
1.33465
1.33383
1.33734
1.34408
1.35187
1.35855
1.36244
1.36256
1.35836
1.34974
1.33736
1.32313
1.30975
1.30011
1.29615
1.29804
1.30417
1.31197
1.31884
1.32279
1.32281
1.3186
1.3106
1.29976
1.28744
1.27486
1.26294
1.25211
1.24268
1.23545
1.23195
1.23405
1.24286
1.25771
1.27584
1.29327
1.30692
1.31652
1.3258
1.34087
1.36533
1.39632
1.42585
1.44587
1.45164
1.44189
1.41779
1.38209
1.33858
1.29172
1.24658
1.20832
1.18156
1.1691
1.1713
1.18632
1.21068
1.23924
1.26547
1.28286
1.28713
1.27795
1.25905
1.23655
1.21669
1.20393
1.20016
1.20506
1.21694
1.23359
1.25282
1.27291
1.29231
1.30953
1.32312
1.33202
1.3359
1.33566
1.33314
1.33052
1.32941
1.33028
1.33299
1.33721
1.34273
1.34924
1.35591
1.36142
1.36447
1.36415
1.36012
1.35263
1.34255
1.33098
1.3189
1.30732
1.29757
1.29135
1.29022
1.29448
1.30234
1.31059
1.31595
1.31662
1.31263
1.30491
1.29451
1.2821
1.26859
1.25588
1.24687
1.24381
1.24618
1.25026
1.25126
1.24623
1.23577
1.22313
1.21242
1.207
1.20859
1.21716
1.23113
1.24793
1.26496
1.28026
1.29277
1.30234
1.30921
1.3138
1.31657
1.31783
1.31797
1.31728
1.31591
1.31392
1.31133
1.30788
1.30315
1.29668
1.28844
1.27934
1.2713
1.26664
1.26715
1.27343
1.28494
1.30072
1.32035
1.34388
1.37097
1.39956
1.42529
1.44256
1.44692
1.43674
1.41405
1.38368
1.35169
1.32304
1.30021
1.28351
1.27208
1.26491
1.261
1.25929
1.2587
1.25838
1.25779
1.25645
1.25394
1.24966
1.24301
1.23369
1.2219
1.20842
1.1944
1.18114
1.16982
1.16146
1.1568
1.15619
1.15962
1.16658
1.17613
1.18704
1.19816
1.20854
1.218
1.22712
1.23723
1.25001
1.26685
1.28832
1.31332
1.33914
1.36213
1.37887
1.38727
1.38707
1.37934
1.36528
1.34549
1.31998
1.28926
1.25554
1.22308
1.19683
1.18043
1.17476
1.17836
1.18901
1.2051
1.22593
1.25108
1.27952
1.30925
1.33767
1.36233
1.38156
1.39468
1.40169
1.40319
1.39987
1.39234
1.38104
1.36605
1.34717
1.32424
1.29771
1.26927
1.24224
1.22098
1.20971
1.21088
1.22414
1.24639
1.27322
1.30059
1.32611
1.34928
1.37062
1.39003
1.40588
1.41499
1.41427
1.40239
1.38045
1.35135
1.31877
1.2864
1.25778
1.23613
1.22349
1.22027
1.22501
1.23497
1.247
1.25829
1.26706
1.27303
1.27717
1.28097
1.28541
1.2902
1.2935
1.29285
1.28659
1.27517
1.26147
1.25045
1.24737
1.25562
1.27466
1.29993
1.32481
1.34323
1.35145
1.34844
1.3357
1.3165
1.29483
1.27443
1.25815
1.24757
1.24304
1.24401
1.24943
1.258
1.26827
1.27854
1.28694
1.2917
1.29155
1.28572
1.2741
1.25729
1.23686
1.21545
1.19675
1.18474
1.18265
1.19193
1.21179
1.23956
1.27153
1.30411
1.33467
1.36192
1.38511
1.40264
1.41182
1.41014
1.39689
1.3737
1.34385
1.31114
1.2789
1.24967
1.22546
1.20812
1.19954
1.20136
1.2142
1.23707
1.26696
1.29943
1.32988
1.35516
1.37448
1.38855
1.39701
1.39702
1.38513
1.36043
1.32605
1.28765
1.25123
1.22124
1.19989
1.18789
1.18542
1.19259
1.20935
1.23512
1.26848
1.3072
1.34841
1.38882
1.42499
1.45379
1.47319
1.48266
1.48309
1.47634
1.46443
1.44902
1.43089
1.41003
1.38571
1.35737
1.32549
1.29232
1.26179
1.23852
1.22583
1.22451
1.23285
1.24765
1.26537
1.2827
1.29672
1.30509
1.30599
1.29841
1.28218
1.25812
1.22827
1.19615
1.16636
1.14372
1.13167
1.13105
1.14033
1.15659
1.17687
1.199
1.22157
1.24396
1.26606
1.28797
1.3096
1.32993
1.34706
1.35833
1.36113
1.3539
1.33728
1.31456
1.29066
1.27012
1.25549
1.24684
1.24292
1.24283
1.24655
1.2547
1.26738
1.283
1.29865
1.31143
1.31975
1.32348
1.32339
1.32071
1.31701
1.31449
1.31583
1.32332
1.3376
1.35701
1.37813
1.39629
1.40687
1.40634
1.39315
1.36849
1.33606
1.30052
1.26596
1.23504
1.20972
1.19209
1.18425
1.18731
1.20038
1.22034
1.24301
1.26472
1.28341
1.29878
1.31154
1.3227
1.33313
1.34344
1.35407
1.3653
1.37698
1.38828
1.3976
1.40311
1.40319
1.39736
1.38635
1.37143
1.35368
1.33353
1.31102
1.28593
1.25788
1.2267
1.19336
1.16087
1.13485
1.12228
1.12859
1.15493
1.19785
1.2508
1.30615
1.35677
1.39701
1.42355
1.43545
1.43361
1.42009
1.39791
1.3709
1.34362
1.3207
1.30593
1.30101
1.30526
1.31548
1.32652
1.33264
1.32922
1.31433
1.28958
1.25976
1.23115
1.20967
1.19926
1.20103
1.21353
1.23382
1.25835
1.28379
1.3075
1.32753
1.34256
1.35173
1.35452
1.35061
1.3399
1.32301
1.30138
1.27749
1.25466
1.23664
1.22676
1.22659
1.23505
1.24873
1.26337
1.27551
1.28371
1.28859
1.29227
1.29712
1.30456
1.31436
1.32472
1.33315
1.33765
1.3374
1.33296
1.32551
1.31615
1.30564
1.29491
1.28551
1.27954
1.27889
1.28437
1.29486
1.30787
1.32024
1.32938
1.33363
1.33212
1.32451
1.31094
1.29251
1.27155
1.25141
1.23519
1.22488
1.22084
1.22262
1.22958
1.24143
1.25782
1.27795
1.30071
1.32465
1.34822
1.36986
1.388
1.40114
1.40829
1.40922
1.40455
1.39551
1.38321
1.36787
1.34875
1.32498
1.29631
1.26388
1.23057
1.20052
1.17817
1.16722
1.16943
1.18386
1.20702
1.23371
1.25879
1.27883
1.2925
1.30017
1.30295
1.30215
1.29896
1.29442
1.28949
1.28487
1.28108
1.27826
1.27587
1.27287
1.26787
1.25981
1.24896
1.23705
1.22733
1.22367
1.22942
1.24619
1.27306
1.3065
1.34088
1.36994
1.38825
1.39275
1.38326
1.3621
1.33285
1.29914
1.26369
1.22852
1.19575
1.16825
1.14985
1.14425
1.15325
1.17582
1.20862
1.24698
1.28609
1.32203
1.35203
1.37442
1.38847
1.39424
1.39264
1.38518
1.37372
1.36032
1.34696
1.33547
1.32698
1.32169
1.31894
1.3174
1.31552
1.31168
1.30449
1.29291
1.27669
1.25697
1.23632
1.21841
1.20696
1.20479
1.21302
1.23095
1.25584
1.28333
1.30848
1.32703
1.33669
1.33732
1.33085
1.32044
1.3095
1.30085
1.29606
1.29544
1.29845
1.30431
1.31215
1.32118
1.33032
1.33803
1.34253
1.34243
1.33722
1.32778
1.31609
1.30443
1.2948
1.2884
1.28544
1.28544
1.28776
1.29204
1.29842
1.30709
1.31762
1.32865
1.33789
1.34241
1.33984
1.32904
1.3105
1.28634
1.25997
1.23526
1.21551
1.20304
1.19871
1.2022
1.21253
1.22869
1.24954
1.27348
1.29816
1.32116
1.34081
1.35666
1.36917
1.37882
1.38542
1.38825
1.38614
1.37761
1.36124
1.33639
1.30374
1.2659
1.22784
1.1967
1.18059
1.18617
1.21579
1.26564
1.32633
1.38622
1.43488
1.46548
1.47555
1.46668
1.44374
1.41362
1.38311
1.35688
1.3364
1.32032
1.30579
1.28963
1.26963
1.24503
1.21698
1.18875
1.16497
1.15025
1.14771
1.15817
1.18017
1.21085
1.24663
1.28376
1.31858
1.34775
1.36838
1.37843
1.37716
1.36518
1.34434
1.31743
1.28748
1.25751
1.23075
1.21052
1.19993
1.20078
1.21276
1.23332
1.25847
1.28382
1.30568
1.32204
1.3329
1.33996
1.3455
1.35137
1.35843
1.36655
1.37503
1.3827
1.38823
1.39027
1.38758
1.37949
1.36621
1.34931
1.33137
1.31517
1.30253
1.29357
1.287
1.28109
1.27436
1.26619
1.25658
1.24578
1.23443
1.22408
1.21702
1.2153
1.21938
1.22799
1.23883
1.24948
1.25798
1.26336
1.26623
1.26892
1.27475
1.28611
1.30316
1.32391
1.34528
1.36436
1.37913
1.38884
1.39401
1.39629
1.39761
1.39916
1.40115
1.40308
1.40392
1.40239
1.39698
1.3859
1.3677
1.34156
1.30769
1.26766
1.22455
1.18283
1.14739
1.12206
1.10867
1.107
1.11576
1.13357
1.15946
1.19244
1.23092
1.27234
1.3135
1.35103
1.38203
1.40434
1.41664
1.41842
1.41046
1.39505
1.37559
1.35525
1.33582
1.31772
1.30058
1.28413
1.26846
1.25421
1.24279
1.236
1.23577
1.24382
1.26096
1.28603
1.31541
1.34424
1.36786
1.3833
1.38961
1.38782
1.38022
1.36941
1.35739
1.34481
1.33154
1.31751
1.30323
1.29014
1.28018
1.2752
1.27642
1.28374
1.29545
1.30885
1.32117
1.33025
1.33479
1.33402
1.32737
1.31447
1.2958
1.27346
1.25133
1.23389
1.22426
1.22278
1.2272
1.23433
1.24205
1.25005
1.25956
1.27189
1.28739
1.30524
1.32378
1.34113
1.35551
1.36576
1.37164
1.37391
1.3738
1.37273
1.37163
1.3709
1.37066
1.3711
1.37213
1.37256
1.36985
1.36112
1.34459
1.32045
1.29068
1.25868
1.22818
1.20268
1.18459
1.17496
1.17335
1.1783
1.1876
1.19892
1.21036
1.22059
1.22852
1.23285
1.23205
1.22512
1.21341
1.20179
1.19725
1.205
1.22545
1.25505
1.28922
1.32412
1.35712
1.38643
1.411
1.4303
1.44406
1.45183
1.45287
1.44597
1.42973
1.40316
1.36658
1.32245
1.27562
1.23301
1.20268
1.19213
1.20562
1.24206
1.2949
1.35434
1.41028
1.45448
1.48154
1.48884
1.47672
1.44792
1.40697
1.35897
1.30874
1.2603
1.21724
1.18339
1.16307
1.16028
1.1767
1.20935
1.251
1.29329
1.33018
1.35898
1.37955
1.3927
1.39921
1.39923
1.39249
1.37868
1.35815
1.33214
1.30266
1.27221
1.24334
1.21806
1.19779
1.1834
1.17558
1.17503
1.18176
1.19444
1.21019
1.22568
1.23823
1.2466
1.25114
1.25331
1.25513
1.25828
1.26378
1.27179
1.28165
1.29208
1.30151
1.30825
1.31089
1.30865
1.30174
1.29162
1.28088
1.27252
1.2691
1.27229
1.28276
1.30007
1.32269
1.3479
1.37246
1.39337
1.40856
1.41736
1.42034
1.41916
1.41625
1.41418
1.41512
1.42007
1.4283
1.43767
1.44513
1.44784
1.44385
1.43223
1.4135
1.38937
1.36246
1.33552
1.31065
1.28882
1.26946
1.25061
1.22978
1.20569
1.18046
1.15962
1.1487
1.14895
1.15712
1.16875
1.18064
1.19121
1.19947
1.2045
1.20544
1.20199
1.19495
1.18638
1.17952
1.17815
1.18544
1.20272
1.22858
1.25909
1.2892
1.31423
1.33084
1.33746
1.33435
1.32364
1.30896
1.29423
1.28274
1.27648
1.27615
1.28119
1.28991
1.29965
1.30752
1.31126
1.30995
1.30432
1.29634
1.28851
1.28303
1.2811
1.28267
1.28677
1.29204
1.29746
1.30243
1.30676
1.31039
1.31339
1.31564
1.31685
1.31688
1.31599
1.31542
1.31759
1.32535
1.34043
1.3618
1.38551
1.40624
1.41923
1.4215
1.41247
1.39373
1.36841
1.3402
1.3122
1.28641
1.26419
1.24668
1.2351
1.23014
1.23145
1.23741
1.2456
1.25364
1.25964
1.26254
1.26215
1.25923
1.25517
1.25154
1.24918
1.24789
1.24669
1.24455
1.24128
1.23788
1.23642
1.23929
1.24845
1.26425
1.28486
1.30673
1.32568
1.338
1.3416
1.33639
1.32423
1.30863
1.29387
1.28374
1.28013
1.2826
1.28913
1.29747
1.30631
1.31494
1.32271
1.32837
1.33036
1.32738
1.31932
1.30755
1.29456
1.28329
1.27615
1.27434
1.27752
1.28403
1.29158
1.29829
1.30376
1.3092
1.3165
1.32671
1.33892
1.35078
1.35966
1.36325
1.35952
1.34694
1.32521
1.29585
1.26223
1.22895
1.20074
1.18126
1.17246
1.17415
1.18448
1.20033
1.21822
1.23494
1.24791
1.25548
1.25694
1.25281
1.24489
1.23617
1.2305
1.23165
1.24239
1.2635
1.2932
1.32761
1.36195
1.39187
1.41485
1.43046
1.43995
1.44533
1.44801
1.4479
1.44358
1.43272
1.41312
1.38401
1.34688
1.30594
1.26692
1.23533
1.21459
1.20518
1.20496
1.21014
1.2165
1.22069
1.22083
1.21665
1.20924
1.20049
1.19243
1.18691
1.18521
1.18799
1.19528
1.20659
1.22102
1.23726
1.25408
1.27094
1.28822
1.30689
1.32753
1.34958
1.37113
1.38968
1.40311
1.41046
1.41196
1.4085
1.40092
1.3899
1.37603
1.35987
1.34236
1.32493
1.30933
1.29763
1.29152
1.29126
1.29532
1.30058
1.30313
1.29988
1.28965
1.27354
1.25371
1.23235
1.21116
1.1919
1.1773
1.17095
1.1758
1.19212
1.21678
1.24417
1.26821
1.28445
1.29117
1.2896
1.28327
1.27649
1.27326
1.27654
1.28782
1.30722
1.33348
1.3638
1.39413
1.41991
1.43724
1.44327
1.43696
1.41925
1.39296
1.36217
1.33087
1.3017
1.27611
1.25538
1.24141
1.23642
1.24165
1.25632
1.27734
1.30018
1.32073
1.33669
1.34801
1.35608
1.36232
1.36718
1.36986
1.36908
1.364
1.35481
1.34264
1.32912
1.31611
1.30544
1.29853
1.29575
1.29596
1.29662
1.2947
1.28777
1.275
1.25731
1.23743
1.21925
1.20692
1.20357
1.2105
1.22707
1.25101
1.27899
1.30741
1.33297
1.35273
1.36402
1.3644
1.35227
1.32761
1.29226
1.25029
1.20767
1.17147
1.14812
1.142
1.15408
1.1819
1.2206
1.26423
1.30684
1.34366
1.37169
1.38985
1.39871
1.3996
1.39398
1.38327
1.36907
1.35346
1.33882
1.3272
1.31961
1.31561
1.31337
1.31004
1.30255
1.2883
1.26621
1.23768
1.20715
1.18183
1.16932
1.17399
1.1945
1.2251
1.25897
1.29068
1.31719
1.33752
1.35207
1.36155
1.3661
1.3652
1.35859
1.34714
1.33278
1.31737
1.30168
1.28541
1.26832
1.25115
1.23566
1.2245
1.22028
1.22464
1.23731
1.2559
1.27684
1.29675
1.31327
1.32535
1.33293
1.33654
1.33732
1.33663
1.33593
1.33605
1.33683
1.33704
1.33519
1.33042
1.32316
1.31432
1.30459
1.29439
1.28425
1.2755
1.26978
1.26847
1.27211
1.28008
1.29045
1.30057
1.30785
1.31067
1.30871
1.3026
1.29352
1.28264
1.27121
1.26061
1.25252
1.24851
1.24978
1.25651
1.26809
1.28346
1.30163
1.32139
1.34089
1.35747
1.36779
1.3687
1.35808
1.3357
1.30321
1.2636
1.22066
1.17883
1.14331
1.11993
1.11425
1.12982
1.16639
1.21931
1.28064
1.34128
1.39334
1.43135
1.45288
1.4583
1.44976
1.43
1.40193
1.36873
1.3343
1.30287
1.2783
1.26347
1.25999
1.26797
1.28561
1.30903
1.33268
1.35068
1.35835
1.35322
1.33549
1.30814
1.27654
1.24718
1.22591
1.21606
1.21767
1.22857
1.24628
1.26919
1.29621
1.32575
1.35502
1.38021
1.39756
1.40436
1.39952
1.38395
1.36036
1.33284
1.30631
1.28544
1.27374
1.27222
1.27902
1.28986
1.29978
1.3048
1.30316
1.29546
1.28426
1.2729
1.26423
1.25973
1.25917
1.26094
1.26272
1.26279
1.26062
1.25724
1.25467
1.25487
1.25884
1.26622
1.27562
1.28528
1.29327
1.2975
1.29578
1.28648
1.26951
1.24693
1.22283
1.20204
1.18837
1.1833
1.18559
1.19254
1.2016
1.21169
1.22291
1.23513
1.24672
1.2547
1.25642
1.25129
1.24158
1.23161
1.22561
1.22551
1.23041
1.23739
1.24326
1.24583
1.24473
1.2414
1.23867
1.23989
1.24785
1.26367
1.28626
1.31298
1.34079
1.36762
1.39285
1.41609
1.43581
1.44955
1.45571
1.45468
1.44857
1.43985
1.4302
1.42007
1.40908
1.39692
1.38374
1.36965
1.35411
1.33609
1.31506
1.29164
1.26748
1.24474
1.22547
1.21119
1.20292
1.2014
1.20713
1.22016
1.2396
1.26309
1.28694
1.30718
1.32089
1.32749
1.32891
1.32873
1.33032
1.33502
1.34177
1.34827
1.3526
1.35419
1.35392
1.3532
1.35275
1.35171
1.34751
1.33699
1.31776
1.28968
1.25521
1.21896
1.18602
1.15999
1.14215
1.13196
1.12826
1.12995
1.13608
1.14574
1.15804
1.17247
1.18892
1.20746
1.22789
1.24925
1.2699
1.28818
1.30274
1.31265
1.31749
1.31717
1.31181
1.30192
1.28867
1.27417
1.26112
1.25219
1.24889
1.25095
1.25644
1.26263
1.26721
1.26934
1.27003
1.27168
1.27686
1.28717
1.3028
1.32262
1.34461
1.36651
1.38605
1.40123
1.41044
1.41227
1.40575
1.39059
1.36766
1.33917
1.3084
1.27898
1.254
1.23514
1.22259
1.21595
1.21494
1.21957
1.22917
1.24163
1.25367
1.26269
1.26877
1.2749
1.28469
1.29978
1.31982
1.34363
1.36977
1.3962
1.42038
1.43981
1.45232
1.45643
1.45125
1.43671
1.41361
1.3836
1.34905
1.31293
1.27801
1.24631
1.21886
1.19616
1.17871
1.1672
1.162
1.16255
1.16748
1.17521
1.18454
1.19527
1.20849
1.22606
1.24931
1.27752
1.30759
1.33536
1.3572
1.37121
1.37711
1.37571
1.36825
1.35589
1.33979
1.32156
1.30357
1.28877
1.27983
1.27818
1.28342
1.2933
1.30453
1.31419
1.32076
1.32427
1.32593
1.32727
1.32941
1.33293
1.33812
1.34515
1.35365
1.36266
1.37064
1.3758
1.37679
1.37306
1.36485
1.3532
1.34002
1.3276
1.31757
1.31029
1.305
1.30073
1.29697
1.29378
1.29159
1.29066
1.29076
1.29096
1.29009
1.28757
1.28402
1.28098
1.27977
1.28076
1.28349
1.28719
1.29111
1.29455
1.29664
1.2961
1.29147
1.28151
1.26592
1.24598
1.22491
1.20732
1.19739
1.19689
1.20447
1.21697
1.23116
1.24477
1.25646
1.26563
1.27207
1.27571
1.27663
1.27494
1.271
1.26593
1.26172
1.26077
1.265
1.27498
1.28958
1.30628
1.32184
1.33298
1.33703
1.33225
1.31826
1.29649
1.27055
1.24596
1.22855
1.22185
1.22494
1.23291
1.23963
1.24038
1.23331
1.21972
1.20388
1.19236
1.1919
1.2057
1.23169
1.26453
1.2988
1.33042
1.3565
1.37474
1.38348
1.38211
1.37143
1.35377
1.33238
1.31078
1.29191
1.27785
1.26989
1.2688
1.27479
1.28715
1.30382
1.32119
1.3348
1.34078
1.33717
1.32464
1.3062
1.28608
1.26831
1.2561
1.25139
1.25443
1.26331
1.2747
1.28552
1.29443
1.30167
1.30799
1.31372
1.31855
1.32237
1.32582
1.33037
1.33772
1.34858
1.36198
1.37534
1.38542
1.38956
1.38656
1.37712
1.36306
1.3465
1.32901
1.31103
1.29234
1.27231
1.25058
1.2275
1.20404
1.18222
1.16484
1.15534
1.15649
1.16911
1.19119
1.21857
1.24621
1.26963
1.28577
1.29319
1.29215
1.28416
1.27173
1.25775
1.245
1.23561
1.23076
1.23077
1.23558
1.24523
1.2599
1.27933
1.30181
1.32392
1.34153
1.35152
1.35278
1.34628
1.33418
1.31871
1.30134
1.2826
1.26247
1.24089
1.21836
1.19609
1.17552
1.15795
1.14411
1.13476
1.13122
1.1356
1.15028
1.17685
1.21487
1.26159
1.31236
1.36145
1.403
1.43208
1.44536
1.44177
1.42256
1.39145
1.35392
1.31645
1.28495
1.26329
1.2526
1.25183
1.25887
1.27168
1.28845
1.30729
1.32577
1.34101
1.35003
1.35059
1.34182
1.3243
1.30019
1.27281
1.24622
1.22472
1.21213
1.21112
1.22255
1.24503
1.27546
1.30952
1.3427
1.37101
1.39181
1.40415
1.40863
1.4067
1.39994
1.38921
1.37467
1.35638
1.33479
1.31134
1.28829
1.26832
1.25385
1.24612
1.24482
1.24832
1.25457
1.26176
1.26845
1.27349
1.27605
1.27594
1.27401
1.27192
1.27088
1.2706
1.2695
1.26617
1.26053
1.25429
1.25024
1.25126
1.25944
1.27523
1.29697
1.32098
1.34216
1.35592
1.35938
1.35208
1.33578
1.31401
1.29142
1.27321
1.26413
1.26719
1.28243
1.30648
1.33333
1.35629
1.37002
1.37183
1.36177
1.34209
1.31641
1.28919
1.26513
1.24821
1.24074
1.24259
1.25154
1.26448
1.27856
1.29186
1.3035
1.31347
1.32203
1.32905
1.33361
1.33475
1.33228
1.32736
1.32214
1.31854
1.31737
1.3181
1.31972
1.32181
1.3246
1.32867
1.33456
1.34187
1.34922
1.3542
1.35389
1.34597
1.32934
1.30454
1.27373
1.24
1.20668
1.17684
1.15312
1.13765
1.13208
1.13709
1.15201
1.17447
1.20107
1.22815
1.25273
1.27302
1.28868
1.30034
1.30926
1.3169
1.32456
1.33312
1.34301
1.35391
1.36496
1.37504
1.38302
1.38782
1.3882
1.38306
1.37204
1.35615
1.33796
1.3208
1.30773
1.30023
1.29766
1.29786
1.29838
1.29784
1.29617
1.29397
1.29152
1.28822
1.28325
1.27645
1.26892
1.26245
1.25835
1.25618
1.25364
1.24786
1.23708
1.22174
1.20453
1.18936
1.17994
1.17861
1.18555
1.19925
1.21746
1.23819
1.26021
1.2828
1.30529
1.32707
1.34762
1.36663
1.38392
1.39903
1.4111
1.41889
1.42071
1.41474
1.39952
1.37457
1.34108
1.30237
1.26361
1.23069
1.20888
1.20124
1.20777
1.22533
1.24866
1.27209
1.29153
1.30619
1.31873
1.3334
1.35273
1.37563
1.39888
1.41921
1.43426
1.44203
1.44051
1.42774
1.40289
1.36751
1.32613
1.28508
1.24993
1.22401
1.20857
1.20382
1.2092
1.22297
1.2418
1.26149
1.27793
1.28828
1.29174
1.28974
1.28537
1.28197
1.282
1.28621
1.2934
1.30107
1.30651
1.30788
1.3048
1.29821
1.28967
1.28084
1.27293
1.26688
1.26363
1.26404
1.26844
1.27589
1.28432
1.29152
1.29647
1.29965
1.30227
1.30495
1.30733
1.30833
1.30693
1.30238
1.29436
1.28301
1.26862
1.25142
1.23176
1.21066
1.19056
1.17577
1.17187
1.18364
1.21289
1.25714
1.31019
1.36411
1.41124
1.44559
1.46371
1.46482
1.45072
1.42531
1.39391
1.36249
1.33624
1.31834
1.30943
1.30788
1.31065
1.31447
1.31636
1.31412
1.30662
1.29386
1.27678
1.2571
1.23724
1.22003
1.20845
1.20503
1.21062
1.22397
1.24219
1.26193
1.28021
1.2948
1.30414
1.30708
1.30314
1.29286
1.27799
1.26144
1.24666
1.23704
1.23486
1.24046
1.25242
1.26778
1.28314
1.29582
1.30463
1.31027
1.31452
1.31938
1.32607
1.33456
1.34358
1.3513
1.35567
1.35513
1.34879
1.33659
1.31954
1.29944
1.27873
1.25996
1.24519
1.23559
1.23143
1.23313
1.24213
1.26045
1.28835
1.32238
1.35586
1.3819
1.39605
1.39743
1.38795
1.37115
1.35098
1.3306
1.31202
1.29653
1.28507
1.27814
1.2756
1.27659
1.27988
1.28467
1.29079
1.29843
1.30769
1.31835
1.32988
1.3414
1.35151
1.35817
1.3593
1.35376
1.34206
1.32625
1.30919
1.29341
1.28056
1.27125
1.2656
1.26363
1.26532
1.27041
1.27817
1.28746
1.29721
1.30677
1.31619
1.32601
1.33678
1.3487
1.36125
1.37334
1.38355
1.39016
1.39165
1.38697
1.37592
1.35924
1.33855
1.316
1.29389
1.27405
1.25746
1.24417
1.23317
1.22294
1.21185
1.19912
1.18527
1.17197
1.16162
1.15673
1.15939
1.17112
1.19216
1.22069
1.2524
1.28119
1.30074
1.30643
1.29698
1.27526
1.24777
1.22284
1.20779
1.20679
1.22001
1.24447
1.27573
1.30923
1.34101
1.36817
1.38906
1.40305
1.41013
1.41052
1.40429
1.39149
1.37276
1.34997
1.32656
1.30668
1.2934
1.28707
1.28518
1.2835
1.27838
1.2683
1.25435
1.23957
1.22707
1.21881
1.21498
1.21468
1.21686
1.2209
1.22686
1.2351
1.24576
1.25869
1.27349
1.28953
1.30555
1.31958
1.32933
1.33313
1.33055
1.32286
1.31259
1.30255
1.29472
1.28945
1.28546
1.28046
1.2725
1.26136
1.24956
1.24236
1.24551
1.26141
1.28706
1.31634
1.34361
1.36528
1.37936
1.38478
1.38098
1.36827
1.34853
1.32579
1.30559
1.29337
1.29228
1.30176
1.31792
1.33564
1.35056
1.36003
1.36339
1.36107
1.35361
1.34094
1.32255
1.29866
1.27177
1.24664
1.22793
1.21729
1.21289
1.21162
1.21158
1.21248
1.21489
1.21946
1.22683
1.2376
1.25254
1.27222
1.29647
1.32399
1.35234
1.37852
1.39942
1.41214
1.41461
1.40593
1.38666
1.35897
1.32645
1.29372
1.26567
1.24644
1.2383
1.24104
1.25239
1.26886
1.28673
1.30276
1.3145
1.32061
1.32095
1.31646
1.30882
1.30042
1.29385
1.29112
1.29306
1.29869
1.30562
1.31091
1.31215
1.30879
1.30255
1.29692
1.29521
1.29863
1.30563
1.31295
1.31698
1.31483
1.30469
1.28616
1.26057
1.23099
1.20187
1.17789
1.16239
1.15611
1.15749
1.16401
1.17409
1.18768
1.20577
1.22922
1.25777
1.28986
1.32298
1.35442
1.38176
1.40304
1.41678
1.42214
1.4189
1.40777
1.39035
1.36881
1.34576
1.32367
1.3045
1.28913
1.27732
1.26808
1.26032
1.25341
1.24734
1.24231
1.23816
1.23389
1.22798
1.21903
1.20654
1.19128
1.17534
1.16139
1.15216
1.14971
1.15487
1.16728
1.1852
1.20564
1.22506
1.23996
1.24769
1.24703
1.23865
1.22493
1.20959
1.19725
1.1927
1.19993
1.22072
1.2537
1.29456
1.33769
1.37829
1.41344
1.44201
1.46407
1.47993
1.48978
1.49343
1.49013
1.47856
1.45756
1.42733
1.3902
1.34997
1.31074
1.27604
1.2489
1.2313
1.22365
1.22442
1.23094
1.24057
1.2515
1.26274
1.27373
1.28382
1.2919
1.29637
1.29594
1.29036
1.28089
1.2701
1.26114
1.25707
1.25987
1.26971
1.28494
1.30285
1.32081
1.33683
1.34958
1.35812
1.36206
1.36191
1.35879
1.35404
1.34871
1.34343
1.33868
1.33483
1.33217
1.33079
1.33019
1.3289
1.3248
1.31619
1.30259
1.28521
1.2661
1.24727
1.22987
1.21445
1.20167
1.19261
1.1887
1.1913
1.2013
1.21869
1.24228
1.26959
1.29711
1.32098
1.3377
1.34483
1.34168
1.32933
1.31057
1.28923
1.26933
1.2544
1.24689
1.24789
1.25696
1.27257
1.29225
1.3128
1.33067
1.34241
1.34549
1.33904
1.32442
1.30523
1.28692
1.27542
1.27521
1.28771
1.31061
1.33883
1.3665
1.3886
1.40152
1.40305
1.39211
1.36897
1.33569
1.29686
1.2601
1.23463
1.22794
1.24156
1.26979
1.3029
1.33153
1.34949
1.35451
1.34749
1.33116
1.30867
1.2829
1.25667
1.2332
1.216
1.20817
1.21144
1.22532
1.24705
1.27266
1.29821
1.32091
1.33927
1.35265
1.36076
1.36324
1.35985
1.35078
1.33698
1.31994
1.30129
1.28262
1.26563
1.25277
1.24642
1.24742
1.25411
1.26346
1.27286
1.28108
1.28769
1.2923
1.29428
1.29287
1.28798
1.28062
1.27289
1.26737
1.26627
1.27038
1.27886
1.28975
1.30116
1.31182
1.32135
1.3299
1.33773
1.34458
1.34968
1.35167
1.34901
1.34076
1.32749
1.31153
1.29606
1.28341
1.27409
1.26786
1.26546
1.26903
1.28045
1.29888
1.32051
1.34055
1.35539
1.36329
1.36387
1.35737
1.34414
1.32482
1.30053
1.2731
1.24518
1.21991
1.20034
1.18889
1.18652
1.1925
1.20448
1.21908
1.23279
1.24283
1.24776
1.24787
1.24523
1.24287
1.2438
1.24975
1.26059
1.2749
1.2907
1.30632
1.32059
1.33295
1.34326
1.35172
1.35884
1.36548
1.37258
1.38086
1.39023
1.39983
1.40801
1.41279
1.41224
1.40508
1.39095
1.37054
1.34563
1.31903
1.29448
1.27602
1.26689
1.26822
1.27819
1.29244
1.30585
1.31425
1.31556
1.30936
1.29644
1.27843
1.25772
1.23713
1.21939
1.20648
1.19973
1.19988
1.20702
1.22017
1.23696
1.25399
1.26789
1.2765
1.27959
1.27863
1.27585
1.27314
1.27145
1.27083
1.27107
1.27241
1.27566
1.28193
1.29205
1.30597
1.32249
1.3394
1.35385
1.36282
1.36368
1.35475
1.3357
1.30759
1.2729
1.2352
1.19861
1.16751
1.14617
1.13814
1.1451
1.16603
1.19704
1.2324
1.26603
1.29313
1.31085
1.31865
1.31798
1.3116
1.30295
1.29543
1.29201
1.29479
1.30473
1.32144
1.34308
1.36703
1.3907
1.41178
1.42807
1.43718
1.43666
1.42475
1.40142
1.36869
1.3304
1.29137
1.25613
1.22801
1.20881
1.19887
1.19719
1.2017
1.20983
1.21948
1.22965
1.24059
1.25323
1.26797
1.28374
1.2981
1.30823
1.3124
1.3109
1.30574
1.29971
1.29507
1.29281
1.29307
1.29559
1.29994
1.30529
1.31021
1.31296
1.31192
1.30624
1.29616
1.28343
1.27086
1.26157
1.2582
1.26222
1.27373
1.29148
1.31285
1.33447
1.35294
1.36562
1.37124
1.37001
1.36337
1.35316
1.34107
1.3285
1.31663
1.30647
1.29876
1.29376
1.29105
1.28953
1.28798
1.2859
1.28405
1.28428
1.28843
1.29725
1.30986
1.32426
1.3379
1.34817
1.35251
1.34861
1.33493
1.31155
1.28056
1.24574
1.21131
1.18099
1.15795
1.14494
1.14388
1.15487
1.17548
1.20096
1.22583
1.24571
1.25888
1.26636
1.27088
1.27525
1.28069
1.2866
1.29138
1.29403
1.29523
1.29731
1.30323
1.31548
1.33488
1.36025
1.38858
1.41574
1.43749
1.4506
1.45339
1.44598
1.42987
1.40717
1.37985
1.34909
1.31575
1.28073
1.24563
1.2132
1.18731
1.1721
1.17063
1.1836
1.20905
1.24272
1.27933
1.31363
1.34133
1.3595
1.36666
1.36287
1.34964
1.32977
1.30693
1.2852
1.26816
1.25774
1.25371
1.25424
1.25713
1.26049
1.26313
1.26482
1.26643
1.26984
1.27722
1.28979
1.30704
1.32694
1.34653
1.3627
1.37276
1.37497
1.36894
1.35561
1.33707
1.31615
1.29549
1.27711
1.26221
1.25167
1.24664
1.24826
1.2569
1.2718
1.29133
1.31359
1.33663
1.35836
1.37647
1.38861
1.39316
1.38977
1.37995
1.36694
1.35469
1.34663
1.34449
1.34783
1.35421
1.36002
1.36157
1.35616
1.34306
1.32389
1.30195
1.28127
1.26478
1.25304
1.24436
1.23662
1.22877
1.22132
1.21568
1.21354
1.21613
1.22363
1.23491
1.24772
1.2595
1.26793
1.27165
1.27052
1.26536
1.25752
1.24819
1.23841
1.22955
1.22368
1.22402
1.234
1.25539
1.28718
1.32562
1.36539
1.40104
1.42778
1.44201
1.44184
1.42747
1.40152
1.3691
1.33638
1.30882
1.28957
1.2792
1.27622
1.27813
1.28217
1.28621
1.2891
1.29031
1.2896
1.28701
1.28289
1.27799
1.27337
1.27015
1.26898
1.26979
1.27185
1.27404
1.27558
1.27638
1.27694
1.27798
1.27993
1.28286
1.28654
1.29072
1.29529
1.30035
1.30595
1.31194
1.31761
1.32157
1.32178
1.31654
1.30561
1.29084
1.27554
1.2629
1.25479
1.25165
1.25334
1.25943
1.26969
1.28381
1.30125
1.32134
1.34306
1.36477
1.38413
1.39834
1.40461
1.40076
1.38568
1.35975
1.32535
1.28685
1.25
1.22062
1.20289
1.19823
1.20521
1.22066
1.24097
1.26298
1.28428
1.30357
1.32063
1.33627
1.35129
1.36552
1.37713
1.38334
1.38172
1.3712
1.35267
1.32837
1.30138
1.27474
1.25068
1.2302
1.21306
1.19842
1.18562
1.17447
1.16528
1.1586
1.15505
1.15523
1.16005
1.17055
1.18771
1.21212
1.2436
1.28068
1.32017
1.35714
1.38606
1.40234
1.40395
1.39183
1.36913
1.34035
1.31006
1.28194
1.25832
1.24033
1.22854
1.22359
1.22632
1.23715
1.25517
1.27775
1.30125
1.32205
1.33745
1.34631
1.34897
1.34674
1.34143
1.33465
1.32774
1.32141
1.3158
1.31035
1.3041
1.29585
1.28494
1.27191
1.25874
1.24871
1.2452
1.25076
1.26591
1.28903
1.31674
1.34469
1.36847
1.38481
1.39247
1.39258
1.38746
1.37954
1.37036
1.36077
1.35161
1.34414
1.33974
1.33923
1.34209
1.34637
1.3493
1.3482
1.34164
1.32978
1.31434
1.29803
1.2833
1.27151
1.26277
1.25641
1.25175
1.24848
1.24676
1.24704
1.24962
1.25446
1.261
1.268
1.27346
1.27521
1.2718
1.26328
1.25147
1.23948
1.23071
1.22774
1.23171
1.24216
1.25744
1.27537
1.29403
1.3126
1.33166
1.35225
1.37463
1.39754
1.41865
1.43532
1.4451
1.44616
1.43742
1.41873
1.391
1.35625
1.31768
1.27946
1.24597
1.22139
1.20866
1.20897
1.22173
1.24526
1.27721
1.31458
1.35313
1.38762
1.413
1.42576
1.42482
1.41131
1.38814
1.35931
1.32901
1.30071
1.27679
1.25831
1.24549
1.23816
1.2362
1.23952
1.24786
1.26024
1.27491
1.28949
1.30153
1.30938
1.31277
1.31267
1.31076
1.30864
1.30712
1.30581
1.3035
1.29863
1.29009
1.27757
1.26169
1.24374
1.22551
1.20903
1.19651
1.18961
1.18911
1.19489
1.20671
1.2244
1.24749
1.27448
1.30285
1.32994
1.35383
1.37336
1.38774
1.39623
1.39811
1.39316
1.38174
1.36496
1.34458
1.323
1.30271
1.28563
1.27259
1.26337
1.2573
1.25373
1.25247
1.25378
1.25851
1.26763
1.28145
1.29938
1.32002
1.34158
1.3623
1.38062
1.39522
1.4048
1.40828
1.40467
1.39335
1.37436
1.34881
1.31911
1.28894
1.26228
1.24236
1.23062
1.2265
1.22792
1.23183
1.23526
1.23647
1.23575
1.2352
1.23712
1.24205
1.24826
1.25326
1.25592
1.25713
1.25892
1.26311
1.27029
1.2797
1.28972
1.29904
1.30704
1.31387
1.32027
1.32688
1.33385
1.34057
1.34609
1.3496
1.35101
1.35082
1.34988
1.34859
1.34666
1.34316
1.33724
1.32875
1.31859
1.30846
1.30013
1.29458
1.29163
1.28999
1.28767
1.28269
1.27415
1.2629
1.25149
1.24298
1.2394
1.24082
1.24568
1.25221
1.25951
1.2677
1.27744
1.28919
1.30254
1.31612
1.32785
1.33532
1.33645
1.33047
1.31834
1.30269
1.28691
1.2739
1.26528
1.2611
1.26036
1.26205
1.26579
1.27207
1.28169
1.29472
1.31004
1.32574
1.3401
1.35242
1.36266
1.37092
1.37711
1.38088
1.38152
1.37852
1.37144
1.35997
1.3439
1.32288
1.29672
1.26613
1.23313
1.20149
1.17633
1.16261
1.16319
1.17749
1.20185
1.23146
1.26204
1.29052
1.31444
1.33161
1.34014
1.33912
1.32925
1.31328
1.29565
1.28098
1.27252
1.27156
1.2777
1.28954
1.30522
1.32266
1.33982
1.35502
1.36707
1.37531
1.37925
1.37833
1.37183
1.35903
1.33976
1.31488
1.28668
1.25857
1.23434
1.21695
1.20743
1.20497
1.20785
1.2144
1.22342
1.23392
1.24476
1.25468
1.26272
1.26848
1.27186
1.27277
1.27103
1.2666
1.26002
1.25256
1.24598
1.24198
1.24138
1.24396
1.24869
1.2543
1.25963
1.26407
1.26755
1.27061
1.27403
1.27849
1.28416
1.29089
1.29867
1.30795
1.31946
1.33333
1.34864
1.36372
1.37684
1.38675
1.39282
1.39495
1.39329
1.38795
1.37902
1.36673
1.35182
1.33574
1.32068
1.30882
1.30146
1.29832
1.29777
1.29756
1.29616
1.29348
1.29078
1.28987
1.2918
1.29618
1.30133
1.30529
1.30675
1.30561
1.30242
1.29748
1.29082
1.28298
1.27555
1.27089
1.2707
1.27493
1.2817
1.28864
1.29396
1.29709
1.29852
1.29921
1.30033
1.3026
1.30611
1.31015
1.31317
1.31359
1.31049
1.30423
1.2959
1.28652
1.27685
1.26749
1.25929
1.25308
1.24906
1.24679
1.24603
1.24772
1.25412
1.26734
1.28758
1.31219
1.33659
1.35579
1.36623
1.3666
1.35769
1.3419
1.32228
1.30187
1.28336
1.26912
1.26095
1.26021
1.26809
1.28543
1.31194
1.34477
1.37852
1.40708
1.42577
1.4326
1.42812
1.41469
1.39587
1.37548
1.35676
1.34164
1.33038
1.32183
1.31413
1.30567
1.29577
1.28501
1.27452
1.26493
1.25589
1.24653
1.23667
1.22801
1.22369
1.22674
1.23816
1.25627
1.27758
1.29825
1.31555
1.32831
1.337
1.34301
1.34777
1.35204
1.35586
1.35885
1.36058
1.36096
1.35984
1.35647
1.34991
1.3398
1.32688
1.31268
1.29843
1.28435
1.26968
1.2534
1.2352
1.21589
1.19708
1.1808
1.1692
1.16439
1.16815
1.18133
1.20315
1.23061
1.25915
1.28416
1.3025
1.31324
1.31729
1.31645
1.31257
1.30714
1.3014
1.29648
1.29307
1.29133
1.2908
1.291
1.29188
1.294
1.29799
1.30427
1.31325
1.3257
1.34249
1.36314
1.38486
1.40326
1.41461
1.4176
1.41342
1.4048
1.39459
1.38463
1.37515
1.36478
1.3512
1.33219
1.30647
1.2739
1.2357
1.19455
1.15466
1.12123
1.09951
1.09319
1.10344
1.12858
1.16469
1.2068
1.24998
1.29041
1.32559
1.3541
1.37498
1.38745
1.39112
1.38635
1.37446
1.35775
1.33884
1.31987
1.3022
1.28655
1.27395
1.2665
1.26703
1.27791
1.29945
1.32921
1.36272
1.39493
1.42151
1.43943
1.44719
1.44439
1.43158
1.41012
1.38222
1.3507
1.31858
1.28824
1.26078
1.23632
1.21484
1.19691
1.18414
1.17863
1.18183
1.19365
1.21228
1.23489
1.25846
1.28011
1.29753
1.30939
1.31597
1.31902
1.32121
1.32479
1.33035
1.33636
1.33976
1.33739
1.32725
1.30949
1.28614
1.26036
1.23508
1.21272
1.19622
1.19031
1.1997
1.22478
1.25992
1.297
1.32911
1.35192
1.36338
1.3634
1.35398
1.33902
1.32386
1.31394
1.31294
1.32171
1.33822
1.35876
1.37953
1.39783
1.41259
1.42406
1.43346
1.44215
1.45051
1.45718
1.45921
1.45321
1.43685
1.40951
1.37239
1.32817
1.28042
1.23304
1.18999
1.15501
1.13124
1.12059
1.12289
1.13554
1.15387
1.17253
1.18755
1.19809
1.2069
1.21846
1.23583
1.25847
1.28272
1.30406
1.31938
1.3277
1.32949
1.32578
1.31783
1.3073
1.29628
1.28735
1.28299
1.28507
1.29413
1.30911
1.3276
1.34602
1.36069
1.36861
1.36808
1.35907
1.3431
1.32264
1.3006
1.27982
1.26262
1.25044
1.24349
1.24075
1.24042
1.24053
1.23972
1.23786
1.23607
1.23642
1.24075
1.25004
1.26377
1.28009
1.29616
1.30862
1.31414
1.31027
1.29623
1.27386
1.2476
1.22374
1.2085
1.20582
1.21597
1.23625
1.26241
1.29015
1.31575
1.33636
1.35005
1.3557
1.35326
1.34362
1.32847
1.30994
1.29072
1.27377
1.26222
1.25852
1.26348
1.27554
1.29109
1.30597
1.31709
1.32327
1.32465
1.32215
1.31695
1.31046
1.30425
1.29996
1.29869
1.3008
1.30604
1.31386
1.3236
1.33444
1.34512
1.35413
1.36022
1.36284
1.36251
1.36036
1.35702
1.352
1.34387
1.33147
1.31499
1.29643
1.27865
1.2639
1.25302
1.24588
1.24224
1.24229
1.24661
1.25542
1.26837
1.2844
1.30192
1.31913
1.33439
1.34649
1.35482
1.35896
1.35828
1.35155
1.33743
1.31512
1.28546
1.25165
1.21915
1.19426
1.18227
1.18562
1.20319
1.23108
1.26401
1.29656
1.32405
1.34322
1.35242
1.35148
1.34153
1.32457
1.30317
1.28029
1.25948
1.24449
1.23887
1.2451
1.2635
1.29144
1.32417
1.35621
1.38332
1.40315
1.41495
1.4191
1.41631
1.40723
1.39228
1.37172
1.3462
1.31686
1.28552
1.25425
1.22506
1.19974
1.17958
1.16514
1.15612
1.15143
1.14954
1.14899
1.14903
1.15014
1.15384
1.16219
1.17662
1.19713
1.22197
1.24802
1.27157
1.28923
1.29862
1.29879
1.29046
1.27593
1.2588
1.24312
1.23252
1.22917
1.23336
1.24413
1.26032
1.28116
1.30625
1.33457
1.36374
1.39036
1.41126
1.42415
1.42776
1.42183
1.40714
1.3856
1.36018
1.33415
1.31072
1.29241
1.28062
1.27512
1.27421
1.27543
1.27669
1.27702
1.27685
1.27727
1.27925
1.28294
1.28756
1.2915
1.29275
1.28977
1.28185
1.26939
1.25408
1.23857
1.226
1.21928
1.2205
1.23046
1.24882
1.2743
1.30513
1.33909
1.37337
1.40471
1.42962
1.44492
1.44813
1.43816
1.4156
1.38285
1.34395
1.30423
1.2692
1.24324
1.22849
1.22446
1.22878
1.23836
1.25032
1.26251
1.27343
1.28185
1.28668
1.28684
1.28165
1.27102
1.25562
1.23678
1.21647
1.19712
1.18123
1.17109
1.16817
1.17259
1.18318
1.19794
1.21494
1.23302
1.25179
1.27139
1.29206
1.31369
1.3357
1.35702
1.37595
1.39047
1.39866
1.39914
1.3913
1.37542
1.35279
1.3263
1.30046
1.28056
1.27085
1.27203
1.28059
1.2904
1.29568
1.29369
1.28555
1.2751
1.26674
1.26352
1.26635
1.2744
1.28575
1.29791
1.30841
1.31555
1.31894
1.3196
1.31946
1.32044
1.32334
1.32769
1.33209
1.33515
1.3364
1.33626
1.33561
1.33477
1.33295
1.32841
1.31947
1.30563
1.28779
1.26806
1.24925
1.2343
1.2258
1.22554
1.23398
1.2501
1.27149
1.29535
1.31943
1.34232
1.36317
1.38077
1.39328
1.39869
1.39548
1.38303
1.36186
1.33366
1.3013
1.26822
1.23776
1.21203
1.19131
1.17448
1.16034
1.14885
1.14121
1.13937
1.14521
1.15973
1.18266
1.21261
1.24718
1.2834
1.31847
1.3502
1.37709
1.39826
1.41307
1.42094
1.42126
1.41364
1.39834
1.37685
1.3521
1.32845
1.31082
1.30317
1.30699
1.32042
1.33875
1.35622
1.36767
1.3698
1.36138
1.34297
1.31655
1.28526
1.25341
1.22627
1.2091
1.20532
1.21511
1.23547
1.26167
1.28876
1.3127
1.33099
1.34241
1.34664
1.34358
1.33332
1.31629
1.29327
1.26591
1.23656
1.20832
1.18458
1.16839
1.16164
1.16454
1.17578
1.19318
1.21435
1.23708
1.25934
1.27901
1.29371
1.30124
1.30031
1.29091
1.27424
1.2524
1.22813
1.20452
1.18513
1.17422
1.17621
1.19489
1.23161
1.28383
1.34511
1.40693
1.46103
1.50104
1.52325
1.52688
1.51369
1.48743
1.45284
1.41447
1.37584
1.33945
1.30755
1.28247
1.26651
1.26106
1.26608
1.28003
1.30007
1.32243
1.34304
1.35791
1.36351
1.35724
1.33829
1.30833
1.27159
1.2339
1.20066
1.17479
1.15627
1.14318
1.13344
1.12659
1.12459
1.13122
1.14966
1.17989
1.21812
1.25844
1.29532
1.32501
1.34572
1.35754
1.36176
1.36021
1.3549
1.3474
1.33842
1.32778
1.31503
1.30051
1.28594
1.27373
1.26583
1.26263
1.26334
1.26695
1.273
1.28141
1.2921
1.30447
1.31741
1.32936
1.33887
1.34507
1.34796
1.34846
1.34823
1.34903
1.35191
1.35643
1.36028
1.3602
1.35333
1.33825
1.31588
1.28893
1.2611
1.23608
1.21689
1.20571
1.20376
1.21117
1.22704
1.2496
1.27646
1.30491
1.33222
1.35562
1.37237
1.38011
1.37704
1.36254
1.33746
1.3043
1.26695
1.2297
1.19619
1.16855
1.14764
1.13442
1.13091
1.13965
1.16202
1.19681
1.23986
1.28546
1.32808
1.3634
1.38885
1.40323
1.40612
1.39772
1.37901
1.3524
1.32186
1.29275
1.27066
1.26001
1.26293
1.27846
1.30241
1.32872
1.35173
1.36848
1.37923
1.38582
1.38954
1.39026
1.38745
1.38142
1.37379
1.36658
1.36116
1.3574
1.35374
1.34801
1.33818
1.32274
1.30116
1.27413
1.24358
1.21254
1.1846
1.1633
1.15179
1.15196
1.16357
1.18367
1.20732
1.22961
1.24729
1.25934
1.26656
1.27045
1.2726
1.27458
1.27799
1.28427
1.29419
1.30743
1.32251
1.33749
1.35104
1.36262
1.37244
1.38067
1.38683
1.38979
1.38814
1.3809
1.36795
1.35004
1.32866
1.30565
1.28279
1.26171
1.2434
1.22809
1.21539
1.20497
1.19697
1.19258
1.19361
1.20153
1.21672
1.23807
1.26349
1.29092
1.31849
1.34421
1.36573
1.38037
1.38575
1.3808
1.36656
1.34653
1.32612
1.31127
1.3055
1.30813
1.31502
1.32138
1.32415
1.32272
1.31868
1.31465
1.3133
1.31649
1.32444
1.3357
1.34752
1.35697
1.3619
1.36191
1.35841
1.35404
1.35154
1.35289
1.35832
1.36654
1.37505
1.38078
1.38077
1.3732
1.35814
1.33751
1.31395
1.28952
1.2654
1.24229
1.22082
1.20176
1.18619
1.17538
1.17053
1.17244
1.18116
1.19582
1.21477
1.23608
1.25784
1.27844
1.29669
1.31181
1.32344
1.33159
1.33626
1.33698
1.33262
1.32179
1.30333
1.27698
1.24386
1.20665
1.16925
1.13626
1.11199
1.09944
1.0998
1.11219
1.13426
1.16276
1.19436
1.22634
1.2571
1.28638
1.31506
1.34432
1.3745
1.40444
1.43174
1.45357
1.46716
1.47039
1.46224
1.44329
1.41569
1.38231
1.34613
1.31001
1.27668
1.24889
1.22894
1.21791
1.21551
1.22018
1.22975
1.24213
1.2558
1.26974
1.28343
1.29644
1.30806
1.31717
1.32232
1.3223
1.31659
1.30568
1.29101
1.27483
1.25942
1.2466
1.23754
1.23246
1.23077
1.23123
1.23246
1.23365
1.23513
1.23851
1.24632
1.26062
1.28142
1.3059
1.32939
1.34708
1.35572
1.35448
1.34497
1.33071
1.31605
1.30504
1.30032
1.30228
1.30933
1.31866
1.3273
1.33287
1.33393
1.32972
1.31995
1.30469
1.28486
1.26272
1.24179
1.22601
1.21843
1.21994
1.22911
1.2429
1.25812
1.27278
1.28656
1.30074
1.31691
1.33531
1.35386
1.36886
1.37631
1.3736
1.36063
1.34002
1.31657
1.29636
1.28498
1.28532
1.29641
1.31396
1.33221
1.34583
1.35133
1.34762
1.33595
1.31939
1.30193
1.28755
1.27918
1.27796
1.28283
1.29112
1.29994
1.30756
1.31355
1.31829
1.32216
1.32508
1.32639
1.3252
1.32112
1.31473
1.30738
1.30062
1.29584
1.29451
1.2981
1.30742
1.32165
1.33805
1.35241
1.36014
1.35748
1.34238
1.31516
1.27888
1.23894
1.20181
1.17335
1.15723
1.15431
1.16321
1.18131
1.20534
1.23173
1.25674
1.27745
1.29319
1.30548
1.31705
1.33049
1.34746
1.36809
1.39079
1.41254
1.42952
1.43848
1.4376
1.4268
1.40746
1.38161
1.35149
1.31934
1.28718
1.25671
1.22954
1.2072
1.19108
1.18222
1.18166
1.19048
1.2093
1.23726
1.27124
1.30628
1.33697
1.35899
1.36992
1.36968
1.36024
1.34488
1.32726
1.31065
1.29756
1.2894
1.28661
1.2884
1.29302
1.29815
1.30153
1.30148
1.29747
1.29017
1.28146
1.2737
1.2692
1.26951
1.27478
1.28379
1.29442
1.30414
1.31078
1.31338
1.31221
1.30886
1.30529
1.30299
1.30226
1.30265
1.30391
1.30687
1.31311
1.32341
1.33677
1.35013
1.35978
1.36269
1.35744
1.34444
1.32536
1.30249
1.27848
1.25616
1.23824
1.22677
1.22261
1.22568
1.23515
1.24977
1.26773
1.28682
1.30501
1.32082
1.33355
1.34298
1.3493
1.35313
1.35544
1.35752
1.36043
1.36419
1.36753
1.36816
1.36356
1.35171
1.33155
1.30344
1.26938
1.23343
1.20084
1.17657
1.16398
1.16436
1.17734
1.20128
1.23343
1.26987
1.30602
1.33756
1.36127
1.3758
1.38152
1.38006
1.37349
1.36369
1.35229
1.34052
1.32927
1.31887
1.30922
1.29977
1.28977
1.27855
1.26572
1.25154
1.23706
1.22375
1.21327
1.20702
1.20602
1.21058
1.22037
1.23428
1.2508
1.26849
1.28661
1.30504
1.32391
1.3433
1.36279
1.38145
1.39771
1.40942
1.41397
1.4088
1.39204
1.36347
1.32572
1.28534
1.25103
1.22893
1.21935
1.21846
1.22243
1.22908
1.23752
1.24732
1.25791
1.26875
1.27942
1.2897
1.29946
1.3086
1.317
1.32457
1.33097
1.33522
1.33572
1.33094
1.32012
1.3036
1.28263
1.25913
1.23548
1.21447
1.19882
1.19035
1.18951
1.19545
1.2065
1.22077
1.23668
1.25328
1.27001
1.28627
1.30123
1.31396
1.32392
1.33117
1.33623
1.33988
1.34337
1.34835
1.35627
1.36755
1.38135
1.3956
1.4079
1.41617
1.41925
1.41682
1.40867
1.39398
1.3714
1.34007
1.30049
1.25495
1.20777
1.16539
1.1351
1.12274
1.13039
1.15582
1.19388
1.23802
1.2816
1.3188
1.34556
1.36047
1.36522
1.36412
1.36201
1.36203
1.36461
1.36853
1.37232
1.37489
1.37527
1.37304
1.3684
1.36213
1.35511
1.34817
1.34182
1.33577
1.32875
1.319
1.30508
1.28663
1.26523
1.24435
1.2288
1.22303
1.22956
1.24791
1.27525
1.3073
1.33892
1.36491
1.38072
1.38351
1.37291
1.35108
1.32202
1.29027
1.25953
1.2321
1.20912
1.1914
1.17999
1.176
1.17999
1.19159
1.20939
1.23142
1.25537
1.279
1.3007
1.31962
1.33564
1.34905
1.35989
1.36784
1.37247
1.37374
1.37233
1.36937
1.36605
1.36321
1.36104
1.35882
1.35505
1.34783
1.33557
1.31796
1.29677
1.27603
1.26064
1.25383
1.25528
1.26137
1.26741
1.2702
1.26923
1.26651
1.26521
1.26824
1.27715
1.29199
1.31153
1.33364
1.35557
1.3744
1.38746
1.39265
1.38888
1.37617
1.35545
1.32871
1.29897
1.27031
1.24747
1.2345
1.23287
1.24066
1.25332
1.26569
1.27386
1.2762
1.27331
1.26747
1.2618
1.25931
1.26213
1.27086
1.2844
1.30046
1.31636
1.32987
1.33948
1.34421
1.34341
1.33664
1.32383
1.30591
1.28537
1.26632
1.25354
1.25108
1.26114
1.28347
1.31548
1.35278
1.38997
1.42151
1.4427
1.45065
1.44482
1.42697
1.40042
1.36895
1.33603
1.30468
1.27773
1.25784
1.24711
1.24619
1.25375
1.26657
1.28021
1.29033
1.29414
1.29114
1.2828
1.27108
1.25728
1.24215
1.22645
1.21149
1.19905
1.19115
1.18963
1.19542
1.20824
1.22639
1.24697
1.26627
1.28076
1.28777
1.28662
1.27919
1.26977
1.26392
1.26657
1.28016
1.30364
1.33298
1.36264
1.38735
1.40304
1.40728
1.39914
1.37867
1.34671
1.30502
1.25676
1.20676
1.16134
1.12723
1.10979
1.11111
1.12885
1.1571
1.18868
1.21754
1.23998
1.25464
1.26207
1.26434
1.26452
1.2658
1.27034
1.2782
1.28754
1.29583
1.30108
1.30293
1.3028
1.30335
1.30743
1.31686
1.33155
1.34973
1.36861
1.38567
1.39945
1.40956
1.4163
1.41974
1.41958
1.41513
1.40627
1.39393
1.37971
1.3646
1.3485
1.33085
1.31175
1.29245
1.27502
1.26176
1.25421
1.2528
1.25676
1.26437
1.27336
1.28165
1.28767
1.29066
1.29064
1.28827
1.28454
1.2806
1.2776
1.27654
1.27784
1.28125
1.2858
1.29003
1.29258
1.29256
1.29003
1.28621
1.28341
1.28442
1.29139
1.30442
1.32139
1.339
1.35414
1.36502
1.37129
1.37344
1.37216
1.36781
1.36015
1.34856
1.33298
1.31406
1.29325
1.27279
1.25536
1.24395
1.24105
1.24764
1.26304
1.28436
1.30712
1.32616
1.33732
1.33897
1.33222
1.31961
1.303
1.28269
1.25802
1.22883
1.19647
1.16411
1.13602
1.11681
1.11056
1.12032
1.1474
1.1909
1.24749
1.3118
1.37717
1.43691
1.48523
1.51789
1.53218
1.52677
1.50197
1.46013
1.40605
1.34653
1.28902
1.23891
1.19849
1.16796
1.14783
1.1396
1.1449
1.16403
1.19496
1.23342
1.27364
1.30982
1.3376
1.3551
1.36335
1.36545
1.36522
1.36564
1.36757
1.3696
1.36919
1.36456
1.35547
1.34333
1.3308
1.3213
1.31835
1.32441
1.3398
1.36197
1.38618
1.40701
1.42004
1.42281
1.4147
1.39647
1.36957
1.33588
1.29776
1.25827
1.22079
1.18848
1.16372
1.14754
1.13992
1.14022
1.1478
1.16199
1.18202
1.20647
1.23336
1.26013
1.28408
1.30295
1.31546
1.32193
1.32424
1.32499
1.32622
1.32802
1.32877
1.32654
1.32052
1.3112
1.30017
1.28935
1.28019
1.27316
1.26778
1.26304
1.25817
1.25302
1.24813
1.24434
1.24235
1.24254
1.24511
1.24979
1.25591
1.26231
1.26742
1.26951
1.26706
1.25892
1.24472
1.2251
1.20218
1.17964
1.16221
1.15427
1.15836
1.17455
1.20069
1.23335
1.26925
1.30585
1.34137
1.37449
1.40408
1.42909
1.44822
1.45989
1.46254
1.4552
1.43829
1.41404
1.38615
1.35872
1.33495
1.31628
1.30237
1.29209
1.2845
1.27919
1.2765
1.2772
1.28191
1.2907
1.30275
1.31618
1.32851
1.33739
1.34136
1.34043
1.33578
1.32915
1.32204
1.3149
1.30728
1.29828
1.2871
1.27379
1.25943
1.24585
1.23541
1.23016
1.23143
1.23939
1.2531
1.27084
1.29068
1.31066
1.32881
1.34305
1.35149
1.35289
1.34736
1.33646
1.32284
1.30946
1.29887
1.29223
1.28896
1.28747
1.2864
1.2852
1.28405
1.28278
1.28061
1.27642
1.26902
1.25773
1.24255
1.22448
1.20526
1.18705
1.17223
1.16351
1.16383
1.17585
1.2009
1.23788
1.28318
1.33143
1.37653
1.41286
1.43609
1.44388
1.43644
1.41673
1.38981
1.36177
1.33803
1.32211
1.31539
1.31719
1.32565
1.338
1.35081
1.36026
1.36297
1.35671
1.34092
1.31682
1.28707
1.25488
1.22328
1.19482
1.17193
1.15719
1.15335
1.1625
1.18481
1.21803
1.25794
1.29933
1.33738
1.36848
1.39034
1.40183
1.40298
1.3951
1.38086
1.36404
1.3485
1.33695
1.33017
1.32716
1.32594
1.32481
1.32314
1.32155
1.32114
1.32246
1.32485
1.32661
1.32544
1.3191
1.30604
1.28568
1.25849
1.22614
1.19133
1.15737
1.12772
1.10537
1.0923
1.08916
1.09524
1.10879
1.12741
1.14884
1.1713
1.19402
1.21686
1.23976
1.26202
1.28221
1.29878
1.31063
1.31736
1.31886
1.31506
1.30583
1.29158
1.2739
1.25581
1.24117
1.23357
1.23522
1.24638
1.26529
1.2889
1.31338
1.33495
1.35055
1.3581
1.35679
1.34674
1.32892
1.30534
1.27921
1.25469
1.23587
1.22548
1.22424
1.23077
1.24265
1.25748
1.27366
1.2906
1.30842
1.32716
1.34658
1.36589
1.38353
1.39759
1.40618
1.40787
1.40247
1.39094
1.37523
1.35745
1.33938
1.32167
1.30389
1.28512
1.26509
1.24484
1.22688
1.21444
1.21026
1.21495
1.22654
1.24137
1.25575
1.26717
1.27463
1.27842
1.27936
1.27825
1.27559
1.2716
1.26646
1.26059
1.25484
1.25059
1.24929
1.25183
1.25831
1.26826
1.28121
1.29711
1.31572
1.33608
1.35644
1.37479
1.38944
1.39965
1.40588
1.40893
1.40941
1.40733
1.40205
1.39306
1.38068
1.36629
1.35146
1.33677
1.32142
1.30396
1.28361
1.26142
1.24018
1.22335
1.21381
1.21286
1.22004
1.23335
1.24989
1.26662
1.28093
1.29091
1.29547
1.29426
1.28766
1.27679
1.26364
1.25079
1.24101
1.2366
1.23883
1.24761
1.26134
1.2777
1.29408
1.30815
1.31814
1.32305
1.3229
1.31871
1.31218
1.3051
1.29873
1.29342
1.28876
1.2841
1.27929
1.2751
1.27313
1.27529
1.28287
1.2955
1.31078
1.32521
1.33556
1.34017
1.33892
1.33274
1.32272
1.30963
1.29384
1.2758
1.25638
1.23665
1.21742
1.19917
1.18221
1.16735
1.15622
1.15111
1.15465
1.169
1.19517
1.23245
1.27806
1.32722
1.37433
1.41423
1.44305
1.45911
1.46288
1.45648
1.44289
1.42518
1.40584
1.38645
1.36776
1.34971
1.33182
1.31368
1.29536
1.27762
1.26187
1.24979
1.24271
1.24143
1.24624
1.25672
1.27178
1.28983
1.30903
1.32706
1.34096
1.34765
1.34487
1.33222
1.31175
1.28741
1.2639
1.24514
1.23365
1.23073
1.23658
1.25011
1.26871
1.28899
1.30778
1.32321
1.33435
1.34082
1.34249
1.33958
1.33289
1.32366
1.31327
1.30248
1.29102
1.2778
1.26189
1.24338
1.22386
1.2066
1.19562
1.19397
1.20167
1.21559
1.23167
1.24734
1.2623
1.27766
1.29483
1.31486
1.33823
1.36467
1.39325
1.42223
1.4491
1.4708
1.48427
1.48706
1.47818
1.45885
1.43249
1.40423
1.37918
1.36033
1.34744
1.33762
1.32719
1.31339
1.29536
1.27472
1.25461
1.23832
1.22811
1.22468
1.22719
1.23359
1.24087
1.24577
1.24562
1.23888
1.22557
1.20735
1.18746
1.17021
1.16003
1.16036
1.17271
1.1963
1.2284
1.26508
1.30263
1.33813
1.36985
1.39679
1.41817
1.43304
1.44054
1.44028
1.43266
1.41908
1.40179
1.38307
1.36409
1.34404
1.32082
1.29235
1.2579
1.21848
1.177
1.1381
1.10735
1.09039
1.09161
1.11306
1.15346
1.2082
1.27022
1.33164
1.38547
1.42674
1.45326
1.46539
1.46538
1.45623
1.44048
1.41968
1.39489
1.36777
1.34153
1.32081
1.31023
1.31245
1.32658
1.34805
1.37016
1.38652
1.39267
1.38691
1.36958
1.34214
1.30678
1.26674
1.22675
1.19273
1.17017
1.16212
1.16764
1.18213
1.19928
1.21338
1.22126
1.22293
1.22094
1.21889
1.22015
1.22678
1.23957
1.25806
1.28094
1.30639
1.33225
1.35611
1.37529
1.38699
1.38857
1.37851
1.35714
1.32722
1.29349
1.26171
1.23695
1.22232
1.21834
1.22321
1.23376
1.24647
1.25843
1.26767
1.27303
1.2739
1.27017
1.26256
1.25308
1.24491
1.24151
1.24542
1.25744
1.27647
1.3001
1.32557
1.35022
1.37198
1.38934
1.40136
1.40755
1.40805
1.40387
1.39687
1.38949
1.38423
1.38306
1.38663
1.39385
1.40221
1.40869
1.41048
1.40546
1.39262
1.37218
1.34603
1.31719
1.28882
1.26347
1.24278
1.22768
1.21839
1.21458
1.21529
1.21894
1.22347
1.22695
1.228
1.22642
1.22342
1.22157
1.22403
1.23337
1.25062
1.2747
1.30247
1.32953
1.35151
1.36507
1.36878
1.36326
1.35124
1.33692
1.3246
1.31746
1.31624
1.31936
1.32372
1.3263
1.32511
1.31988
1.31217
1.30518
1.30247
1.30562
1.31254
1.31814
1.31695
1.30588
1.28538
1.25889
1.23143
1.20784
1.19152
1.18367
1.18336
1.18862
1.19766
1.20988
1.22589
1.24649
1.27134
1.29822
1.3237
1.34487
1.36043
1.37094
1.37825
1.38446
1.39089
1.3975
1.40278
1.40414
1.39886
1.38508
1.36265
1.33346
1.30158
1.27267
1.25272
1.24608
1.25332
1.2711
1.29419
1.31747
1.33705
1.35042
1.35635
1.35495
1.348
1.33864
1.33004
1.32353
1.31826
1.31239
1.30452
1.2943
1.2824
1.27035
1.25983
1.25194
1.2465
1.2422
1.23738
1.23083
1.2228
1.21512
1.21065
1.21209
1.22041
1.23438
1.25143
1.26911
1.28604
1.30202
1.31751
1.33291
1.348
1.36192
1.37321
1.38029
1.38189
1.37763
1.36851
1.35705
1.34637
1.33906
1.3362
1.33693
1.339
1.3396
1.33637
1.32815
1.3151
1.29849
1.28034
1.26292
1.24821
1.23774
1.23246
1.23258
1.23762
1.2466
1.25829
1.27145
1.28449
1.2956
1.30289
1.3048
1.30062
1.29107
1.27871
1.26772
1.26293
1.268
1.28373
1.30749
1.33456
1.36014
1.38085
1.39502
1.40222
1.40232
1.39505
1.37977
1.35592
1.32349
1.2838
1.24005
1.1972
1.16083
1.13518
1.12184
1.11981
1.12698
1.1417
1.1635
1.19225
1.22698
1.26487
1.30137
1.33127
1.35017
1.35576
1.34859
1.33183
1.31054
1.29016
1.2753
1.26876
1.27122
1.28125
1.29612
1.31275
1.32842
1.34119
1.34972
1.35306
1.35083
1.34327
1.33188
1.31947
1.30945
1.30443
1.305
1.3096
1.31522
1.31894
1.31908
1.31546
1.3088
1.30022
1.29103
1.28288
1.2777
1.27711
1.28179
1.29066
1.30102
1.3094
1.31246
1.30778
1.29418
1.27206
1.24384
1.21387
1.18776
1.17083
1.16667
1.17658
1.19964
1.2331
1.27295
1.31447
1.35315
1.38552
1.40988
1.42632
1.43616
1.44088
1.4412
1.43694
1.42735
1.41175
1.39022
1.36385
1.33456
1.30475
1.27679
1.2527
1.23409
1.22217
1.21766
1.22033
1.2285
1.23947
1.25019
1.25835
1.26287
1.26383
1.26222
1.25929
1.25636
1.25455
1.25468
1.25704
1.26145
1.26711
1.27263
1.27637
1.27691
1.27363
1.26694
1.25815
1.24926
1.24255
1.2404
1.24468
1.25607
1.27345
1.29397
1.314
1.33039
1.34172
1.34868
1.3531
1.35608
1.35686
1.35308
1.34306
1.32804
1.31287
1.30365
1.30365
1.31177
1.32438
1.33805
1.35072
1.36115
1.36831
1.37102
1.3686
1.36141
1.35102
1.33942
1.32844
1.31938
1.31288
1.30894
1.30683
1.30511
1.30172
1.29449
1.28161
1.26227
1.23731
1.20933
1.18248
1.16137
1.14992
1.15012
1.16139
1.18086
1.20446
1.2285
1.25086
1.27165
1.29261
1.31578
1.34154
1.36781
1.39073
1.40616
1.41117
1.40501
1.38933
1.36761
1.34396
1.32199
1.30389
1.29032
1.28087
1.27468
1.271
1.26925
1.26903
1.27019
1.27298
1.27771
1.28436
1.29208
1.2992
1.30414
1.30596
1.3048
1.30156
1.29734
1.29274
1.28782
1.28225
1.27549
1.26715
1.25715
1.24594
1.23437
1.22357
1.2148
1.20951
1.20917
1.21497
1.22721
1.24491
1.26593
1.28722
1.30534
1.31736
1.32134
1.31649
1.3032
1.28299
1.25863
1.23419
1.2146
1.20487
1.20864
1.22696
1.25803
1.29742
1.33948
1.37862
1.41049
1.43242
1.44377
1.44573
1.44076
1.43156
1.41978
1.40555
1.38797
1.36667
1.34271
1.3185
1.29691
1.28028
1.26991
1.26582
1.26686
1.27102
1.27613
1.28029
1.28221
1.28121
1.27697
1.2695
1.25886
1.24528
1.22923
1.21127
1.19214
1.17273
1.15425
1.13859
1.12891
1.12927
1.14306
1.171
1.21029
1.25627
1.30419
1.3502
1.39116
1.4245
1.44799
1.4598
1.45879
1.44459
1.41791
1.38074
1.33666
1.29037
1.24728
1.21269
1.19076
1.18342
1.18949
1.20472
1.22339
1.24036
1.25239
1.25819
