-5.28
-5.28116
-5.28391
-5.28426
-5.28436
-5.28259
-5.28294
-5.28292
-5.28325
-5.28231
-5.28133
-5.28093
-5.27978
-5.2773
-5.27807
-5.27799
-5.27772
-5.27631
-5.27472
-5.27516
-5.27532
-5.27682
-5.27706
-5.27769
-5.28065
-5.28398
-5.28306
-5.28143
-5.28133
-5.27823
-5.27737
-5.27777
-5.27872
-5.27948
-5.28099
-5.27876
-5.27844
-5.27869
-5.27905
-5.28073
-5.28149
-5.28081
-5.28227
-5.28339
-5.28387
-5.28398
-5.28363
-5.28183
-5.27929
-5.27897
-5.27643
-5.27818
-5.27707
-5.27662
-5.27874
-5.27852
-5.27857
-5.2777
-5.277
-5.2773
-5.27965
-5.27818
-5.2811
-5.28461
-5.28589
-5.28614
-5.28601
-5.28616
-5.28661
-5.2848
-5.28373
-5.28354
-5.28176
-5.28078
-5.27937
-5.27945
-5.27839
-5.27676
-5.27649
-5.27727
-5.27591
-5.27377
-5.27637
-5.27436
-5.27426
-5.27441
-5.27701
-5.27738
-5.27828
-5.28083
-5.28029
-5.28146
-5.28026
-5.28209
-5.28358
-5.2826
-5.28243
-5.28238
-5.28527
-5.28165
-5.28187
-5.28342
-5.28449
-5.28487
-5.28287
-5.28251
-5.28068
-5.28024
-5.28098
-5.28151
-5.28163
-5.28295
-5.2834
-5.28283
-5.28405
-5.2844
-5.28485
-5.28449
-5.28244
-5.28336
-5.28348
-5.28376
-5.28314
-5.28405
-5.28414
-5.28148
-5.2814
-5.28084
-5.28094
-5.2821
-5.28228
-5.28287
-5.28293
-5.28517
-5.28343
-5.28299
-5.28175
-5.27668
-5.27701
-5.27896
-5.28261
-5.2814
-5.28331
-5.28685
-5.28572
-5.2856
-5.28769
-5.28876
-5.28729
-5.28566
-5.28403
-5.28047
-5.28112
-5.28042
-5.2781
-5.27592
-5.27688
-5.27424
-5.27567
-5.27483
-5.27543
-5.27415
-5.27468
-5.27433
-5.27435
-5.27558
-5.27803
-5.28112
-5.28145
-5.27993
-5.28095
-5.28179
-5.28272
-5.28374
-5.28244
-5.28149
-5.28218
-5.28373
-5.28338
-5.28509
-5.28679
-5.28878
-5.2876
-5.28408
-5.2851
-5.28419
-5.28189
-5.28003
-5.27965
-5.27807
-5.27463
-5.27506
-5.27547
-5.27597
-5.27696
-5.2779
-5.27867
-5.27853
-5.28034
-5.28088
-5.28184
-5.28229
-5.28093
-5.28003
-5.28094
-5.28222
-5.28307
-5.28135
-5.28159
-5.28301
-5.28541
-5.28504
-5.28691
-5.28872
-5.28375
-5.28346
-5.28086
-5.27798
-5.27748
-5.27776
-5.27922
-5.27811
-5.27726
-5.27618
-5.27898
-5.28059
-5.28333
-5.28235
-5.28228
-5.28046
-5.28005
-5.27803
-5.27812
-5.27748
-5.27777
-5.27899
-5.27978
-5.28008
-5.28327
-5.28209
-5.28131
-5.28092
-5.27963
-5.28009
-5.28007
-5.27872
-5.27907
-5.27961
-5.27975
-5.27947
-5.279
-5.27958
-5.28181
-5.28505
-5.28188
-5.28526
-5.28642
-5.28529
-5.28757
-5.28798
-5.2878
-5.28744
-5.28867
-5.28798
-5.28761
-5.2856
-5.28714
-5.28392
-5.28472
-5.2844
-5.28325
-5.28316
-5.28245
-5.28165
-5.28197
-5.28083
-5.28146
-5.28098
-5.28106
-5.27948
-5.27768
-5.2778
-5.27779
-5.27745
-5.27963
-5.28185
-5.28633
-5.28642
-5.28494
-5.28531
-5.28285
-5.2825
-5.27923
-5.27769
-5.27877
-5.27758
-5.27747
-5.2775
-5.27882
-5.27918
-5.27872
-5.27982
-5.28018
-5.28058
-5.28117
-5.28277
-5.2834
-5.28401
-5.28428
-5.2817
-5.28316
-5.28294
-5.28084
-5.27925
-5.27758
-5.27586
-5.27762
-5.27746
-5.27708
-5.27671
-5.27677
-5.27811
-5.27737
-5.27669
-5.27676
-5.27718
-5.27648
-5.27413
-5.27585
-5.27937
-5.28021
-5.28358
-5.28324
-5.2817
-5.28315
-5.28379
-5.2818
-5.28182
-5.28325
-5.28446
-5.28443
-5.28281
-5.28344
-5.2818
-5.2814
-5.28311
-5.28166
-5.28094
-5.27748
-5.27661
-5.27654
-5.27607
-5.27563
-5.27855
-5.28069
-5.28073
-5.28236
-5.28421
-5.2871
-5.28818
-5.2895
-5.28752
-5.28553
-5.28481
-5.28354
-5.28167
-5.28191
-5.28049
-5.2812
-5.28213
-5.28237
-5.28264
-5.2839
-5.28263
-5.28237
-5.28313
-5.28458
-5.28475
-5.28585
-5.28457
-5.2828
-5.28026
-5.27869
-5.27912
-5.27803
-5.27635
-5.27694
-5.2775
-5.27835
-5.27856
-5.27849
-5.27752
-5.2773
-5.27908
-5.28059
-5.28176
-5.27963
-5.27998
-5.2783
-5.28014
-5.28042
-5.28119
-5.27992
-5.2795
-5.27948
-5.28072
-5.2805
-5.28068
-5.2816
-5.27939
-5.28057
-5.27966
-5.278
-5.27569
-5.27805
-5.27832
-5.28007
-5.28226
-5.28128
-5.28261
-5.28045
-5.27967
-5.27704
-5.27736
-5.27933
-5.2793
-5.28242
-5.28216
-5.28271
-5.28275
-5.28299
-5.28188
-5.27985
-5.2816
-5.2811
-5.28164
-5.28248
-5.28371
-5.28442
-5.28608
-5.2845
-5.2837
-5.2832
-5.28116
-5.28277
-5.28411
-5.2861
-5.28639
-5.28458
-5.28575
-5.28433
-5.28077
-5.28014
-5.27848
-5.27757
-5.27779
-5.27774
-5.2763
-5.28005
-5.28038
-5.28074
-5.28015
-5.28068
-5.27884
-5.2792
-5.27918
-5.27779
-5.27634
-5.27712
-5.27602
-5.27372
-5.27546
-5.27644
-5.27569
-5.27678
-5.27802
-5.28066
-5.28044
-5.28216
-5.28283
-5.28268
-5.27998
-5.27988
-5.27948
-5.28179
-5.2824
-5.28075
-5.28049
-5.27876
-5.27881
-5.27937
-5.27854
-5.27671
-5.27809
-5.27836
-5.27792
-5.27978
-5.2819
-5.28079
-5.28013
-5.2807
-5.2809
-5.2813
-5.2819
-5.28084
-5.27984
-5.28061
-5.27901
-5.27958
-5.27716
-5.27791
-5.27886
-5.28024
-5.27999
-5.28255
-5.28267
-5.28459
-5.28418
-5.28283
-5.28383
-5.28446
-5.28522
-5.2834
-5.28249
-5.28158
-5.28048
-5.28061
-5.27854
-5.27564
-5.27497
-5.2737
-5.27325
-5.27522
-5.27728
-5.27923
-5.28083
-5.28058
-5.27963
-5.27986
-5.2797
-5.28152
-5.28128
-5.28142
-5.28172
-5.28226
-5.28364
-5.2861
-5.28665
-5.28779
-5.2856
-5.28684
-5.28534
-5.28466
-5.28295
-5.28093
-5.28222
-5.281
-5.2798
-5.27794
-5.27709
-5.27833
-5.28081
-5.28103
-5.28014
-5.2795
-5.28242
-5.28264
-5.28152
-5.28192
-5.27991
-5.27996
-5.27954
-5.28198
-5.28373
-5.28223
-5.2839
-5.28336
-5.28272
-5.28277
-5.28258
-5.28019
-5.28263
-5.28306
-5.28408
-5.28316
-5.28132
-5.28021
-5.28113
-5.28251
-5.28244
-5.28189
-5.28178
-5.28229
-5.28326
-5.2829
-5.28113
-5.27832
-5.2772
-5.27796
-5.27725
-5.27423
-5.2742
-5.27556
-5.27435
-5.27468
-5.27677
-5.27896
-5.27896
-5.27938
-5.28107
-5.28166
-5.28265
-5.28076
-5.28476
-5.2814
-5.28112
-5.28232
-5.28278
-5.28027
-5.27741
-5.27879
-5.27805
-5.2798
-5.27953
-5.28045
-5.2818
-5.28283
-5.28476
-5.28592
-5.28533
-5.28558
-5.28471
-5.28462
-5.28399
-5.28085
-5.2798
-5.28031
-5.27802
-5.27603
-5.2751
-5.27591
-5.2761
-5.27714
-5.27534
-5.27515
-5.27877
-5.27938
-5.28115
-5.28147
-5.28194
-5.28229
-5.28064
-5.28126
-5.28161
-5.28112
-5.28153
-5.28093
-5.28217
-5.28371
-5.28305
-5.2826
-5.28205
-5.28472
-5.28453
-5.28452
-5.28157
-5.28421
-5.28057
-5.28137
-5.28012
-5.27707
-5.27819
-5.27916
-5.27966
-5.27765
-5.27694
-5.27632
-5.27695
-5.27999
-5.28187
-5.28349
-5.28428
-5.28503
-5.28486
-5.28601
-5.28482
-5.28576
-5.28658
-5.28693
-5.2854
-5.28405
-5.28447
-5.283
-5.28566
-5.28606
-5.2865
-5.28273
-5.27983
-5.277
-5.27798
-5.27784
-5.27815
-5.277
-5.27645
-5.27661
-5.27788
-5.27865
-5.27823
-5.28107
-5.28225
-5.28233
-5.28063
-5.28137
-5.28074
-5.27985
-5.28079
-5.28204
-5.28268
-5.28293
-5.28291
-5.28333
-5.28335
-5.28158
-5.28134
-5.28025
-5.28211
-5.28256
-5.28103
-5.28136
-5.28143
-5.2824
-5.28418
-5.28453
-5.28387
-5.28237
-5.28082
-5.28029
-5.28106
-5.28237
-5.2856
-5.28534
-5.28699
-5.28763
-5.28608
-5.2876
-5.28672
-5.28796
-5.28809
-5.28687
-5.28447
-5.28399
-5.28298
-5.28434
-5.28471
-5.28579
-5.28218
-5.28379
-5.27997
-5.28048
-5.28056
-5.28056
-5.27956
-5.27825
-5.27665
-5.27901
-5.27955
-5.27894
-5.27948
-5.27856
-5.27832
-5.28084
-5.2805
-5.2829
-5.2827
-5.28134
-5.28433
-5.2835
-5.28329
-5.28105
-5.28068
-5.28032
-5.28063
-5.28126
-5.28221
-5.28225
-5.28303
-5.28258
-5.28207
-5.28334
-5.28089
-5.27865
-5.2777
-5.27846
-5.2771
-5.27853
-5.27852
-5.28026
-5.28168
-5.28201
-5.27956
-5.28045
-5.27925
-5.28031
-5.28022
-5.28039
-5.28303
-5.28475
-5.28462
-5.28446
-5.28397
-5.28293
-5.2812
-5.27994
-5.27765
-5.2799
-5.28047
-5.28277
-5.28184
-5.28151
-5.28402
-5.28283
-5.28176
-5.28177
-5.28202
-5.28083
-5.28113
-5.28124
-5.28127
-5.28307
-5.28463
-5.28487
-5.28446
-5.28574
-5.28221
-5.27986
-5.27846
-5.28029
-5.28044
-5.27947
-5.28213
-5.28285
-5.28298
-5.28071
-5.28198
-5.28092
-5.28211
-5.28495
-5.28542
-5.28424
-5.28385
-5.28411
-5.28251
-5.28033
-5.2791
-5.27944
-5.28015
-5.27847
-5.2764
-5.27895
-5.28008
-5.27907
-5.27861
-5.27794
-5.27786
-5.27807
-5.27944
-5.28273
-5.28451
-5.28568
-5.28684
-5.28678
-5.28618
-5.28451
-5.28314
-5.2812
-5.27911
-5.27894
-5.27856
-5.27835
-5.2794
-5.28163
-5.28017
-5.28235
-5.28085
-5.27721
-5.27908
-5.2785
-5.27777
-5.27648
-5.27719
-5.27665
-5.27786
-5.2774
-5.27921
-5.28194
-5.28379
-5.2842
-5.28269
-5.28082
-5.28023
-5.28098
-5.27892
-5.27678
-5.27633
-5.27874
-5.27899
-5.28003
-5.2808
-5.28334
-5.28386
-5.28516
-5.28588
-5.28698
-5.2858
-5.28595
-5.28491
-5.28513
-5.28574
-5.28425
-5.28104
-5.28002
-5.28024
-5.28198
-5.28128
-5.28062
-5.28222
-5.28507
-5.2846
-5.28593
-5.28712
-5.28618
-5.28699
-5.28758
-5.28696
-5.28576
-5.28533
-5.28321
-5.27797
-5.27723
-5.27275
-5.27495
-5.27503
-5.27737
-5.27495
-5.27501
-5.2764
-5.27739
-5.27923
-5.28041
-5.27916
-5.27893
-5.28089
-5.27902
-5.27878
-5.28007
-5.28301
-5.28255
-5.28213
-5.28298
-5.2832
-5.28124
-5.28109
-5.27995
-5.2792
-5.27896
-5.27703
-5.27802
-5.28002
-5.27914
-5.27925
-5.2796
-5.28069
-5.28585
-5.28738
-5.28825
-5.28708
-5.28913
-5.28817
-5.28419
-5.28073
-5.27856
-5.27736
-5.27675
-5.27581
-5.27506
-5.27415
-5.27464
-5.27535
-5.27724
-5.27879
-5.28012
-5.28403
-5.28412
-5.28398
-5.28398
-5.28383
-5.28425
-5.28427
-5.28555
-5.28431
-5.28262
-5.28254
-5.2819
-5.28075
-5.28157
-5.28166
-5.28306
-5.28495
-5.28297
-5.28161
-5.28124
-5.28102
-5.28339
-5.28336
-5.28424
-5.28236
-5.28203
-5.27983
-5.27957
-5.28032
-5.28061
-5.28054
-5.27957
-5.27874
-5.28005
-5.27932
-5.27845
-5.27903
-5.28104
-5.28352
-5.28289
-5.28266
-5.28465
-5.28646
-5.28571
-5.2872
-5.28708
-5.28544
-5.28433
-5.28286
-5.28273
-5.28207
-5.2829
-5.28342
-5.28347
-5.28451
-5.28767
-5.29018
-5.2918
-5.29167
-5.29118
-5.28867
-5.28663
-5.28492
-5.2827
-5.2843
-5.28398
-5.28377
-5.28565
-5.28531
-5.2874
-5.28739
-5.28701
-5.28775
-5.28738
-5.28474
-5.28161
-5.28107
-5.27877
-5.2755
-5.27586
-5.27658
-5.27657
-5.27792
-5.27852
-5.27857
-5.27864
-5.27901
-5.27841
-5.27694
-5.27668
-5.2756
-5.27647
-5.27684
-5.27795
-5.27702
-5.27739
-5.27888
-5.28114
-5.28101
-5.28125
-5.28105
-5.2818
-5.28337
-5.28355
-5.28501
-5.28446
-5.28491
-5.28517
-5.28628
-5.28562
-5.28286
-5.28157
-5.28186
-5.27957
-5.27863
-5.27673
-5.27416
-5.27159
-5.27079
-5.27101
-5.27182
-5.27264
-5.27374
-5.27529
-5.27713
-5.28101
-5.28472
-5.28371
-5.28425
-5.28369
-5.28374
-5.28517
-5.28429
-5.28255
-5.28046
-5.2795
-5.27854
-5.27712
-5.2792
-5.27799
-5.27921
-5.28204
-5.28403
-5.28528
-5.28629
-5.28759
-5.28788
-5.28656
-5.28666
-5.28533
-5.28515
-5.28572
-5.28407
-5.28057
-5.27831
-5.27782
-5.27605
-5.27537
-5.27355
-5.27511
-5.27672
-5.27886
-5.2817
-5.28358
-5.28383
-5.2852
-5.28383
-5.28306
-5.28133
-5.27922
-5.27837
-5.27834
-5.27986
-5.27997
-5.28154
-5.28009
-5.27831
-5.27883
-5.27931
-5.27789
-5.27915
-5.27844
-5.28
-5.28199
-5.2819
-5.28174
-5.27993
-5.27949
-5.27829
-5.27907
-5.27867
-5.28061
-5.28209
-5.28241
-5.28225
-5.28215
-5.28258
-5.28218
-5.28156
-5.28023
-5.2824
-5.28241
-5.28237
-5.28417
-5.28265
-5.28276
-5.28193
-5.28243
-5.28132
-5.28115
-5.2806
-5.28158
-5.28216
-5.27982
-5.27792
-5.27528
-5.27651
-5.27705
-5.2781
-5.27886
-5.27862
-5.28191
-5.28201
-5.28185
-5.28426
-5.28422
-5.28512
-5.2846
-5.2846
-5.28423
-5.2843
-5.28336
-5.28158
-5.27938
-5.27905
-5.27834
-5.27957
-5.27927
-5.27871
-5.28033
-5.28223
-5.28451
-5.28251
-5.28108
-5.28095
-5.2794
-5.27893
-5.27816
-5.27917
-5.27966
-5.28107
-5.28148
-5.28159
-5.28347
-5.28443
-5.28512
-5.28244
-5.2792
-5.27663
-5.27599
-5.27781
-5.27705
-5.27861
-5.27886
-5.28082
-5.28127
-5.28185
-5.2823
-5.28084
-5.28039
-5.28141
-5.28216
-5.28126
-5.28215
-5.28329
-5.28399
-5.28485
-5.28355
-5.28425
-5.28307
-5.28712
-5.28436
-5.28408
-5.28365
-5.28342
-5.28282
-5.28328
-5.2803
-5.27675
-5.27671
-5.2772
-5.27762
-5.27711
-5.2774
-5.27822
-5.28148
-5.28327
-5.28458
-5.28637
-5.28759
-5.28995
-5.28904
-5.28702
-5.28619
-5.28446
-5.28076
-5.28107
-5.28126
-5.27774
-5.27889
-5.27985
-5.28091
-5.28168
-5.27976
-5.28022
-5.28013
-5.28019
-5.27762
-5.27543
-5.27472
-5.27463
-5.27427
-5.27566
-5.27716
-5.27929
-5.28084
-5.28183
-5.28264
-5.28245
-5.28092
-5.28013
-5.27937
-5.27734
-5.27855
-5.27996
-5.28134
-5.28288
-5.28243
-5.28391
-5.28384
-5.28277
-5.28293
-5.2818
-5.27986
-5.28145
-5.27763
-5.27759
-5.27687
-5.27712
-5.27605
-5.2761
-5.27834
-5.27935
-5.27909
-5.2799
-5.27967
-5.27913
-5.27962
-5.27883
-5.27642
-5.27558
-5.2747
-5.27418
-5.2725
-5.27459
-5.27626
-5.27641
-5.27717
-5.27839
-5.2794
-5.27766
-5.2765
-5.27923
-5.27873
-5.27985
-5.28065
-5.28115
-5.27975
-5.27968
-5.27928
-5.27853
-5.27906
-5.27933
-5.2803
-5.28071
-5.28214
-5.28105
-5.2787
-5.28124
-5.27984
-5.28028
-5.28122
-5.28301
-5.28153
-5.27783
-5.27751
-5.27638
-5.27862
-5.2803
-5.28201
-5.28273
-5.28532
-5.28548
-5.28694
-5.28768
-5.28385
-5.28372
-5.28238
-5.28202
-5.2841
-5.28247
-5.28212
-5.28208
-5.28342
-5.28314
-5.28068
-5.2804
-5.28119
-5.27962
-5.28059
-5.28075
-5.28221
-5.28451
-5.28303
-5.2807
-5.27924
-5.28037
-5.28068
-5.28088
-5.27999
-5.28147
-5.28325
-5.2839
-5.28269
-5.28313
-5.28297
-5.28167
-5.28095
-5.27994
-5.279
-5.27816
-5.27871
-5.27908
-5.27776
-5.27612
-5.27842
-5.27944
-5.28294
-5.28195
-5.28371
-5.2838
-5.28435
-5.28499
-5.28183
-5.28081
-5.27952
-5.27755
-5.27775
-5.27521
-5.27495
-5.27533
-5.27582
-5.27489
-5.27525
-5.27578
-5.27606
-5.27509
-5.27781
-5.27625
-5.27827
-5.28002
-5.27852
-5.27893
-5.2803
-5.28135
-5.28498
-5.28462
-5.28246
-5.28237
-5.28246
-5.2828
-5.27993
-5.28043
-5.28018
-5.28216
-5.28054
-5.28104
-5.28029
-5.27875
-5.27988
-5.27976
-5.28003
-5.28116
-5.28039
-5.28048
-5.28383
-5.28562
-5.28702
-5.28517
-5.28559
-5.28356
-5.28231
-5.28003
-5.27789
-5.27774
-5.27822
-5.2789
-5.27636
-5.2774
-5.28118
-5.2825
-5.28328
-5.28172
-5.28264
-5.28509
-5.28461
-5.28356
-5.28202
-5.28169
-5.28135
-5.28074
-5.28147
-5.2807
-5.28307
-5.28418
-5.28483
-5.28495
-5.28197
-5.28081
-5.27957
-5.27761
-5.27667
-5.27606
-5.27631
-5.27798
-5.27877
-5.27963
-5.28059
-5.2813
-5.28074
-5.28041
-5.27887
-5.27951
-5.27902
-5.27974
-5.27966
-5.28105
-5.28158
-5.28137
-5.28104
-5.28078
-5.2836
-5.28761
-5.28863
-5.28849
-5.28948
-5.28886
-5.28684
-5.28712
-5.28587
-5.28439
-5.2817
-5.28199
-5.28044
-5.28189
-5.27857
-5.27861
-5.27942
-5.28
-5.28157
-5.28338
-5.28145
-5.28252
-5.28019
-5.27789
-5.2771
-5.27631
-5.27835
-5.27726
-5.2778
-5.27833
-5.28012
-5.28151
-5.28375
-5.28454
-5.28388
-5.2821
-5.28214
-5.28275
-5.27911
-5.27934
-5.27859
-5.27949
-5.27723
-5.27705
-5.27899
-5.27819
-5.28108
-5.28146
-5.28194
-5.28508
-5.28496
-5.28634
-5.28491
-5.28324
-5.2833
-5.28029
-5.27946
-5.2799
-5.28205
-5.28176
-5.28258
-5.28052
-5.27938
-5.2785
-5.28053
-5.28035
-5.28252
-5.28064
-5.28059
-5.28172
-5.28035
-5.28175
-5.28193
-5.28063
-5.28157
-5.28065
-5.27881
-5.27916
-5.27933
-5.27898
-5.27984
-5.28012
-5.279
-5.27914
-5.2773
-5.27629
-5.27982
-5.27904
-5.28006
-5.28028
-5.28164
-5.27959
-5.27738
-5.27891
-5.27843
-5.27798
-5.27799
-5.27689
-5.2773
-5.27721
-5.2785
-5.27653
-5.27675
-5.27918
-5.2786
-5.28115
-5.27966
-5.27966
-5.27796
-5.28047
-5.28013
-5.28053
-5.27814
-5.2775
-5.27798
-5.2763
-5.27627
-5.27844
-5.2782
-5.27717
-5.27803
-5.2793
-5.28107
-5.28008
-5.28005
-5.28014
-5.28253
-5.28273
-5.28246
-5.28413
-5.28134
-5.28234
-5.28084
-5.28179
-5.2834
-5.28237
-5.28199
-5.2825
-5.28203
-5.28259
-5.27911
-5.28044
-5.27793
-5.27615
-5.2771
-5.27628
-5.27669
-5.27584
-5.27731
-5.27901
-5.27998
-5.27865
-5.2798
-5.28025
-5.27987
-5.27942
-5.28063
-5.28036
-5.28096
-5.28122
-5.28203
-5.28447
-5.28334
-5.28459
-5.28306
-5.28321
-5.28142
-5.27955
-5.27973
-5.27849
-5.27811
-5.27942
-5.28087
-5.28248
-5.28245
-5.28431
-5.28522
-5.28238
-5.28011
-5.28106
-5.27975
-5.28301
-5.28145
-5.28221
-5.28202
-5.28123
-5.2795
-5.28045
-5.27955
-5.27907
-5.279
-5.27962
-5.27898
-5.27835
-5.28061
-5.2825
-5.285
-5.28326
-5.28214
-5.2829
-5.28154
-5.28115
-5.28039
-5.28063
-5.27881
-5.27746
-5.27579
-5.27688
-5.27717
-5.27726
-5.27927
-5.28044
-5.2832
-5.28415
-5.28216
-5.28454
-5.28511
-5.28267
-5.28006
-5.28145
-5.27995
-5.27892
-5.27893
-5.27717
-5.27766
-5.27805
-5.27869
-5.27929
-5.28012
-5.28141
-5.2811
-5.28015
-5.28159
-5.28042
-5.27681
-5.27472
-5.27549
-5.27551
-5.27444
-5.27683
-5.27623
-5.27811
-5.27785
-5.27945
-5.27986
-5.28062
-5.28142
-5.2804
-5.28117
-5.28087
-5.27953
-5.28201
-5.28184
-5.28192
-5.28163
-5.28102
-5.28049
-5.27886
-5.27976
-5.27998
-5.28241
-5.2831
-5.28227
-5.28141
-5.2827
-5.28284
-5.28273
-5.28234
-5.28163
-5.28155
-5.28053
-5.27736
-5.27767
-5.27772
-5.27542
-5.27485
-5.27459
-5.27378
-5.2749
-5.27755
-5.27897
-5.27981
-5.28067
-5.28013
-5.28106
-5.27913
-5.2783
-5.27794
-5.27932
-5.28116
-5.28118
-5.27903
-5.27855
-5.28028
-5.28152
-5.28379
-5.28639
-5.28353
-5.2821
-5.28225
-5.28024
-5.27747
-5.27851
-5.27848
-5.27836
-5.27681
-5.2792
-5.27662
-5.27733
-5.27747
-5.2784
-5.27897
-5.27763
-5.27572
-5.27549
-5.27563
-5.27457
-5.27269
-5.27006
-5.26964
-5.27039
-5.27184
-5.27345
-5.2757
-5.27755
-5.27709
-5.27801
-5.27693
-5.27664
-5.27829
-5.27835
-5.27972
-5.28075
-5.2807
-5.28231
-5.28471
-5.28345
-5.28037
-5.28104
-5.28206
-5.28242
-5.28301
-5.28272
-5.28455
-5.2862
-5.28585
-5.28421
-5.28489
-5.28542
-5.28573
-5.28648
-5.28656
-5.28467
-5.28471
-5.28329
-5.28101
-5.27997
-5.27871
-5.28205
-5.28223
-5.28349
-5.28288
-5.28481
-5.28459
-5.28305
-5.2834
-5.28026
-5.28127
-5.28051
-5.28137
-5.28161
-5.28272
-5.28198
-5.28278
-5.28179
-5.28089
-5.28071
-5.28095
-5.27909
-5.27941
-5.27909
-5.2769
-5.27675
-5.27798
-5.27832
-5.27813
-5.27812
-5.27672
-5.27686
-5.27817
-5.27891
-5.27892
-5.27742
-5.2792
-5.28136
-5.28177
-5.28186
-5.28207
-5.28021
-5.27989
-5.28302
-5.28305
-5.28242
-5.2832
-5.28492
-5.2846
-5.28357
-5.28331
-5.28238
-5.28321
-5.28233
-5.2821
-5.28222
-5.2821
-5.28453
-5.28572
-5.28736
-5.28701
-5.28562
-5.28585
-5.28522
-5.2825
-5.28262
-5.28115
-5.27918
-5.27907
-5.27604
-5.27525
-5.27598
-5.27591
-5.27336
-5.27474
-5.27481
-5.27475
-5.27644
-5.27858
-5.27795
-5.27852
-5.2797
-5.28086
-5.28071
-5.27991
-5.2788
-5.27902
-5.27931
-5.28066
-5.28084
-5.28308
-5.28508
-5.28642
-5.28627
-5.28519
-5.2854
-5.28439
-5.28455
-5.28217
-5.27929
-5.27889
-5.27902
-5.27736
-5.27781
-5.27973
-5.28091
-5.28235
-5.28066
-5.28109
-5.28014
-5.28029
-5.27781
-5.2798
-5.27781
-5.27841
-5.27897
-5.28061
-5.28122
-5.28233
-5.28262
-5.28313
-5.28167
-5.28121
-5.28187
-5.28012
-5.2811
-5.28016
-5.28134
-5.28351
-5.28462
-5.28275
-5.28025
-5.27731
-5.27382
-5.27294
-5.27065
-5.27286
-5.27369
-5.27458
-5.27563
-5.27336
-5.27374
-5.27379
-5.2742
-5.27895
-5.28098
-5.28324
-5.28209
-5.28135
-5.28166
-5.28017
-5.27996
-5.27829
-5.27982
-5.27652
-5.27646
-5.27662
-5.27753
-5.2784
-5.27852
-5.27945
-5.2793
-5.28044
-5.28099
-5.28096
-5.28223
-5.28175
-5.28132
-5.2828
-5.28234
-5.28038
-5.27752
-5.27565
-5.27523
-5.27675
-5.27863
-5.27883
-5.27966
-5.27988
-5.27909
-5.27712
-5.27805
-5.27702
-5.2739
-5.27294
-5.27262
-5.27517
-5.27462
-5.27757
-5.27954
-5.27886
-5.28002
-5.27988
-5.27834
-5.27753
-5.27599
-5.27968
-5.2787
-5.279
-5.27942
-5.2813
-5.28169
-5.28492
-5.28487
-5.28515
-5.28467
-5.28251
-5.28115
-5.28013
-5.27983
-5.28114
-5.2807
-5.28108
-5.2795
-5.27881
-5.27979
-5.28052
-5.2809
-5.2808
-5.283
-5.28249
-5.28272
-5.28462
-5.284
-5.28385
-5.28095
-5.2831
-5.28323
-5.28134
-5.28112
-5.28169
-5.28308
-5.28267
-5.2807
-5.27941
-5.28148
-5.28373
-5.28235
-5.2824
-5.28339
-5.28412
-5.28348
-5.28143
-5.28028
-5.27955
-5.28073
-5.28141
-5.28105
-5.27881
-5.27702
-5.28157
-5.28232
-5.28257
-5.28525
-5.28388
-5.28287
-5.28073
-5.27877
-5.27802
-5.27802
-5.27938
-5.279
-5.28127
-5.2819
-5.28146
-5.28075
-5.28294
-5.28289
-5.28201
-5.28107
-5.27985
-5.27843
-5.27784
-5.27709
-5.27646
-5.27651
-5.27815
-5.27747
-5.2777
-5.27697
-5.27666
-5.27748
-5.27807
-5.27857
-5.2795
-5.27924
-5.27855
-5.27859
-5.27526
-5.27443
-5.27312
-5.27375
-5.27588
-5.27426
-5.27577
-5.27733
-5.27782
-5.27695
-5.27753
-5.27675
-5.27734
-5.27731
-5.2767
-5.27786
-5.27695
-5.27661
-5.27657
-5.27691
-5.27743
-5.27794
-5.27878
-5.28119
-5.28147
-5.28272
-5.28191
-5.28
-5.27859
-5.28026
-5.28182
-5.28039
-5.28094
-5.28157
-5.28392
-5.28597
-5.28374
-5.28233
-5.2821
-5.28055
-5.28297
-5.28489
-5.28241
-5.28323
-5.28145
-5.2848
-5.28416
-5.28373
-5.28419
-5.28359
-5.28297
-5.28333
-5.28246
-5.2817
-5.28239
-5.28159
-5.28055
-5.2795
-5.27933
-5.28097
-5.2799
-5.28007
-5.27994
-5.27889
-5.27696
-5.27707
-5.2766
-5.27717
-5.27808
-5.28063
-5.28219
-5.28204
-5.28043
-5.27992
-5.2774
-5.27721
-5.27551
-5.27739
-5.27761
-5.27852
-5.27928
-5.27933
-5.27992
-5.28213
-5.28384
-5.28688
-5.28703
-5.28664
-5.28513
-5.28424
-5.28189
-5.28174
-5.2834
-5.28367
-5.28559
-5.28495
-5.28262
-5.28143
-5.2828
-5.28123
-5.28148
-5.28119
-5.28219
-5.28477
-5.28502
-5.28621
-5.28381
-5.28492
-5.28692
-5.28494
-5.2855
-5.28707
-5.28427
-5.28367
-5.2817
-5.28014
-5.28128
-5.28104
-5.28008
-5.27921
-5.2796
-5.27881
-5.2772
-5.27605
-5.27952
-5.28144
-5.27991
-5.27888
-5.27905
-5.28005
-5.28044
-5.28193
-5.28146
-5.2816
-5.27952
-5.27989
-5.27956
-5.27955
-5.27728
-5.27763
-5.27766
-5.27643
-5.27756
-5.27462
-5.27386
-5.27601
-5.27525
-5.27353
-5.27333
-5.27584
-5.27861
-5.27855
-5.28004
-5.27916
-5.28049
-5.28124
-5.2805
-5.27933
-5.28175
-5.27888
-5.28104
-5.28264
-5.28329
-5.28577
-5.28725
-5.28744
-5.28703
-5.28782
-5.28416
-5.28231
-5.27912
-5.27823
-5.27806
-5.27767
-5.27676
-5.27567
-5.27762
-5.27771
-5.27882
-5.2748
-5.27674
-5.27479
-5.27438
-5.274
-5.27728
-5.28156
-5.28141
-5.27965
-5.27948
-5.27936
-5.27957
-5.28094
-5.28129
-5.28126
-5.28017
-5.28116
-5.28186
-5.28259
-5.28274
-5.28433
-5.28255
-5.28284
-5.2818
-5.2825
-5.28381
-5.28313
-5.28345
-5.28141
-5.27783
-5.27806
-5.27636
-5.27558
-5.27715
-5.27569
-5.2772
-5.27908
-5.28011
-5.28079
-5.28001
-5.27924
-5.279
-5.27935
-5.28174
-5.28123
-5.2835
-5.28638
-5.28445
-5.28479
-5.28482
-5.28571
-5.28483
-5.28396
-5.28366
-5.28335
-5.28093
-5.28266
-5.28301
-5.28253
-5.28236
-5.28109
-5.28093
-5.2803
-5.28315
-5.28172
-5.28251
-5.28296
-5.2835
-5.28353
-5.28276
-5.2831
-5.28515
-5.28465
-5.28351
-5.28489
-5.28382
-5.28537
-5.28101
-5.27818
-5.27761
-5.27882
-5.27876
-5.27699
-5.27636
-5.27608
-5.27522
-5.27541
-5.27553
-5.27753
-5.2788
-5.27855
-5.27659
-5.27852
-5.27759
-5.27738
-5.27792
-5.27885
-5.2785
-5.28036
-5.28084
-5.28153
-5.28213
-5.28297
-5.28412
-5.28505
-5.28647
-5.28742
-5.28488
-5.28546
-5.28412
-5.28468
-5.28328
-5.28197
-5.27955
-5.27906
-5.27864
-5.27973
-5.27792
-5.27724
-5.27804
-5.27995
-5.27923
-5.28215
-5.28175
-5.28114
-5.28254
-5.28203
-5.28348
-5.28336
-5.28299
-5.28246
-5.28216
-5.28123
-5.27942
-5.28099
-5.27984
-5.28048
-5.28058
-5.28135
-5.28271
-5.28458
-5.28534
-5.28695
-5.28497
-5.28279
-5.28515
-5.28409
-5.28497
-5.28552
-5.28384
-5.28181
-5.28081
-5.27766
-5.27788
-5.27561
-5.2751
-5.27744
-5.27695
-5.27767
-5.27683
-5.27908
-5.28018
-5.27871
-5.28123
-5.27871
-5.27935
-5.28053
-5.27842
-5.27674
-5.27594
-5.27705
-5.27691
-5.27716
-5.27658
-5.27716
-5.27637
-5.27612
-5.27633
-5.27719
-5.27792
-5.27812
-5.28075
-5.28132
-5.28315
-5.28332
-5.28282
-5.28322
-5.28484
-5.28216
-5.28264
-5.2821
-5.27961
-5.28074
-5.27814
-5.27836
-5.27756
-5.278
-5.27997
-5.28237
-5.28242
-5.28187
-5.2816
-5.27964
-5.27966
-5.27955
-5.27822
-5.27873
-5.27795
-5.27655
-5.27808
-5.2789
-5.27954
-5.28082
-5.2822
-5.28226
-5.28448
-5.28502
-5.2846
-5.28398
-5.28324
-5.28181
-5.27977
-5.27949
-5.2788
-5.27938
-5.27773
-5.27514
-5.27614
-5.27787
-5.27934
-5.28008
-5.28173
-5.28332
-5.28402
-5.28421
-5.28435
-5.28486
-5.28421
-5.28501
-5.28436
-5.28102
-5.28121
-5.2812
-5.27951
-5.28178
-5.28223
-5.28048
-5.28125
-5.2831
-5.28245
-5.28147
-5.2816
-5.28482
-5.28356
-5.28108
-5.2809
-5.27921
-5.27893
-5.27893
-5.27935
-5.2792
-5.27752
-5.27591
-5.27777
-5.27904
-5.27752
-5.27713
-5.27878
-5.28211
-5.28185
-5.28343
-5.28424
-5.28427
-5.28389
-5.28377
-5.28398
-5.28291
-5.28182
-5.27927
-5.27741
-5.27531
-5.27543
-5.27737
-5.27842
-5.27601
-5.27716
-5.27782
-5.27879
-5.27995
-5.2809
-5.28037
-5.28071
-5.28201
-5.28338
-5.28452
-5.28311
-5.28426
-5.28403
-5.28272
-5.2826
-5.28407
-5.28293
-5.2821
-5.28286
-5.28162
-5.27933
-5.27792
-5.27735
-5.27731
-5.27662
-5.27457
-5.27788
-5.27951
-5.28026
-5.27984
-5.28245
-5.28273
-5.28094
-5.2804
-5.27864
-5.27806
-5.27811
-5.27756
-5.27874
-5.27908
-5.27923
-5.27914
-5.27815
-5.27947
-5.27991
-5.27923
-5.27906
-5.28004
-5.28177
-5.28446
-5.28639
-5.28615
-5.28434
-5.28486
-5.28292
-5.27958
-5.28173
-5.28168
-5.2814
-5.27893
-5.28002
-5.27843
-5.28217
-5.28153
-5.27979
-5.28031
-5.27874
-5.27914
-5.27848
-5.28065
-5.28289
-5.28421
-5.28392
-5.28478
-5.28258
-5.282
-5.28057
-5.28033
-5.27912
-5.27994
-5.27992
-5.28068
-5.27993
-5.28028
-5.27983
-5.27764
-5.27795
-5.27965
-5.27936
-5.2805
-5.28141
-5.28142
-5.28059
-5.28025
-5.28142
-5.28187
-5.28227
-5.28172
-5.27991
-5.28016
-5.28061
-5.27876
-5.27951
-5.27826
-5.27841
-5.27911
-5.27824
-5.27991
-5.27966
-5.27924
-5.27884
-5.27762
-5.27821
-5.27826
-5.27992
-5.28016
-5.2819
-5.28425
-5.28281
-5.28283
-5.28267
-5.28191
-5.28106
-5.28065
-5.28166
-5.28025
-5.27782
-5.27706
-5.2774
-5.27661
-5.27593
-5.27467
-5.27632
-5.27668
-5.27579
-5.27342
-5.27483
-5.27742
-5.28044
-5.2821
-5.28261
-5.28386
-5.2843
-5.28626
-5.28527
-5.2852
-5.28531
-5.28619
-5.28589
-5.28481
-5.28472
-5.28315
-5.2795
-5.27801
-5.27741
-5.27641
-5.27757
-5.27725
-5.27823
-5.2794
-5.27932
-5.27887
-5.27644
-5.27535
-5.27642
-5.27598
-5.27432
-5.27521
-5.27645
-5.27758
-5.27991
-5.28338
-5.28352
-5.28438
-5.28565
-5.28641
-5.28617
-5.28476
-5.28334
-5.28465
-5.28294
-5.28049
-5.28054
-5.28076
-5.28043
-5.28207
-5.28167
-5.28016
-5.28117
-5.28096
-5.2813
-5.28233
-5.28276
-5.28179
-5.28208
-5.28497
-5.28289
-5.28421
-5.28191
-5.27972
-5.27817
-5.27776
-5.27602
-5.27594
-5.27756
-5.27859
-5.28023
-5.28102
-5.28106
-5.28144
-5.28303
-5.28191
-5.28331
-5.28247
-5.28278
-5.28089
-5.2792
-5.27752
-5.28105
-5.28136
-5.28288
-5.28198
-5.28247
-5.28167
-5.28268
-5.28207
-5.2813
-5.28197
-5.28129
-5.28135
-5.28008
-5.27861
-5.2784
-5.27732
-5.27738
-5.27503
-5.27668
-5.27667
-5.27734
-5.27846
-5.27824
-5.27825
-5.27754
-5.27946
-5.27824
-5.27714
-5.2762
-5.27451
-5.27319
-5.27373
-5.27274
-5.27483
-5.27482
-5.27711
-5.27734
-5.28078
-5.28274
-5.28246
-5.28449
-5.28663
-5.28766
-5.28635
-5.28474
-5.28445
-5.28317
-5.28144
-5.28333
-5.28391
-5.28223
-5.28008
-5.28137
-5.28061
-5.28283
-5.28403
-5.28674
-5.28821
-5.28748
-5.28711
-5.28433
-5.2856
-5.28308
-5.28186
-5.27848
-5.27971
-5.27926
-5.28083
-5.28172
-5.28317
-5.28326
-5.28487
-5.28371
-5.28326
-5.2825
-5.28305
-5.28338
-5.2788
-5.27574
-5.27618
-5.27752
-5.27834
-5.2812
-5.28286
-5.28515
-5.28473
-5.28408
-5.28496
-5.28354
-5.28276
-5.2833
-5.2813
-5.28266
-5.28128
-5.28202
-5.28099
-5.28173
-5.28326
-5.28366
-5.28378
-5.28436
-5.28426
-5.28405
-5.28508
-5.28228
-5.28161
-5.28127
-5.28104
-5.27904
-5.27891
-5.27879
-5.27943
-5.27923
-5.28034
-5.28029
-5.28174
-5.28164
-5.28419
-5.28324
-5.28171
-5.28348
-5.28143
-5.28309
-5.28498
-5.28491
-5.28455
-5.28461
-5.28547
-5.28428
-5.28428
-5.28285
-5.28149
-5.28074
-5.28346
-5.27931
-5.28039
-5.28221
-5.28189
-5.28134
-5.28346
-5.28171
-5.2808
-5.2822
-5.2842
-5.28136
-5.281
-5.27684
-5.27643
-5.28069
-5.27979
-5.28137
-5.28055
-5.27867
-5.27848
-5.27727
-5.27551
-5.27776
-5.2804
-5.28094
-5.28039
-5.28137
-5.2798
-5.27828
-5.27537
-5.27303
-5.27218
-5.27205
-5.2714
-5.27277
-5.27418
-5.2762
-5.27807
-5.27929
-5.27998
-5.28124
-5.28297
-5.28359
-5.28225
-5.28235
-5.28049
-5.28002
-5.27739
-5.27841
-5.27851
-5.27897
-5.27759
-5.27641
-5.27389
-5.27653
-5.27681
-5.27654
-5.27854
-5.27849
-5.2789
-5.2791
-5.27783
-5.27975
-5.28103
-5.28264
-5.28221
-5.28355
-5.28342
-5.28355
-5.28182
-5.28288
-5.28222
-5.2833
-5.28374
-5.28382
-5.28457
-5.28483
-5.28436
-5.28206
-5.28055
-5.27993
-5.27949
-5.28041
-5.28001
-5.27629
-5.27519
-5.27603
-5.27704
-5.27801
-5.27948
-5.27981
-5.27905
-5.27854
-5.27738
-5.2786
-5.28062
-5.28309
-5.28169
-5.28112
-5.28095
-5.28024
-5.27681
-5.27826
-5.27762
-5.27927
-5.28042
-5.28169
-5.28254
-5.28384
-5.28204
-5.28201
-5.28304
-5.28157
-5.28291
-5.28174
-5.28163
-5.28009
-5.27975
-5.27891
-5.2795
-5.28049
-5.28008
-5.28113
-5.28091
-5.28108
-5.28076
-5.28239
-5.28299
-5.28105
-5.27806
-5.27712
-5.27805
-5.27995
-5.28341
-5.28342
-5.28496
-5.28562
-5.28406
-5.28394
-5.28214
-5.28331
-5.28451
-5.28374
-5.28416
-5.28349
-5.28244
-5.27983
-5.2806
-5.28025
-5.28161
-5.28203
-5.27984
-5.2806
-5.28113
-5.2801
-5.2813
-5.28163
-5.28233
-5.28116
-5.2818
-5.27887
-5.27959
-5.28149
-5.28075
-5.27969
-5.27896
-5.28171
-5.28225
-5.28172
-5.28223
-5.28022
-5.27868
-5.2784
-5.27747
-5.27909
-5.27924
-5.27912
-5.27641
-5.27573
-5.27502
-5.27518
-5.27451
-5.27542
-5.27849
-5.28031
-5.28124
-5.28206
-5.28559
-5.28633
-5.28786
-5.28654
-5.28445
-5.2844
-5.28317
-5.28284
-5.28177
-5.27993
-5.27952
-5.27748
-5.27834
-5.27611
-5.27542
-5.27795
-5.28104
-5.27983
-5.28185
-5.28413
-5.28523
-5.28603
-5.28695
-5.28696
-5.28829
-5.28621
-5.28631
-5.28622
-5.28813
-5.28832
-5.2869
-5.28572
-5.28339
-5.28005
-5.2787
-5.27585
-5.27641
-5.27569
-5.27328
-5.27523
-5.27584
-5.27621
-5.27948
-5.28154
-5.2817
-5.28437
-5.28383
-5.2822
-5.28219
-5.28067
-5.27805
-5.27542
-5.27192
-5.27256
-5.27389
-5.27468
-5.27786
-5.2807
-5.28175
-5.28275
-5.2852
-5.28743
-5.28584
-5.28756
-5.28775
-5.28682
-5.28778
-5.28585
-5.28393
-5.28164
-5.28059
-5.27692
-5.2746
-5.27559
-5.27528
-5.27586
-5.27469
-5.27642
-5.27669
-5.27728
-5.27888
-5.27822
-5.27872
-5.27858
-5.28183
-5.28123
-5.28193
-5.28076
-5.28042
-5.27817
-5.27896
-5.27922
-5.28015
-5.27906
-5.28009
-5.28035
-5.27826
-5.27845
-5.27739
-5.27778
-5.2791
-5.27634
-5.27865
-5.27975
-5.28293
-5.28587
-5.28829
-5.28749
-5.28806
-5.28559
-5.28479
-5.2826
-5.28081
-5.28084
-5.27819
-5.27641
-5.27447
-5.2733
-5.27194
-5.2727
-5.27438
-5.27769
-5.27842
-5.27774
-5.28101
-5.28248
-5.28426
-5.28399
-5.28426
-5.28387
-5.28326
-5.28446
-5.28556
-5.28692
-5.28657
-5.28392
-5.28102
-5.27965
-5.27863
-5.27768
-5.28131
-5.28167
-5.28255
-5.28057
-5.28303
-5.28339
-5.28295
-5.28109
-5.28238
-5.28321
-5.2854
-5.28398
-5.28446
-5.28371
-5.28092
-5.28083
-5.27835
-5.27838
-5.27864
-5.27814
-5.27785
-5.27751
-5.27718
-5.28016
-5.28255
-5.28363
-5.28641
-5.28572
-5.28938
-5.28823
-5.28977
-5.2882
-5.28969
-5.28915
-5.28611
-5.28401
-5.28441
-5.282
-5.28116
-5.27875
-5.27832
-5.27875
-5.27979
-5.28234
-5.28809
-5.28813
-5.28758
-5.28586
-5.28569
-5.28466
-5.28329
-5.28336
-5.28268
-5.28286
-5.28255
-5.28195
-5.27714
-5.27846
-5.27724
-5.27874
-5.27754
-5.27244
-5.27352
-5.27364
-5.27885
-5.28085
-5.28333
-5.28546
-5.28621
-5.28656
-5.28659
-5.28572
-5.28566
-5.28386
-5.28137
-5.28153
-5.28122
-5.27923
-5.27981
-5.28224
-5.28152
-5.28427
-5.2842
-5.28128
-5.2788
-5.27754
-5.27761
-5.27816
-5.2793
-5.28013
-5.28064
-5.27877
-5.27724
-5.27976
-5.28142
-5.28102
-5.27965
-5.28159
-5.28036
-5.28239
-5.28401
-5.28385
-5.28323
-5.28545
-5.28671
-5.28579
-5.28327
-5.28098
-5.28072
-5.28047
-5.28285
-5.28216
-5.28019
-5.28099
-5.27918
-5.28028
-5.27905
-5.28028
-5.27935
-5.28045
-5.28101
-5.28204
-5.28159
-5.28278
-5.28281
-5.28311
-5.28261
-5.28075
-5.28285
-5.28103
-5.27872
-5.28062
-5.27939
-5.27925
-5.27944
-5.28105
-5.28257
-5.28446
-5.28279
-5.28246
-5.27836
-5.28026
-5.28075
-5.27885
-5.28011
-5.28199
-5.2836
-5.28341
-5.28347
-5.28388
-5.28273
-5.28124
-5.2821
-5.28279
-5.28377
-5.28368
-5.28123
-5.28206
-5.28243
-5.2812
-5.27983
-5.27811
-5.27707
-5.27672
-5.27577
-5.27609
-5.27629
-5.27747
-5.2778
-5.27972
-5.28028
-5.28054
-5.28224
-5.28514
-5.28568
-5.28384
-5.28344
-5.28288
-5.28289
-5.28303
-5.28353
-5.28229
-5.27984
-5.27973
-5.27981
-5.28007
-5.27894
-5.27844
-5.27863
-5.28119
-5.28093
-5.281
-5.28094
-5.28129
-5.28141
-5.28112
-5.28151
-5.28266
-5.28292
-5.28254
-5.28336
-5.2841
-5.28124
-5.28071
-5.27999
-5.2798
-5.28138
-5.28302
-5.28421
-5.28317
-5.28019
-5.27991
-5.27806
-5.27748
-5.27965
-5.27836
-5.27924
-5.27975
-5.28034
-5.28028
-5.2809
-5.28094
-5.28053
-5.28338
-5.28261
-5.28361
-5.28398
-5.28491
-5.28542
-5.28678
-5.2859
-5.28449
-5.28549
-5.28222
-5.28327
-5.28267
-5.2805
-5.28317
-5.28212
-5.28113
-5.28149
-5.28258
-5.28285
-5.28231
-5.28375
-5.28311
-5.2838
-5.28444
-5.28441
-5.28287
-5.28035
-5.27928
-5.28012
-5.27994
-5.27957
-5.27782
-5.27809
-5.28033
-5.27812
-5.27907
-5.27691
-5.27765
-5.27719
-5.27848
-5.28112
-5.28166
-5.28249
-5.28305
-5.28256
-5.28261
-5.28098
-5.28098
-5.28173
-5.28233
-5.28026
-5.27914
-5.27675
-5.27802
-5.27628
-5.27655
-5.27511
-5.27498
-5.27808
-5.28156
-5.28243
-5.2832
-5.2856
-5.2861
-5.2849
-5.28513
-5.28399
-5.2844
-5.28306
-5.28227
-5.28046
-5.2817
-5.28164
-5.2804
-5.27893
-5.28157
-5.28286
-5.28418
-5.28374
-5.28188
-5.27971
-5.27875
-5.27799
-5.27794
-5.27804
-5.27851
-5.27916
-5.27911
-5.28051
-5.27948
-5.27969
-5.28128
-5.28176
-5.28433
-5.28534
-5.28627
-5.28536
-5.2851
-5.28579
-5.28625
-5.2869
-5.28691
-5.28728
-5.28514
-5.28303
-5.2813
-5.27935
-5.27923
-5.27881
-5.28165
-5.28176
-5.28249
-5.28593
-5.28391
-5.28357
-5.28302
-5.28394
-5.28245
-5.2828
-5.28179
-5.28084
-5.28171
-5.27964
-5.27982
-5.28184
-5.28098
-5.27894
-5.27984
-5.27851
-5.27608
-5.2766
-5.27662
-5.27527
-5.27515
-5.27531
-5.27573
-5.27569
-5.27866
-5.28029
-5.28269
-5.28509
-5.28385
-5.28289
-5.28224
-5.27941
-5.27969
-5.27772
-5.27727
-5.27891
-5.27922
-5.27783
-5.27901
-5.28339
-5.28358
-5.28467
-5.28178
-5.28216
-5.28103
-5.28144
-5.27927
-5.27718
-5.27774
-5.27767
-5.27758
-5.27878
-5.27743
-5.27777
-5.27856
-5.28012
-5.27885
-5.27889
-5.27856
-5.27683
-5.27634
-5.27493
-5.27373
-5.27318
-5.27559
-5.27762
-5.27811
-5.27813
-5.28009
-5.28002
-5.2808
-5.28088
-5.27939
-5.27718
-5.27774
-5.27904
-5.27921
-5.27845
-5.28168
-5.28115
-5.28319
-5.28356
-5.28268
-5.2797
-5.27799
-5.27408
-5.27453
-5.27256
-5.274
-5.27332
-5.27501
-5.27353
-5.27411
-5.27519
-5.2771
-5.27819
-5.27967
-5.28138
-5.28284
-5.28101
-5.2804
-5.28044
-5.28098
-5.28151
-5.28187
-5.2805
-5.28041
-5.28133
-5.28098
-5.28222
-5.28265
-5.2817
-5.28563
-5.2868
-5.28487
-5.28317
-5.28223
-5.28069
-5.27978
-5.27929
-5.27724
-5.27799
-5.28001
-5.28087
-5.28085
-5.28032
-5.2803
-5.28086
-5.28106
-5.27934
-5.27646
-5.27803
-5.27925
-5.2804
-5.28102
-5.28024
-5.27956
-5.28087
-5.28228
-5.28192
-5.28214
-5.28108
-5.2814
-5.28021
-5.28014
-5.28017
-5.27897
-5.2778
-5.27894
-5.27826
-5.27841
-5.2797
-5.28037
-5.28086
-5.28227
-5.28297
-5.28154
-5.28257
-5.28254
-5.28405
-5.28625
-5.28554
-5.28491
-5.28591
-5.28371
-5.2822
-5.27765
-5.27798
-5.27808
-5.27542
-5.27491
-5.27619
-5.27948
-5.27934
-5.28204
-5.28348
-5.28416
-5.28359
-5.28234
-5.28084
-5.28203
-5.27953
-5.28049
-5.28146
-5.28039
-5.28059
-5.27891
-5.27971
-5.2819
-5.28549
-5.28695
-5.2863
-5.28485
-5.28229
-5.28251
-5.2833
-5.28218
-5.27991
-5.28045
-5.2825
-5.28171
-5.28094
-5.28143
-5.28319
-5.28428
-5.28434
-5.28429
-5.28442
-5.28509
-5.28311
-5.28014
-5.28016
-5.27997
-5.2789
-5.27987
-5.27901
-5.27702
-5.27715
-5.27608
-5.27721
-5.27676
-5.27854
-5.27683
-5.27764
-5.27851
-5.28014
-5.28121
-5.28072
-5.28296
-5.2819
-5.27983
-5.28046
-5.28213
-5.28139
-5.28086
-5.27829
-5.27693
-5.27596
-5.27765
-5.27863
-5.27871
-5.27773
-5.27781
-5.27827
-5.27915
-5.2789
-5.27892
-5.27702
-5.27709
-5.27722
-5.27706
-5.27725
-5.27683
-5.27643
-5.27605
-5.27566
-5.2756
-5.27808
-5.2789
-5.28033
-5.28083
-5.28083
-5.27977
-5.2812
-5.28274
-5.28362
-5.28571
-5.28416
-5.28519
-5.28493
-5.2823
-5.28128
-5.28198
-5.28053
-5.27812
-5.27704
-5.27537
-5.27526
-5.2754
-5.2785
-5.27816
-5.27711
-5.27467
-5.2731
-5.27369
-5.27385
-5.2752
-5.27584
-5.27547
-5.27634
-5.27652
-5.27437
-5.27572
-5.27546
-5.27525
-5.27481
-5.27386
-5.27303
-5.27458
-5.27719
-5.27726
-5.27929
-5.27935
-5.27933
-5.27985
-5.27993
-5.28053
-5.28076
-5.28069
-5.27942
-5.28026
-5.28158
-5.28269
-5.2828
-5.28141
-5.28097
-5.28017
-5.27907
-5.2782
-5.27771
-5.27832
-5.27806
-5.27846
-5.27692
-5.27487
-5.27542
-5.27453
-5.27635
-5.27905
-5.28072
-5.28152
-5.28213
-5.28132
-5.2834
-5.28379
-5.285
-5.28563
-5.28633
-5.28455
-5.28299
-5.28301
-5.28275
-5.28289
-5.28147
-5.2827
-5.28104
-5.28292
-5.2822
-5.2831
-5.28345
-5.28309
-5.28119
-5.28169
-5.28125
-5.28123
-5.28198
-5.28232
-5.28448
-5.28308
-5.28154
-5.27939
-5.27728
-5.27735
-5.27814
-5.27599
-5.27683
-5.27606
-5.27811
-5.27855
-5.2797
-5.27798
-5.27854
-5.27808
-5.28
-5.27895
-5.28091
-5.28126
-5.28033
-5.28013
-5.27984
-5.28154
-5.28273
-5.28309
-5.28382
-5.28734
-5.28446
-5.28363
-5.28272
-5.28168
-5.28008
-5.28097
-5.28167
-5.28188
-5.28244
-5.28304
-5.28005
-5.27721
-5.27642
-5.27599
-5.2742
-5.27506
-5.27568
-5.27695
-5.27585
-5.2784
-5.27964
-5.27819
-5.28051
-5.28075
-5.28083
-5.28073
-5.27979
-5.28032
-5.2801
-5.28049
-5.28025
-5.27883
-5.27859
-5.27868
-5.27885
-5.2781
-5.2818
-5.28163
-5.28224
-5.28251
-5.28273
-5.28295
-5.28201
-5.28229
-5.28214
-5.27982
-5.28013
-5.28091
-5.27883
-5.27897
-5.27657
-5.27583
-5.2757
-5.27644
-5.27607
-5.27524
-5.27719
-5.27699
-5.27969
-5.28218
-5.28525
-5.28654
-5.28613
-5.28553
-5.28561
-5.28446
-5.28216
-5.27787
-5.27819
-5.27669
-5.27407
-5.27659
-5.27448
-5.27463
-5.27653
-5.27942
-5.27908
-5.27908
-5.28163
-5.28474
-5.28572
-5.28804
-5.28941
-5.28785
-5.28757
-5.28573
-5.28441
-5.28441
-5.28263
-5.2817
-5.28322
-5.28131
-5.28105
-5.28042
-5.28068
-5.27899
-5.27905
-5.27846
-5.27704
-5.27636
-5.27913
-5.2815
-5.28328
-5.28405
-5.28675
-5.2859
-5.28478
-5.28346
-5.28167
-5.27886
-5.27672
-5.27668
-5.27627
-5.27725
-5.27517
-5.27804
-5.27855
-5.27964
-5.28113
-5.28069
-5.28096
-5.2817
-5.28137
-5.28005
-5.28002
-5.28098
-5.28027
-5.28199
-5.28218
-5.2795
-5.27919
-5.27689
-5.27802
-5.2767
-5.27815
-5.27802
-5.27768
-5.27821
-5.27765
-5.28029
-5.28232
-5.28181
-5.28059
-5.28074
-5.28219
-5.28341
-5.28261
-5.28315
-5.28348
-5.28395
-5.28265
-5.28195
-5.28085
-5.28607
-5.28379
-5.28608
-5.28535
-5.28479
-5.28512
-5.28518
-5.28393
-5.27939
-5.27886
-5.27879
-5.27906
-5.2805
-5.27923
-5.27882
-5.28119
-5.27968
-5.27957
-5.27906
-5.28138
-5.28243
-5.28209
-5.28049
-5.28287
-5.28471
-5.28273
-5.28145
-5.28247
-5.28254
-5.28126
-5.28276
-5.28311
-5.28393
-5.28301
-5.27985
-5.28005
-5.27876
-5.27624
-5.27568
-5.27544
-5.27613
-5.27614
-5.27521
-5.27155
-5.27158
-5.27487
-5.27657
-5.27957
-5.28275
-5.2857
-5.28564
-5.28742
-5.28563
-5.28534
-5.2868
-5.28633
-5.28602
-5.28371
-5.28271
-5.28215
-5.28043
-5.2811
-5.28108
-5.28013
-5.27994
-5.28255
-5.28328
-5.28186
-5.28042
-5.27898
-5.27853
-5.279
-5.27817
-5.27915
-5.28198
-5.28251
-5.28246
-5.28435
-5.28361
-5.28354
-5.28487
-5.2828
-5.28257
-5.28357
-5.28033
-5.27932
-5.27898
-5.27907
-5.28066
-5.28028
-5.28059
-5.27965
-5.28027
-5.28026
-5.28064
-5.28028
-5.28113
-5.28109
-5.2807
-5.28079
-5.28048
-5.28038
-5.27871
-5.27919
-5.27912
-5.28009
-5.27963
-5.27658
-5.27622
-5.27567
-5.27649
-5.27577
-5.27679
-5.27606
-5.27522
-5.27712
-5.28159
-5.28262
-5.28432
-5.2841
-5.28399
-5.28248
-5.28349
-5.2845
-5.28297
-5.28
-5.28057
-5.28019
-5.27877
-5.28005
-5.27872
-5.28056
-5.27911
-5.27959
-5.28065
-5.28129
-5.2831
-5.28248
-5.28236
-5.2837
-5.28067
-5.28238
-5.28304
-5.28115
-5.27935
-5.27899
-5.27804
-5.27738
-5.27696
-5.27484
-5.27503
-5.27478
-5.27426
-5.27289
-5.27421
-5.27549
-5.27777
-5.27917
-5.28333
-5.28566
-5.28527
-5.28531
-5.28531
-5.28671
-5.28597
-5.28309
-5.28097
-5.27959
-5.27668
-5.27513
-5.27781
-5.27951
-5.27853
-5.27678
-5.27554
-5.27684
-5.2763
-5.27571
-5.27678
-5.28083
-5.28092
-5.28332
-5.28644
-5.28844
-5.28883
-5.28636
-5.28474
-5.28039
-5.27974
-5.2807
-5.27945
-5.2782
-5.27846
-5.27763
-5.27703
-5.27679
-5.27695
-5.27772
-5.27982
-5.28329
-5.28407
-5.28339
-5.28388
-5.28274
-5.28366
-5.28382
-5.28103
-5.27862
-5.27796
-5.27779
-5.27653
-5.27645
-5.27785
-5.27909
-5.28136
-5.28198
-5.28184
-5.28253
-5.28079
-5.28116
-5.28011
-5.28288
-5.28309
-5.27995
-5.27907
-5.27891
-5.28038
-5.28075
-5.28341
-5.28491
-5.28765
-5.2857
-5.28391
-5.28342
-5.2828
-5.2823
-5.28305
-5.28252
-5.28004
-5.28039
-5.28242
-5.28347
-5.28217
-5.28079
-5.2816
-5.28102
-5.28095
-5.28201
-5.28225
-5.28303
-5.28222
-5.27995
-5.27953
-5.279
-5.28026
-5.28028
-5.27801
-5.27795
-5.27783
-5.27868
-5.27955
-5.28236
-5.28184
-5.28146
-5.28274
-5.28244
-5.28197
-5.28147
-5.28079
-5.28169
-5.28103
-5.28107
-5.28042
-5.28154
-5.28106
-5.28244
-5.28339
-5.28198
-5.28237
-5.28612
-5.2867
-5.28643
-5.28475
-5.28536
-5.28506
-5.28543
-5.28606
-5.28498
-5.28343
-5.28303
-5.28317
-5.27974
-5.27939
-5.27975
-5.27782
-5.27863
-5.27925
-5.2784
-5.28135
-5.28358
-5.28436
-5.28464
-5.28534
-5.28268
-5.28195
-5.2793
-5.2802
-5.27858
-5.27819
-5.28005
-5.2822
-5.28056
-5.27956
-5.2812
-5.28139
-5.27772
-5.27753
-5.27548
-5.27554
-5.27601
-5.27763
-5.27791
-5.27925
-5.28187
-5.28121
-5.28146
-5.28104
-5.27966
-5.27965
-5.28015
-5.2813
-5.28063
-5.27989
-5.27945
-5.27769
-5.27786
-5.27642
-5.2766
-5.27704
-5.27724
-5.2776
-5.27955
-5.27977
-5.28151
-5.27972
-5.27946
-5.27737
-5.27614
-5.27513
-5.27555
-5.27665
-5.27802
-5.27702
-5.2772
-5.28079
-5.28199
-5.28017
-5.27897
-5.27755
-5.27731
-5.27542
-5.27799
-5.27903
-5.27999
-5.27852
-5.27881
-5.27674
-5.27789
-5.27905
-5.27993
-5.27864
-5.28015
-5.28126
-5.2812
-5.28271
-5.28305
-5.28216
-5.28138
-5.28141
-5.27884
-5.27966
-5.27755
-5.27932
-5.28219
-5.28301
-5.28159
-5.28214
-5.28307
-5.28258
-5.28273
-5.28333
-5.28153
-5.28216
-5.28221
-5.28062
-5.28153
-5.28135
-5.28136
-5.27796
-5.27699
-5.27428
-5.27412
-5.2734
-5.27326
-5.27187
-5.27067
-5.27218
-5.27332
-5.27486
-5.27694
-5.27628
-5.27713
-5.27853
-5.28176
-5.28348
-5.28393
-5.28307
-5.28481
-5.28532
-5.28242
-5.28429
-5.28228
-5.28141
-5.28278
-5.2803
-5.27936
-5.27788
-5.27605
-5.27775
-5.27814
-5.27597
-5.27877
-5.27818
-5.28101
-5.28242
-5.28169
-5.2829
-5.28321
-5.28566
-5.28597
-5.28591
-5.28565
-5.2825
-5.28148
-5.28104
-5.28085
-5.27884
-5.27717
-5.27611
-5.27702
-5.27706
-5.2789
-5.279
-5.27926
-5.27957
-5.27914
-5.27944
-5.2801
-5.27922
-5.2801
-5.27993
-5.27807
-5.27616
-5.27619
-5.27602
-5.27616
-5.2774
-5.27841
-5.27828
-5.27869
-5.28137
-5.28052
-5.28053
-5.28094
-5.28343
-5.2844
-5.28437
-5.28549
-5.2832
-5.28297
-5.27969
-5.28054
-5.27883
-5.2795
-5.27902
-5.27899
-5.27902
-5.28068
-5.27977
-5.28049
-5.2831
-5.28162
-5.2805
-5.27945
-5.27962
-5.27991
-5.27951
-5.28078
-5.28146
-5.28179
-5.28164
-5.28249
-5.28161
-5.2828
-5.28246
-5.28352
-5.28312
-5.28391
-5.28265
-5.28285
-5.28226
-5.28199
-5.28011
-5.28048
-5.28219
-5.28482
-5.28627
-5.28822
-5.28975
-5.2903
-5.28936
-5.28763
-5.28517
-5.28431
-5.28308
-5.28245
-5.28237
-5.28215
-5.28083
-5.27751
-5.27499
-5.2751
-5.27518
-5.27992
-5.27997
-5.28193
-5.28437
-5.28704
-5.28882
-5.29182
-5.29228
-5.29141
-5.28594
-5.27941
-5.27855
-5.27549
-5.27552
-5.27444
-5.27412
-5.27612
-5.27491
-5.27606
-5.27992
-5.28053
-5.28172
-5.2843
-5.28473
-5.28765
-5.2882
-5.28606
-5.28528
-5.28232
-5.27973
-5.28037
-5.27999
-5.278
-5.27543
-5.27563
-5.27477
-5.27514
-5.27444
-5.27133
-5.27188
-5.2751
-5.27677
-5.27849
-5.27787
-5.27898
-5.28137
-5.28312
-5.28241
-5.28166
-5.28167
-5.28219
-5.27999
-5.27922
-5.2798
-5.28003
-5.28177
-5.28045
-5.27896
-5.27926
-5.27684
-5.277
-5.27626
-5.27639
-5.27552
-5.27559
-5.27651
-5.27885
-5.28087
-5.28116
-5.28188
-5.2852
-5.28561
-5.28511
-5.28448
-5.28482
-5.28335
-5.28208
-5.27946
-5.27935
-5.28038
-5.28142
-5.27905
-5.27901
-5.28027
-5.27935
-5.27861
-5.27785
-5.27818
-5.2781
-5.2783
-5.27811
-5.27936
-5.27967
-5.28112
-5.28006
-5.2804
-5.28013
-5.2806
-5.27912
-5.28026
-5.27899
-5.2805
-5.27999
-5.28154
-5.28167
-5.27977
-5.27875
-5.27961
-5.2821
-5.28054
-5.27958
-5.28028
-5.28005
-5.28006
-5.28232
-5.28332
-5.28319
-5.28288
-5.28151
-5.28282
-5.28181
-5.28124
-5.27905
-5.27886
-5.27776
-5.27757
-5.2788
-5.27809
-5.27725
-5.27814
-5.27872
-5.27969
-5.27952
-5.27903
-5.27707
-5.27697
-5.27712
-5.27809
-5.27716
-5.27812
-5.27894
-5.28191
-5.28351
-5.28312
-5.28305
-5.28169
-5.28292
-5.28251
-5.28337
-5.28357
-5.28353
-5.28432
-5.28411
-5.28383
-5.28423
-5.28339
-5.28204
-5.27952
-5.27984
-5.28064
-5.28053
-5.27809
-5.27732
-5.27689
-5.27768
-5.27734
-5.2784
-5.27829
-5.27765
-5.27798
-5.28081
-5.27986
-5.27865
-5.27917
-5.27598
-5.27694
-5.27793
-5.27645
-5.27578
-5.2775
-5.27763
-5.27446
-5.2757
-5.27687
-5.27679
-5.27655
-5.27753
-5.27711
-5.27974
-5.28066
-5.28064
-5.28022
-5.28198
-5.28246
-5.27864
-5.27945
-5.27827
-5.27751
-5.2788
-5.28069
-5.28298
-5.28349
-5.28247
-5.28224
-5.27998
-5.28219
-5.28237
-5.28208
-5.28098
-5.28142
-5.28161
-5.28104
-5.28011
-5.2814
-5.28126
-5.28082
-5.2819
-5.28049
-5.28177
-5.28034
-5.27929
-5.27874
-5.27933
-5.27961
-5.28067
-5.28081
-5.2807
-5.2778
-5.27664
-5.27733
-5.27808
-5.27974
-5.27891
-5.27921
-5.27832
-5.27998
-5.28075
-5.28237
-5.2834
-5.28408
-5.28378
-5.28286
-5.2798
-5.28017
-5.27989
-5.27682
-5.27334
-5.27411
-5.27593
-5.27938
-5.28074
-5.28399
-5.28467
-5.28391
-5.28591
-5.2853
-5.28584
-5.28677
-5.28724
-5.28692
-5.28732
-5.28536
-5.28612
-5.28274
-5.28244
-5.27894
-5.27703
-5.27727
-5.27649
-5.27714
-5.27863
-5.27935
-5.27847
-5.27715
-5.27707
-5.27543
-5.27498
-5.27491
-5.27501
-5.27596
-5.27678
-5.27679
-5.27722
-5.27898
-5.28103
-5.28106
-5.28195
-5.28368
-5.2824
-5.28337
-5.28444
-5.2843
-5.28546
-5.28584
-5.28306
-5.28328
-5.28237
-5.28111
-5.28024
-5.28076
-5.27942
-5.27911
-5.27723
-5.2777
-5.27893
-5.27935
-5.27965
-5.28111
-5.28333
-5.28322
-5.28285
-5.28211
-5.28133
-5.28194
-5.27965
-5.28047
-5.28152
-5.28082
-5.28027
-5.28124
-5.27996
-5.28065
-5.28054
-5.27996
-5.27824
-5.27979
-5.28112
-5.28084
-5.27797
-5.27536
-5.27771
-5.27789
-5.27875
-5.27919
-5.28002
-5.2837
-5.28523
-5.28446
-5.28421
-5.2845
-5.28412
-5.2842
-5.2804
-5.28003
-5.27906
-5.28046
-5.28155
-5.28153
-5.28131
-5.28123
-5.28236
-5.28368
-5.28437
-5.28389
-5.2817
-5.28293
-5.28318
-5.28269
-5.28164
-5.27978
-5.28029
-5.28143
-5.28017
-5.2817
-5.27997
-5.2809
-5.27907
-5.2813
-5.2821
-5.28113
-5.28219
-5.28257
-5.28469
-5.28392
-5.28384
-5.28294
-5.28205
-5.28201
-5.28231
-5.28206
-5.2822
-5.2832
-5.28325
-5.28346
-5.28144
-5.27906
-5.28118
-5.28073
-5.28195
-5.27901
-5.27749
-5.27977
-5.27924
-5.27771
-5.27799
-5.27863
-5.27835
-5.2783
-5.28079
-5.28349
-5.28224
-5.28399
-5.28349
-5.28246
-5.28201
-5.2804
-5.28039
-5.27855
-5.27849
-5.27661
-5.27683
-5.27529
-5.27787
-5.27744
-5.27782
-5.2792
-5.27818
-5.27951
-5.27794
-5.27704
-5.27562
-5.27681
-5.27571
-5.27749
-5.27812
-5.2794
-5.28114
-5.28278
-5.28276
-5.28309
-5.28364
-5.284
-5.28404
-5.28415
-5.28108
-5.28024
-5.27999
-5.27912
-5.27581
-5.27726
-5.27528
-5.27492
-5.27483
-5.27348
-5.27646
-5.27547
-5.27444
-5.2746
-5.28001
-5.28107
-5.28212
-5.2841
-5.28611
-5.28602
-5.28751
-5.28643
-5.28511
-5.28523
-5.28354
-5.28231
-5.28046
-5.27982
-5.27806
-5.27585
-5.27621
-5.27698
-5.27719
-5.27615
-5.27548
-5.27749
-5.27772
-5.27907
-5.27924
-5.28037
-5.28136
-5.28082
-5.28194
-5.28089
-5.28009
-5.2819
-5.28057
-5.28001
-5.27958
-5.27862
-5.27977
-5.27946
-5.28027
-5.28342
-5.28329
-5.28307
-5.28145
-5.28103
-5.28045
-5.28159
-5.28048
-5.27999
-5.27988
-5.27674
-5.27271
-5.27281
-5.27456
-5.27737
-5.27776
-5.2774
-5.28055
-5.28192
-5.28572
-5.28926
-5.28921
-5.2889
-5.28772
-5.28684
-5.28558
-5.28261
-5.28078
-5.2792
-5.27792
-5.2766
-5.27499
-5.27445
-5.27562
-5.2781
-5.27854
-5.27744
-5.27917
-5.28158
-5.27961
-5.27833
-5.27683
-5.27951
-5.27852
-5.27802
-5.27732
-5.27789
-5.27878
-5.27821
-5.28102
-5.2811
-5.28221
-5.28149
-5.28195
-5.28035
-5.28015
-5.28057
-5.27995
-5.2819
-5.28044
-5.27929
-5.2751
-5.2745
-5.27696
-5.27894
-5.27941
-5.28075
-5.27912
-5.28073
-5.28021
-5.27858
-5.27698
-5.27954
-5.2797
-5.2763
-5.27387
-5.27489
-5.27565
-5.27694
-5.27705
-5.27564
-5.27542
-5.27555
-5.27747
-5.27799
-5.27867
-5.27937
-5.28257
-5.28235
-5.28033
-5.28038
-5.27988
-5.2795
-5.28033
-5.27899
-5.2796
-5.27938
-5.27995
-5.28079
-5.28324
-5.28449
-5.28285
-5.28072
-5.28178
-5.28418
-5.28324
-5.28368
-5.28477
-5.28374
-5.28216
-5.28192
-5.28247
-5.28367
-5.28652
-5.28526
-5.28399
-5.28147
-5.27785
-5.27721
-5.27777
-5.27705
-5.27988
-5.28162
-5.28206
-5.28423
-5.28576
-5.28217
-5.28299
-5.28314
-5.28451
-5.2837
-5.28299
-5.28222
-5.28192
-5.28058
-5.27849
-5.27974
-5.27967
-5.27989
-5.2775
-5.27677
-5.27634
-5.27549
-5.27746
-5.27782
-5.27927
-5.28029
-5.28281
-5.28261
-5.28317
-5.28187
-5.28322
-5.28428
-5.28401
-5.2852
-5.28575
-5.28394
-5.28436
-5.28007
-5.2791
-5.27909
-5.27978
-5.28104
-5.2823
-5.28465
-5.28451
-5.28326
-5.28237
-5.28096
-5.28001
-5.27905
-5.27855
-5.27676
-5.27533
-5.27667
-5.2775
-5.27838
-5.27816
-5.27841
-5.2805
-5.28163
-5.28266
-5.28389
-5.28211
-5.28024
-5.27957
-5.28206
-5.28162
-5.28377
-5.28268
-5.28477
-5.28413
-5.28365
-5.28268
-5.2829
-5.28175
-5.28221
-5.2804
-5.28089
-5.28178
-5.27993
-5.27865
-5.2796
-5.28012
-5.28199
-5.28147
-5.28037
-5.27998
-5.27845
-5.2766
-5.27787
-5.28135
-5.28182
-5.28172
-5.28221
-5.2848
-5.28101
-5.28022
-5.2789
-5.27934
-5.27672
-5.27787
-5.27797
-5.27713
-5.27646
-5.27736
-5.27636
-5.27765
-5.28049
-5.28048
-5.28239
-5.28425
-5.28384
-5.28439
-5.28415
-5.28232
-5.28049
-5.28143
-5.28191
-5.28149
-5.28069
-5.28155
-5.28166
-5.28067
-5.2821
-5.28005
-5.28097
-5.28329
-5.28412
-5.28322
-5.28228
-5.28072
-5.27995
-5.28099
-5.28004
-5.2807
-5.28094
-5.27971
-5.27985
-5.28164
-5.27929
-5.28088
-5.28247
-5.28298
-5.28269
-5.28062
-5.27978
-5.28125
-5.28322
-5.2844
-5.284
-5.28533
-5.28238
-5.28192
-5.2812
-5.2807
-5.28089
-5.28055
-5.28033
-5.2799
-5.27669
-5.27595
-5.27612
-5.2779
-5.27859
-5.27868
-5.2796
-5.28086
-5.28147
-5.28282
-5.28184
-5.28191
-5.28473
-5.28412
-5.28197
-5.28277
-5.28134
-5.28151
-5.28226
-5.28094
-5.27945
-5.28037
-5.28024
-5.28203
-5.28131
-5.28105
-5.28006
-5.28153
-5.28181
-5.28304
-5.28188
-5.28
-5.28005
-5.2811
-5.2796
-5.27843
-5.28011
-5.28167
-5.28281
-5.28137
-5.27843
-5.27856
-5.28008
-5.27963
-5.27847
-5.27885
-5.27689
-5.27874
-5.27693
-5.27691
-5.2761
-5.27682
-5.27727
-5.2786
-5.28002
-5.28127
-5.28154
-5.28278
-5.28246
-5.2834
-5.28505
-5.2862
-5.28468
-5.28344
-5.28478
-5.28515
-5.28423
-5.28366
-5.2838
-5.28378
-5.28562
-5.28509
-5.2847
-5.28685
-5.28687
-5.28659
-5.28468
-5.28246
-5.28034
-5.28038
-5.28015
-5.27986
-5.27874
-5.27921
-5.27921
-5.28096
-5.28075
-5.27863
-5.27756
-5.27584
-5.27605
-5.27558
-5.27731
-5.27684
-5.27724
-5.27798
-5.27958
-5.28255
-5.28276
-5.28201
-5.27969
-5.27849
-5.27975
-5.28134
-5.28149
-5.28128
-5.28078
-5.28094
-5.28037
-5.28028
-5.27964
-5.28262
-5.28331
-5.28289
-5.28476
-5.28395
-5.28593
-5.2834
-5.28211
-5.2807
-5.27774
-5.27748
-5.27694
-5.27698
-5.27745
-5.27783
-5.27857
-5.27928
-5.28074
-5.27989
-5.27977
-5.28035
-5.28158
-5.28244
-5.28333
-5.28272
-5.28228
-5.28165
-5.28392
-5.286
-5.28549
-5.28468
-5.2814
-5.27778
-5.27819
-5.28141
-5.28029
-5.28024
-5.27986
-5.28106
-5.28089
-5.28073
-5.27869
-5.27972
-5.28002
-5.27968
-5.27934
-5.27791
-5.27931
-5.28006
-5.28226
-5.28299
-5.28173
-5.2809
-5.2784
-5.27923
-5.27672
-5.27837
-5.28162
-5.28057
-5.28229
-5.28115
-5.28293
-5.28277
-5.28358
-5.28279
-5.28385
-5.28497
-5.28179
-5.28082
-5.27995
-5.27975
-5.27973
-5.27736
-5.27744
-5.27826
-5.27684
-5.27669
-5.27786
-5.2762
-5.27695
-5.27688
-5.27657
-5.27666
-5.27652
-5.27882
-5.27942
-5.28251
-5.28436
-5.28442
-5.28798
-5.28679
-5.28694
-5.28589
-5.28314
-5.28243
-5.27818
-5.27808
-5.27749
-5.27687
-5.27658
-5.28067
-5.27917
-5.28089
-5.28177
-5.28146
-5.28259
-5.28288
-5.28361
-5.28504
-5.28391
-5.28282
-5.28158
-5.27806
-5.27663
-5.27582
-5.27635
-5.27796
-5.27739
-5.27943
-5.28034
-5.2809
-5.28154
-5.28275
-5.28352
-5.28416
-5.28513
-5.28494
-5.28249
-5.28242
-5.2822
-5.28048
-5.27978
-5.28166
-5.27936
-5.27845
-5.27902
-5.2805
-5.2803
-5.28062
-5.28098
-5.28123
-5.28192
-5.28144
-5.28016
-5.28036
-5.28144
-5.27988
-5.27834
-5.27986
-5.27896
-5.28005
-5.282
-5.2815
-5.28156
-5.28075
-5.28148
-5.2809
-5.27992
-5.28393
-5.28399
-5.28442
-5.28567
-5.28317
-5.27803
-5.27855
-5.27818
-5.27745
-5.27747
-5.27605
-5.27676
-5.27853
-5.2798
-5.28024
-5.28212
-5.28332
-5.28325
-5.28149
-5.27993
-5.27754
-5.27547
-5.27543
-5.27618
-5.27608
-5.27566
-5.27729
-5.27748
-5.27705
-5.27826
-5.28019
-5.28296
-5.28246
-5.2836
-5.28476
-5.28683
-5.28879
-5.28648
-5.28648
-5.28732
-5.28352
-5.28343
-5.28366
-5.28379
-5.28352
-5.28519
-5.28431
-5.28318
-5.28109
-5.28021
-5.27977
-5.28034
-5.28129
-5.28336
-5.28282
-5.28112
-5.27842
-5.27701
-5.2782
-5.27837
-5.28073
-5.28068
-5.28141
-5.28213
-5.28043
-5.28133
-5.28089
-5.28173
-5.28233
-5.28251
-5.28272
-5.2827
-5.27992
-5.28019
-5.28122
-5.28199
-5.28017
-5.27927
-5.28019
-5.281
-5.28074
-5.27939
-5.27952
-5.27796
-5.27514
-5.27672
-5.27536
-5.27597
-5.27617
-5.27705
-5.28004
-5.27887
-5.27946
-5.28127
-5.28086
-5.28116
-5.27917
-5.27839
-5.2782
-5.27967
-5.27808
-5.27989
-5.27949
-5.28088
-5.27939
-5.27861
-5.27777
-5.27581
-5.27551
-5.27722
-5.27828
-5.27849
-5.28184
-5.2811
-5.28014
-5.28193
-5.27975
-5.2788
-5.27876
-5.27865
-5.27786
-5.27997
-5.28237
-5.28438
-5.28401
-5.28252
-5.28053
-5.27999
-5.27902
-5.27516
-5.27575
-5.27516
-5.27547
-5.27475
-5.27607
-5.27787
-5.28013
-5.28
-5.27767
-5.28
-5.28144
-5.28041
-5.27881
-5.28084
-5.28194
-5.28408
-5.28328
-5.28058
-5.27929
-5.27976
-5.28066
-5.27945
-5.27601
-5.27549
-5.27781
-5.28045
-5.28061
-5.2813
-5.28108
-5.28213
-5.2821
-5.28246
-5.2808
-5.28163
-5.28144
-5.2814
-5.2814
-5.28036
-5.28031
-5.27894
-5.27936
-5.27877
-5.27765
-5.2769
-5.27817
-5.2774
-5.27763
-5.27833
-5.27953
-5.27957
-5.28198
-5.28157
-5.28223
-5.28101
-5.2817
-5.28288
-5.28025
-5.2807
-5.28339
-5.28264
-5.28004
-5.28134
-5.28157
-5.28138
-5.28174
-5.28075
-5.28105
-5.28073
-5.28044
-5.28114
-5.28223
-5.28122
-5.2812
-5.28235
-5.28308
-5.28384
-5.28618
-5.28674
-5.2872
-5.28685
-5.28678
-5.28397
-5.28453
-5.28353
-5.28284
-5.28068
-5.28041
-5.27942
-5.27853
-5.27847
-5.27867
-5.27893
-5.28047
-5.27879
-5.27814
-5.27894
-5.28001
-5.28082
-5.27788
-5.27839
-5.27982
-5.27992
-5.28161
-5.28186
-5.2837
-5.28336
-5.28398
-5.28493
-5.28433
-5.28096
-5.27874
-5.27838
-5.27674
-5.27779
-5.27812
-5.27846
-5.27819
-5.28015
-5.27997
-5.28232
-5.28379
-5.28264
-5.28215
-5.28179
-5.28076
-5.28021
-5.27921
-5.28033
-5.27924
-5.28098
-5.27997
-5.28199
-5.28221
-5.28166
-5.28041
-5.27954
-5.28011
-5.27961
-5.28099
-5.27969
-5.28049
-5.28201
-5.28288
-5.28418
-5.28664
-5.28602
-5.2875
-5.28682
-5.28604
-5.28564
-5.28306
-5.28217
-5.28061
-5.28139
-5.28027
-5.28135
-5.28291
-5.28295
-5.28501
-5.28676
-5.28522
-5.2855
-5.28439
-5.28646
-5.28692
-5.2845
-5.28238
-5.28088
-5.27995
-5.27762
-5.27738
-5.27789
-5.27854
-5.27625
-5.27475
-5.27417
-5.27322
-5.27443
-5.27671
-5.2774
-5.27874
-5.28008
-5.28044
-5.28075
-5.28031
-5.28105
-5.28234
-5.28135
-5.28362
-5.28111
-5.28219
-5.28229
-5.28036
-5.28154
-5.28158
-5.27984
-5.27829
-5.28023
-5.2793
-5.27978
-5.27917
-5.2817
-5.28185
-5.28344
-5.28153
-5.28213
-5.28294
-5.28194
-5.2818
-5.28359
-5.28258
-5.28114
-5.28027
-5.28062
-5.28115
-5.2821
-5.28297
-5.2832
-5.28385
-5.28352
-5.28101
-5.27917
-5.27871
-5.27811
-5.27766
-5.27673
-5.27672
-5.2782
-5.28079
-5.28266
-5.28146
-5.28469
-5.28434
-5.28377
-5.28504
-5.28434
-5.28431
-5.28332
-5.28266
-5.28138
-5.2815
-5.28126
-5.27916
-5.27907
-5.2811
-5.28008
-5.28094
-5.27977
-5.28092
-5.28174
-5.28344
-5.28192
-5.28163
-5.28048
-5.28218
-5.28247
-5.28138
-5.28026
-5.28145
-5.28169
-5.28095
-5.28214
-5.28197
-5.2801
-5.2787
-5.27967
-5.27979
-5.27946
-5.27887
-5.27881
-5.28
-5.2795
-5.2801
-5.27966
-5.28258
-5.28269
-5.28169
-5.27951
-5.28132
-5.28244
-5.28402
-5.28553
-5.28652
-5.28492
-5.28288
-5.28025
-5.27942
-5.28013
-5.27791
-5.27515
-5.2756
-5.27527
-5.27616
-5.27686
-5.27704
-5.27857
-5.27799
-5.27821
-5.27872
-5.27715
-5.2772
-5.28088
-5.28102
-5.28112
-5.2815
-5.28169
-5.28162
-5.28046
-5.28191
-5.28039
-5.2789
-5.2781
-5.27852
-5.27799
-5.27688
-5.27616
-5.27647
-5.27944
-5.2799
-5.27973
-5.28079
-5.28002
-5.28124
-5.2828
-5.2834
-5.2818
-5.28459
-5.28219
-5.2796
-5.27764
-5.27513
-5.27603
-5.27512
-5.27552
-5.27569
-5.27862
-5.27866
-5.27896
-5.2773
-5.27696
-5.27677
-5.27423
-5.27693
-5.27847
-5.28087
-5.28256
-5.28351
-5.28202
-5.28182
-5.28208
-5.28172
-5.28076
-5.27769
-5.27664
-5.27556
-5.27679
-5.27762
-5.27647
-5.27699
-5.27779
-5.27761
-5.27655
-5.2783
-5.2775
-5.2792
-5.27871
-5.28064
-5.28104
-5.28003
-5.28155
-5.28056
-5.27837
-5.27935
-5.28039
-5.28123
-5.28339
-5.28448
-5.28568
-5.28531
-5.28435
-5.28188
-5.28248
-5.282
-5.28145
-5.28062
-5.27796
-5.2768
-5.2762
-5.27554
-5.27738
-5.27773
-5.27812
-5.27972
-5.27797
-5.27548
-5.27524
-5.2763
-5.27673
-5.27581
-5.27669
-5.27839
-5.28062
-5.27997
-5.27946
-5.28051
-5.28021
-5.27919
-5.28026
-5.28135
-5.28006
-5.28144
-5.28021
-5.28088
-5.28124
-5.2801
-5.27862
-5.27892
-5.2763
-5.27703
-5.27954
-5.2838
-5.28382
-5.28419
-5.28683
-5.28634
-5.2866
-5.28713
-5.28553
-5.28324
-5.28228
-5.28589
-5.28366
-5.28269
-5.28128
-5.27876
-5.27909
-5.27729
-5.27647
-5.27444
-5.27571
-5.27829
-5.28014
-5.28083
-5.28145
-5.28312
-5.28225
-5.28212
-5.28251
-5.2825
-5.28374
-5.28328
-5.28364
-5.2832
-5.28397
-5.28512
-5.2855
-5.28456
-5.28136
-5.28069
-5.27915
-5.27947
-5.27987
-5.28225
-5.28181
-5.27992
-5.27953
-5.2794
-5.27798
-5.2773
-5.27902
-5.28022
-5.28182
-5.2825
-5.28192
-5.28365
-5.28184
-5.28033
-5.27938
-5.27887
-5.27783
-5.277
-5.27622
-5.27757
-5.27784
-5.27762
-5.27845
-5.28062
-5.28029
-5.27944
-5.28165
-5.28074
-5.28182
-5.28155
-5.28367
-5.28451
-5.28433
-5.28376
-5.28191
-5.27991
-5.27859
-5.27941
-5.28027
-5.27991
-5.27961
-5.28091
-5.28011
-5.28032
-5.28138
-5.28192
-5.28248
-5.28335
-5.28321
-5.28179
-5.28052
-5.27863
-5.2783
-5.2778
-5.27757
-5.27885
-5.27948
-5.28133
-5.2805
-5.28233
-5.2849
-5.28444
-5.28306
-5.2812
-5.27832
-5.2775
-5.27798
-5.27618
-5.27526
-5.27654
-5.27863
-5.28272
-5.284
-5.28459
-5.28341
-5.28217
-5.28217
-5.2798
-5.28002
-5.27794
-5.27744
-5.27659
-5.27738
-5.27916
-5.27893
-5.28038
-5.2797
-5.27931
-5.28044
-5.27993
-5.27987
-5.28069
-5.27953
-5.27769
-5.27613
-5.27652
-5.27826
-5.27624
-5.27666
-5.27626
-5.27861
-5.2789
-5.27849
-5.2776
-5.28023
-5.27999
-5.27913
-5.27871
-5.28083
-5.28001
-5.27881
-5.27623
-5.27458
-5.27621
-5.27638
-5.27584
-5.27587
-5.27671
-5.27948
-5.28046
-5.28124
-5.28024
-5.27819
-5.27937
-5.278
-5.2776
-5.27876
-5.28014
-5.28331
-5.28244
-5.28254
-5.28408
-5.28399
-5.28095
-5.28032
-5.27934
-5.27934
-5.28241
-5.28379
-5.28329
-5.28284
-5.28419
-5.28251
-5.28057
-5.2779
-5.27588
-5.2739
-5.27455
-5.27302
-5.27584
-5.27534
-5.27254
-5.27459
-5.27499
-5.27459
-5.27516
-5.27719
-5.27729
-5.27865
-5.27742
-5.2763
-5.27675
-5.27409
-5.27591
-5.27449
-5.27592
-5.27644
-5.2759
-5.27549
-5.27878
-5.28225
-5.28239
-5.28413
-5.28102
-5.2815
-5.28303
-5.284
-5.28183
-5.2839
-5.28301
-5.28554
-5.28368
-5.28257
-5.28423
-5.28223
-5.28058
-5.27939
-5.27875
-5.27845
-5.27758
-5.27872
-5.27878
-5.27881
-5.27882
-5.27864
-5.27992
-5.27862
-5.27819
-5.27974
-5.27558
-5.27518
-5.27312
-5.27394
-5.27597
-5.27491
-5.27428
-5.27661
-5.2776
-5.27842
-5.27893
-5.282
-5.27927
-5.28096
-5.28079
-5.28115
-5.28206
-5.28019
-5.28063
-5.28299
-5.28243
-5.28355
-5.28477
-5.2861
-5.28553
-5.28554
-5.28537
-5.28461
-5.28064
-5.28155
-5.27998
-5.27928
-5.27734
-5.27492
-5.27509
-5.27436
-5.27471
-5.27517
-5.27539
-5.27653
-5.2777
-5.27763
-5.27705
-5.27844
-5.27668
-5.27551
-5.2771
-5.27745
-5.27901
-5.27927
-5.27988
-5.28081
-5.28038
-5.27913
-5.28406
-5.28401
-5.28372
-5.2851
-5.28494
-5.28651
-5.28622
-5.28343
-5.28105
-5.27956
-5.27946
-5.27838
-5.27711
-5.27892
-5.27918
-5.27872
-5.28063
-5.28476
-5.28419
-5.28434
-5.2836
-5.28271
-5.28243
-5.28256
-5.28277
-5.28198
-5.28067
-5.28232
-5.28371
-5.28375
-5.28262
-5.2824
-5.28245
-5.28105
-5.27904
-5.27928
-5.27786
-5.27736
-5.27739
-5.27888
-5.27857
-5.27845
-5.27797
-5.27696
-5.27748
-5.278
-5.27978
-5.27918
-5.28027
-5.2813
-5.28018
-5.28198
-5.28279
-5.28426
-5.2839
-5.28416
-5.28192
-5.2818
-5.28057
-5.28111
-5.28145
-5.28385
-5.28503
-5.28563
-5.28492
-5.28412
-5.28288
-5.28186
-5.28247
-5.28291
-5.28355
-5.28433
-5.28283
-5.28279
-5.28316
-5.28327
-5.28117
-5.27753
-5.27564
-5.27657
-5.27568
-5.27608
-5.27722
-5.27942
-5.27969
-5.28122
-5.28235
-5.28229
-5.28308
-5.28349
-5.284
-5.28561
-5.28594
-5.28367
-5.2842
-5.28149
-5.28092
-5.28167
-5.28293
-5.28273
-5.27929
-5.28119
-5.2808
-5.28198
-5.28269
-5.2837
-5.28481
-5.28618
-5.28615
-5.28379
-5.27989
-5.27819
-5.27691
-5.27486
-5.27205
-5.27328
-5.27461
-5.27407
-5.27365
-5.27377
-5.2752
-5.27771
-5.27897
-5.27816
-5.27825
-5.27864
-5.27886
-5.27918
-5.27935
-5.27688
-5.27777
-5.27923
-5.27852
-5.27933
-5.27723
-5.27975
-5.2791
-5.27842
-5.28137
-5.2816
-5.28258
-5.28109
-5.28105
-5.27901
-5.27959
-5.28129
-5.28127
-5.28176
-5.28293
-5.28396
-5.28407
-5.28322
-5.28336
-5.28296
-5.28116
-5.28231
-5.27941
-5.28195
-5.28025
-5.27845
-5.27682
-5.27754
-5.279
-5.2793
-5.28097
-5.28036
-5.28155
-5.28061
-5.28143
-5.28172
-5.28373
-5.28454
-5.28481
-5.28238
-5.28326
-5.28212
-5.28105
-5.27971
-5.27993
-5.28183
-5.28163
-5.28336
-5.2831
-5.2812
-5.2814
-5.27777
-5.27862
-5.27791
-5.27856
-5.28164
-5.28173
-5.28256
-5.28127
-5.27965
-5.27878
-5.27776
-5.27917
-5.28064
-5.28304
-5.28266
-5.28364
-5.28437
-5.282
-5.28182
-5.28202
-5.28201
-5.28278
-5.28107
-5.2785
-5.27772
-5.27785
-5.27997
-5.28204
-5.28382
-5.28502
-5.28444
-5.28524
-5.28455
-5.28279
-5.27978
-5.27702
-5.27862
-5.27706
-5.27674
-5.27898
-5.2781
-5.27965
-5.28048
-5.27818
-5.27819
-5.27924
-5.27884
-5.27966
-5.27915
-5.28155
-5.28073
-5.28223
-5.2822
-5.28262
-5.28086
-5.27978
-5.27995
-5.27937
-5.27738
-5.27763
-5.27563
-5.27597
-5.27702
-5.27745
-5.27688
-5.27727
-5.27731
-5.278
-5.27903
-5.27778
-5.27747
-5.27964
-5.28066
-5.27823
-5.28023
-5.27973
-5.27886
-5.28029
-5.27939
-5.27989
-5.28038
-5.28019
-5.28029
-5.2794
-5.27879
-5.27909
-5.28028
-5.27809
-5.28186
-5.28277
-5.28178
-5.28053
-5.2804
-5.27959
-5.27731
-5.27505
-5.27429
-5.27414
-5.27451
-5.27515
-5.2774
-5.27808
-5.28035
-5.28065
-5.27776
-5.2763
-5.27834
-5.27912
-5.28259
-5.28287
-5.28109
-5.27971
-5.27967
-5.2775
-5.27826
-5.27594
-5.2752
-5.2777
-5.28046
-5.27885
-5.27954
-5.27756
-5.27777
-5.27826
-5.27779
-5.27866
-5.27959
-5.27929
-5.27906
-5.2825
-5.28506
-5.28447
-5.28779
-5.28747
-5.28757
-5.28562
-5.28345
-5.28204
-5.28126
-5.28077
-5.27953
-5.27839
-5.27771
-5.27778
-5.27912
-5.27835
-5.27959
-5.27895
-5.28033
-5.28211
-5.28225
-5.28155
-5.28376
-5.28203
-5.28062
-5.28096
-5.27966
-5.27942
-5.28097
-5.28075
-5.28102
-5.2817
-5.27984
-5.28021
-5.28018
-5.28035
-5.28043
-5.28114
-5.28262
-5.28181
-5.28036
-5.27988
-5.28021
-5.28176
-5.2811
-5.28393
-5.28402
-5.28534
-5.28416
-5.28333
-5.28268
-5.28198
-5.28342
-5.28108
-5.27978
-5.28054
-5.28078
-5.28245
-5.28283
-5.28244
-5.28373
-5.28377
-5.28132
-5.27849
-5.27738
-5.27619
-5.2769
-5.27553
-5.2752
-5.27451
-5.27503
-5.27582
-5.27531
-5.27581
-5.27603
-5.27853
-5.28133
-5.28177
-5.28171
-5.28143
-5.28
-5.27848
-5.27934
-5.27755
-5.27707
-5.27723
-5.27855
-5.28216
-5.28565
-5.28504
-5.28551
-5.2839
-5.2852
-5.28304
-5.2842
-5.28466
-5.2846
-5.28719
-5.28628
-5.28742
-5.28842
-5.28612
-5.28387
-5.28176
-5.28089
-5.28105
-5.28099
-5.28041
-5.27857
-5.2805
-5.28148
-5.27941
-5.28101
-5.28041
-5.28398
-5.28544
-5.28475
-5.28328
-5.28192
-5.28252
-5.27914
-5.27967
-5.2787
-5.27778
-5.27814
-5.27962
-5.27986
-5.28107
-5.28258
-5.28376
-5.28428
-5.28475
-5.28474
-5.28485
-5.28341
-5.28078
-5.28032
-5.28056
-5.28062
-5.27924
-5.27993
-5.28128
-5.28222
-5.28041
-5.2817
-5.2813
-5.27898
-5.27677
-5.2773
-5.27835
-5.278
-5.27785
-5.27847
-5.28009
-5.28199
-5.28097
-5.28154
-5.28397
-5.28455
-5.28454
-5.28559
-5.28357
-5.28342
-5.28319
-5.2819
-5.2796
-5.27828
-5.28027
-5.28015
-5.27862
-5.28025
-5.27953
-5.28089
-5.28
-5.27937
-5.28062
-5.28247
-5.28433
-5.28365
-5.28373
-5.28097
-5.28272
-5.28501
-5.28777
-5.28646
-5.28661
-5.28533
-5.28715
-5.28626
-5.283
-5.28096
-5.28018
-5.27815
-5.27793
-5.27932
-5.27917
-5.27842
-5.28051
-5.28294
-5.28199
-5.28303
-5.28182
-5.27938
-5.28011
-5.28163
-5.28081
-5.28016
-5.28072
-5.2807
-5.28081
-5.28222
-5.28282
-5.28461
-5.28361
-5.28422
-5.28565
-5.28562
-5.28681
-5.28537
-5.284
-5.2827
-5.28177
-5.28146
-5.28139
-5.28024
-5.27679
-5.27659
-5.27746
-5.27774
-5.27835
-5.27953
-5.27932
-5.28035
-5.27753
-5.2781
-5.27982
-5.28072
-5.28166
-5.28316
-5.28222
-5.28139
-5.27748
-5.27585
-5.27764
-5.27779
-5.27887
-5.27973
-5.28081
-5.2804
-5.28017
-5.27959
-5.28101
-5.28282
-5.28431
-5.2857
-5.28562
-5.28563
-5.28379
-5.28146
-5.27916
-5.27769
-5.2759
-5.27703
-5.2784
-5.27886
-5.28185
-5.28148
-5.27942
-5.27964
-5.2793
-5.27868
-5.27963
-5.28073
-5.27904
-5.27983
-5.28123
-5.28233
-5.28342
-5.28094
-5.2813
-5.28258
-5.28122
-5.28112
-5.27969
-5.27824
-5.28
-5.28015
-5.27882
-5.27973
-5.27981
-5.28172
-5.28242
-5.28323
-5.28379
-5.28421
-5.28319
-5.2844
-5.28178
-5.28153
-5.28236
-5.28175
-5.28339
-5.28327
-5.28321
-5.28298
-5.28122
-5.28356
-5.28334
-5.28334
-5.28446
-5.28052
-5.28188
-5.2811
-5.28213
-5.28112
-5.28136
-5.27864
-5.27876
-5.27945
-5.27913
-5.2785
-5.27934
-5.27788
-5.27907
-5.27932
-5.28075
-5.28119
-5.27921
-5.28127
-5.28156
-5.28046
-5.28055
-5.28181
-5.28004
-5.27788
-5.277
-5.27902
-5.27974
-5.27979
-5.27953
-5.2797
-5.28067
-5.28151
-5.28151
-5.27926
-5.27953
-5.28194
-5.2797
-5.2793
-5.27725
-5.27686
-5.27556
-5.27629
-5.27868
-5.28073
-5.28083
-5.28225
-5.28147
-5.27977
-5.27965
-5.27971
-5.27959
-5.28061
-5.27895
-5.27758
-5.2785
-5.27877
-5.28165
-5.28065
-5.27807
-5.27755
-5.27754
-5.28004
-5.27915
-5.27994
-5.28029
-5.28043
-5.281
-5.28248
-5.28013
-5.28088
-5.28146
-5.28077
-5.28062
-5.28026
-5.27908
-5.27978
-5.28084
-5.27936
-5.27951
-5.27903
-5.27995
-5.27947
-5.28051
-5.28423
-5.28265
-5.28439
-5.28364
-5.28375
-5.28355
-5.28439
-5.28309
-5.28286
-5.28364
-5.28115
-5.28113
-5.2819
-5.28125
-5.28057
-5.27999
-5.28081
-5.28075
-5.28076
-5.28018
-5.28099
-5.28187
-5.28369
-5.28513
-5.28693
-5.28599
-5.2853
-5.28442
-5.28502
-5.2849
-5.2846
-5.28483
-5.28611
-5.28544
-5.28462
-5.28506
-5.28323
-5.28104
-5.28169
-5.28061
-5.28065
-5.28275
-5.28108
-5.28301
-5.28479
-5.28516
-5.28427
-5.28313
-5.28329
-5.28339
-5.28268
-5.28359
-5.2797
-5.27941
-5.28101
-5.28109
-5.28111
-5.2816
-5.28159
-5.27984
-5.27809
-5.27741
-5.27684
-5.27564
-5.27596
-5.27817
-5.2785
-5.27846
-5.2794
-5.28024
-5.27973
-5.27764
-5.28033
-5.27944
-5.27934
-5.28051
-5.28081
-5.27805
-5.27733
-5.27761
-5.2782
-5.281
-5.28087
-5.27944
-5.27893
-5.27833
-5.27959
-5.27991
-5.2797
-5.27933
-5.27968
-5.2787
-5.27923
-5.27838
-5.27692
-5.27624
-5.27802
-5.27903
-5.28286
-5.28299
-5.28327
-5.28226
-5.28364
-5.28333
-5.28155
-5.28099
-5.28121
-5.28242
-5.28184
-5.28308
-5.28416
-5.28245
-5.28249
-5.28294
-5.28344
-5.28229
-5.28109
-5.2792
-5.27994
-5.2814
-5.28291
-5.28348
-5.28152
-5.28224
-5.28366
-5.28523
-5.28413
-5.28356
-5.28404
-5.28226
-5.282
-5.28204
-5.28233
-5.28143
-5.28142
-5.28122
-5.27947
-5.27786
-5.27781
-5.27911
-5.27802
-5.27826
-5.27509
-5.27377
-5.2755
-5.27651
-5.27909
-5.28104
-5.28057
-5.28122
-5.28142
-5.28163
-5.28037
-5.28159
-5.28078
-5.27926
-5.27806
-5.27565
-5.27602
-5.27439
-5.27754
-5.27762
-5.28006
-5.27804
-5.27876
-5.27619
-5.27973
-5.27856
-5.27856
-5.28078
-5.28185
-5.28309
-5.28136
-5.27975
-5.27804
-5.2783
-5.27898
-5.27692
-5.27578
-5.27688
-5.27664
-5.27787
-5.27624
-5.27524
-5.27717
-5.27727
-5.2779
-5.27872
-5.27962
-5.28041
-5.28256
-5.28279
-5.28176
-5.28175
-5.28479
-5.28747
-5.28636
-5.28615
-5.28491
-5.28415
-5.28364
-5.28387
-5.28309
-5.28367
-5.2819
-5.28057
-5.28147
-5.27978
-5.279
-5.27878
-5.27765
-5.279
-5.27872
-5.28233
-5.2803
-5.2804
-5.28124
-5.28147
-5.28029
-5.2802
-5.2817
-5.28013
-5.28301
-5.28119
-5.28412
-5.28308
-5.2814
-5.28191
-5.28014
-5.2824
-5.28301
-5.28597
-5.2852
-5.28517
-5.28607
-5.28479
-5.28543
-5.28124
-5.28014
-5.2794
-5.27725
-5.27349
-5.27205
-5.2736
-5.27457
-5.27815
-5.27843
-5.27913
-5.27967
-5.28048
-5.27914
-5.27827
-5.28038
-5.28101
-5.2801
-5.28092
-5.28121
-5.28158
-5.28116
-5.28099
-5.28094
-5.27993
-5.27836
-5.27917
-5.28077
-5.28029
-5.28103
-5.28203
-5.28422
-5.28297
-5.28461
-5.28509
-5.28591
-5.28602
-5.28449
-5.28532
-5.2825
-5.28171
-5.28115
-5.27729
-5.27761
-5.27756
-5.27639
-5.27596
-5.27482
-5.27612
-5.27528
-5.27459
-5.27609
-5.27926
-5.27937
-5.28002
-5.28082
-5.28066
-5.27973
-5.27888
-5.279
-5.27813
-5.27954
-5.27852
-5.27918
-5.27725
-5.27849
-5.27973
-5.28086
-5.28284
-5.28337
-5.28319
-5.28289
-5.28348
-5.2818
-5.2815
-5.28235
-5.28056
-5.27881
-5.28044
-5.27805
-5.27786
-5.2773
-5.27705
-5.27968
-5.28087
-5.28234
-5.2845
-5.28559
-5.28338
-5.28518
-5.28467
-5.28456
-5.28358
-5.28372
-5.28269
-5.28023
-5.28049
-5.28018
-5.27889
-5.28176
-5.28231
-5.28214
-5.27992
-5.28209
-5.28249
-5.28151
-5.28052
-5.28061
-5.28113
-5.281
-5.28109
-5.28297
-5.28058
-5.28187
-5.28053
-5.27686
-5.27626
-5.27697
-5.27539
-5.27411
-5.27387
-5.27593
-5.27767
-5.27642
-5.27989
-5.28123
-5.28305
-5.28408
-5.28242
-5.28138
-5.28158
-5.28104
-5.27842
-5.27697
-5.27648
-5.2775
-5.27606
-5.27589
-5.276
-5.27781
-5.27999
-5.28252
-5.2836
-5.28413
-5.2822
-5.28149
-5.28118
-5.28113
-5.28178
-5.28129
-5.27716
-5.27557
-5.27464
-5.27602
-5.27519
-5.27823
-5.2798
-5.28027
-5.28099
-5.28408
-5.28472
-5.28504
-5.28263
-5.28669
-5.28791
-5.2866
-5.28665
-5.28607
-5.28295
-5.28153
-5.28092
-5.28083
-5.28224
-5.2845
-5.28399
-5.28261
-5.28124
-5.27882
-5.28111
-5.28195
-5.28041
-5.2808
-5.28098
-5.28264
-5.28353
-5.28611
-5.28697
-5.28725
-5.28588
-5.28413
-5.28145
-5.28216
-5.28222
-5.27953
-5.27844
-5.27937
-5.28168
-5.28136
-5.28246
-5.28155
-5.28149
-5.28328
-5.28534
-5.28379
-5.28498
-5.28359
-5.2812
-5.28114
-5.27896
-5.27735
-5.27869
-5.27563
-5.27574
-5.27456
-5.27597
-5.27704
-5.27668
-5.2767
-5.27693
-5.27758
-5.27831
-5.27921
-5.27912
-5.27783
-5.27828
-5.2791
-5.27925
-5.277
-5.27488
-5.27613
-5.2763
-5.27516
-5.27414
-5.27333
-5.27186
-5.27459
-5.27628
-5.27682
-5.27801
-5.28009
-5.28136
-5.28146
-5.28195
-5.28278
-5.28392
-5.28277
-5.28101
-5.27906
-5.27775
-5.27465
-5.27577
-5.27543
-5.27598
-5.27672
-5.27681
-5.27827
-5.27826
-5.2799
-5.27897
-5.28069
-5.27998
-5.28043
-5.2798
-5.281
-5.27919
-5.27993
-5.27974
-5.27836
-5.27843
-5.27615
-5.27638
-5.27783
-5.27948
-5.28023
-5.28189
-5.27949
-5.27947
-5.27994
-5.27937
-5.28009
-5.27986
-5.28127
-5.28102
-5.28069
-5.28053
-5.28245
-5.28125
-5.28215
-5.27972
-5.27856
-5.27716
-5.27758
-5.27677
-5.27712
-5.27993
-5.28203
-5.2804
-5.27986
-5.27801
-5.27832
-5.27662
-5.27586
-5.27491
-5.27727
-5.28045
-5.28103
-5.28211
-5.28328
-5.28387
-5.28262
-5.28191
-5.2806
-5.2801
-5.27884
-5.27935
-5.27823
-5.27961
-5.27694
-5.27644
-5.27788
-5.27941
-5.27907
-5.27644
-5.27722
-5.27588
-5.27538
-5.2746
-5.27753
-5.2762
-5.27807
-5.27861
-5.27905
-5.28218
-5.28497
-5.28433
-5.28243
-5.28092
-5.28409
-5.28554
-5.28205
-5.28131
-5.27971
-5.27729
-5.27411
-5.27416
-5.27401
-5.27539
-5.27257
-5.27496
-5.27634
-5.27588
-5.27795
-5.27729
-5.27851
-5.27752
-5.27769
-5.2774
-5.27857
-5.28009
-5.28152
-5.28308
-5.28273
-5.28435
-5.28637
-5.28562
-5.28444
-5.28415
-5.28219
-5.28211
-5.28165
-5.2815
-5.27982
-5.28031
-5.28117
-5.27864
-5.27981
-5.27997
-5.28237
-5.2831
-5.28199
-5.28257
-5.28078
-5.27942
-5.27902
-5.27746
-5.27973
-5.27816
-5.27676
-5.27624
-5.27844
-5.27985
-5.28173
-5.28158
-5.27832
-5.27881
-5.27834
-5.27866
-5.28086
-5.28013
-5.28005
-5.28194
-5.28227
-5.28109
-5.28013
-5.27912
-5.27811
-5.28069
-5.28092
-5.28126
-5.2825
-5.28096
-5.28209
-5.28396
-5.28303
-5.28126
-5.2812
-5.27928
-5.27783
-5.27793
-5.2781
-5.27812
-5.27807
-5.28025
-5.28212
-5.2818
-5.28256
-5.28182
-5.28556
-5.28503
-5.2866
-5.28739
-5.28729
-5.28452
-5.28383
-5.28196
-5.28177
-5.2793
-5.27922
-5.27767
-5.27913
-5.27892
-5.27927
-5.28081
-5.28001
-5.28231
-5.28144
-5.28178
-5.28318
-5.28424
-5.28393
-5.28159
-5.28114
-5.27779
-5.27619
-5.27788
-5.27665
-5.27628
-5.27553
-5.27619
-5.27664
-5.27794
-5.27932
-5.28057
-5.2806
-5.28063
-5.28235
-5.28392
-5.28365
-5.28349
-5.28403
-5.28344
-5.28227
-5.2807
-5.28019
-5.28179
-5.28197
-5.2817
-5.28218
-5.2843
-5.28281
-5.28195
-5.28152
-5.28165
-5.28363
-5.28411
-5.28196
-5.28358
-5.28157
-5.28213
-5.28237
-5.28096
-5.28302
-5.28397
-5.28378
-5.28283
-5.2841
-5.28284
-5.28235
-5.28303
-5.28353
-5.28504
-5.28381
-5.28421
-5.28106
-5.28254
-5.27946
-5.27788
-5.27632
-5.27612
-5.27626
-5.27632
-5.2785
-5.2801
-5.27906
-5.28046
-5.28101
-5.28097
-5.2826
-5.2846
-5.28438
-5.28293
-5.28127
-5.28013
-5.2803
-5.27741
-5.27421
-5.27306
-5.27361
-5.27574
-5.27606
-5.27678
-5.27796
-5.2781
-5.27782
-5.2782
-5.28023
-5.2801
-5.28199
-5.28175
-5.28182
-5.28108
-5.27896
-5.27782
-5.27996
-5.28001
-5.27811
-5.27541
-5.27586
-5.27749
-5.27653
-5.27918
-5.27994
-5.28111
-5.28101
-5.28078
-5.27883
-5.27994
-5.28027
-5.27902
-5.27901
-5.27962
-5.27905
-5.27835
-5.28108
-5.28063
-5.28009
-5.27998
-5.27804
-5.27689
-5.27628
-5.27633
-5.27522
-5.27373
-5.27322
-5.27535
-5.27587
-5.27666
-5.27915
-5.27985
-5.2824
-5.28117
-5.28179
-5.28059
-5.28005
-5.27835
-5.27778
-5.27575
-5.27582
-5.27766
-5.27833
-5.27902
-5.27994
-5.27969
-5.27927
-5.27876
-5.28051
-5.28068
-5.28276
-5.28121
-5.28146
-5.28061
-5.28036
-5.28078
-5.27906
-5.27881
-5.27875
-5.27756
-5.27813
-5.27875
-5.27969
-5.27928
-5.27982
-5.27882
-5.28089
-5.28218
-5.28161
-5.28328
-5.28281
-5.28278
-5.2832
-5.2857
-5.28378
-5.28386
-5.28174
-5.2817
-5.27906
-5.27764
-5.27959
-5.27925
-5.27908
-5.27938
-5.28067
-5.2805
-5.27894
-5.28143
-5.28268
-5.28255
-5.28465
-5.28342
-5.28553
-5.28531
-5.28194
-5.28281
-5.28502
-5.28451
-5.28342
-5.28288
-5.28456
-5.28715
-5.28466
-5.28405
-5.28324
-5.28214
-5.28298
-5.28196
-5.2802
-5.27889
-5.27815
-5.2796
-5.27927
-5.27934
-5.28045
-5.28162
-5.28224
-5.27975
-5.27997
-5.28061
-5.28131
-5.28131
-5.28118
-5.28053
-5.27839
-5.27899
-5.28107
-5.28078
-5.28076
-5.28203
-5.28039
-5.28165
-5.28185
-5.28385
-5.28022
-5.27877
-5.27737
-5.2752
-5.2766
-5.27586
-5.27849
-5.27923
-5.27824
-5.28048
-5.28255
-5.28335
-5.28478
-5.28589
-5.2855
-5.28307
-5.2849
-5.2862
-5.28663
-5.28701
-5.28622
-5.2858
-5.28542
-5.28706
-5.28627
-5.28416
-5.28415
-5.27987
-5.27849
-5.27901
-5.27593
-5.27701
-5.27544
-5.27695
-5.28044
-5.28317
-5.2828
-5.28381
-5.28271
-5.28342
-5.28179
-5.28077
-5.28003
-5.27854
-5.27853
-5.27968
-5.27847
-5.27954
-5.27843
-5.27914
-5.28009
-5.28028
-5.27997
-5.28005
-5.27978
-5.27909
-5.27761
-5.28151
-5.27924
-5.27933
-5.27965
-5.27991
-5.28125
-5.28211
-5.28451
-5.28478
-5.2814
-5.28073
-5.28044
-5.27978
-5.28051
-5.27941
-5.27963
-5.28097
-5.28093
-5.27968
-5.27909
-5.27758
-5.27751
-5.27862
-5.27711
-5.27719
-5.27603
-5.27729
-5.27821
-5.2779
-5.27796
-5.27919
-5.27973
-5.28067
-5.28225
-5.28031
-5.28086
-5.28114
-5.28257
-5.2825
-5.28523
-5.28636
-5.28351
-5.28161
-5.27989
-5.27735
-5.27649
-5.27588
-5.27718
-5.27666
-5.27914
-5.28067
-5.28198
-5.28109
-5.28137
-5.27787
-5.27796
-5.27795
-5.27605
-5.27586
-5.2783
-5.28094
-5.28228
-5.28179
-5.27969
-5.27931
-5.28076
-5.28062
-5.28149
-5.28173
-5.28031
-5.27945
-5.27981
-5.27922
-5.27937
-5.28131
-5.28144
-5.28042
-5.27924
-5.28174
-5.28197
-5.28105
-5.27943
-5.2806
-5.27906
-5.27788
-5.2766
-5.27486
-5.27455
-5.27421
-5.2758
-5.27724
-5.27792
-5.27919
-5.27928
-5.28132
-5.28205
-5.28143
-5.28013
-5.28189
-5.2821
-5.28189
-5.28133
-5.28292
-5.2859
-5.28621
-5.28627
-5.28694
-5.28659
-5.28275
-5.2827
-5.28144
-5.27908
-5.2779
-5.27954
-5.2801
-5.28019
-5.27819
-5.27763
-5.27787
-5.27629
-5.27577
-5.27666
-5.27603
-5.27701
-5.27747
-5.27782
-5.2786
-5.27855
-5.27557
-5.27636
-5.27727
-5.2778
-5.27612
-5.27673
-5.27569
-5.27743
-5.27991
-5.28204
-5.28274
-5.28354
-5.28347
-5.28254
-5.28021
-5.28047
-5.27958
-5.28021
-5.28206
-5.28216
-5.28527
-5.28474
-5.28469
-5.28634
-5.28611
-5.28152
-5.28014
-5.27919
-5.27972
-5.27915
-5.27899
-5.2814
-5.28083
-5.28224
-5.28153
-5.28256
-5.28231
-5.2828
-5.28324
-5.2843
-5.28255
-5.28173
-5.28135
-5.28183
-5.27901
-5.27775
-5.27807
-5.27767
-5.27773
-5.27815
-5.27884
-5.28071
-5.28243
-5.28362
-5.28523
-5.28699
-5.28573
-5.28217
-5.28281
-5.28123
-5.28168
-5.28224
-5.28326
-5.28045
-5.27952
-5.28033
-5.28122
-5.28187
-5.28009
-5.27732
-5.2753
-5.2749
-5.27499
-5.27593
-5.27666
-5.27826
-5.28344
-5.28398
-5.2843
-5.28525
-5.28543
-5.28516
-5.28288
-5.28263
-5.28139
-5.2822
-5.27998
-5.27892
-5.28031
-5.27861
-5.27636
-5.27676
-5.27782
-5.27949
-5.27851
-5.27744
-5.27696
-5.27583
-5.27769
-5.27773
-5.27859
-5.27895
-5.28073
-5.28129
-5.28216
-5.28328
-5.28329
-5.28444
-5.28353
-5.28712
-5.28489
-5.28397
-5.28465
-5.28397
-5.28187
-5.28153
-5.27931
-5.28136
-5.27962
-5.27939
-5.27667
-5.27799
-5.27755
-5.27664
-5.27701
-5.27711
-5.27937
-5.28035
-5.28153
-5.28298
-5.28535
-5.2854
-5.28539
-5.28471
-5.2837
-5.28396
-5.28584
-5.28641
-5.28372
-5.28162
-5.28133
-5.27957
-5.28157
-5.28129
-5.28337
-5.2814
-5.28094
-5.28075
-5.28182
-5.28151
-5.28357
-5.28592
-5.28652
-5.28369
-5.28424
-5.28272
-5.28276
-5.28371
-5.28524
-5.28376
-5.28479
-5.28516
-5.28427
-5.28117
-5.27882
-5.28019
-5.28172
-5.27947
-5.27914
-5.28188
-5.28179
-5.28438
-5.28584
-5.28238
-5.28247
-5.28317
-5.28308
-5.28094
-5.27876
-5.27739
-5.27634
-5.27682
-5.27673
-5.27928
-5.28126
-5.28093
-5.28344
-5.28403
-5.28589
-5.28517
-5.28492
-5.28764
-5.28553
-5.28536
-5.28408
-5.28387
-5.28512
-5.28564
-5.28666
-5.28465
-5.28446
-5.28421
-5.28298
-5.28472
-5.28136
-5.28036
-5.28138
-5.28015
-5.28109
-5.2809
-5.27762
-5.27554
-5.27838
-5.27791
-5.27692
-5.27772
-5.2792
-5.28175
-5.28411
-5.28706
-5.28628
-5.28692
-5.28609
-5.28423
-5.28287
-5.27902
-5.2768
-5.27729
-5.27498
-5.27588
-5.27532
-5.27386
-5.27444
-5.27513
-5.27624
-5.27736
-5.28
-5.28149
-5.28212
-5.28251
-5.28367
-5.28018
-5.27891
-5.28155
-5.28098
-5.28103
-5.28201
-5.28263
-5.28362
-5.2834
-5.28461
-5.28431
-5.28438
-5.28151
-5.2837
-5.28085
-5.28041
-5.27792
-5.27841
-5.27662
-5.27629
-5.27899
-5.28022
-5.27863
-5.2785
-5.27829
-5.27918
-5.2792
-5.28048
-5.28081
-5.282
-5.28358
-5.28477
-5.28514
-5.28396
-5.2841
-5.28364
-5.28067
-5.28013
-5.27792
-5.27868
-5.27829
-5.27687
-5.27677
-5.27649
-5.27505
-5.27423
-5.27823
-5.27831
-5.27915
-5.27758
-5.278
-5.27807
-5.27668
-5.27655
-5.27609
-5.27752
-5.27876
-5.2832
-5.28584
-5.28497
-5.28677
-5.28384
-5.2821
-5.28286
-5.28099
-5.2807
-5.28045
-5.28037
-5.27966
-5.28234
-5.28321
-5.28278
-5.286
-5.28712
-5.28755
-5.28391
-5.28359
-5.28307
-5.28249
-5.28142
-5.27945
-5.27842
-5.27613
-5.27681
-5.27749
-5.27845
-5.28097
-5.28246
-5.28117
-5.28341
-5.28314
-5.28408
-5.28229
-5.28078
-5.28106
-5.28043
-5.28034
-5.28073
-5.27895
-5.2782
-5.2795
-5.2787
-5.28132
-5.2793
-5.28
-5.28139
-5.283
-5.28339
-5.28344
-5.28246
-5.2844
-5.2826
-5.28023
-5.27818
-5.27666
-5.27601
-5.27673
-5.27782
-5.28122
-5.28184
-5.28222
-5.28277
-5.28009
-5.28049
-5.27924
-5.27772
-5.2773
-5.27712
-5.2767
-5.27749
-5.27832
-5.27946
-5.28002
-5.28119
-5.28352
-5.28386
-5.28286
-5.28105
-5.28353
-5.28341
-5.28245
-5.27982
-5.28076
-5.28135
-5.28107
-5.281
-5.27939
-5.27851
-5.27945
-5.27916
-5.27877
-5.27835
-5.2785
-5.28004
-5.28114
-5.28361
-5.28256
-5.28163
-5.28159
-5.27994
-5.28091
-5.28057
-5.28211
-5.28134
-5.28061
-5.28164
-5.27926
-5.27951
-5.28099
-5.28018
-5.28105
-5.27919
-5.27983
-5.27873
-5.28064
-5.28026
-5.27974
-5.28064
-5.28001
-5.28211
-5.28085
-5.28022
-5.27962
-5.28073
-5.2813
-5.28134
-5.28247
-5.28302
-5.28325
-5.28439
-5.28313
-5.28237
-5.28183
-5.28155
-5.2807
-5.27906
-5.27899
-5.2821
-5.28307
-5.28327
-5.28284
-5.28175
-5.27878
-5.27897
-5.28014
-5.28171
-5.2801
-5.28045
-5.28234
-5.28291
-5.28124
-5.28033
-5.27928
-5.27816
-5.2783
-5.27938
-5.28128
-5.28158
-5.28298
-5.28205
-5.28127
-5.28032
-5.28036
-5.27943
-5.28066
-5.28215
-5.28114
-5.2788
-5.27736
-5.27566
-5.27646
-5.27571
-5.27736
-5.27687
-5.2777
-5.27908
-5.2821
-5.28457
-5.28788
-5.29154
-5.29063
-5.29037
-5.288
-5.28562
-5.28466
-5.28267
-5.27856
-5.27416
-5.2736
-5.27413
-5.27596
-5.27623
-5.27755
-5.27725
-5.27771
-5.27965
-5.27911
-5.28139
-5.28173
-5.28347
-5.28235
-5.28265
-5.2823
-5.28031
-5.28213
-5.27978
-5.27909
-5.28118
-5.28031
-5.28019
-5.27918
-5.27968
-5.28058
-5.27976
-5.2799
-5.28138
-5.28381
-5.28412
-5.28626
-5.28735
-5.28726
-5.28341
-5.28117
-5.27976
-5.27708
-5.27419
-5.2718
-5.27253
-5.27128
-5.27132
-5.27138
-5.27205
-5.27385
-5.27699
-5.27814
-5.27987
-5.28056
-5.28086
-5.28073
-5.2814
-5.28022
-5.28038
-5.27867
-5.27969
-5.28131
-5.28143
-5.28116
-5.28017
-5.28058
-5.28218
-5.28164
-5.27998
-5.27928
-5.28097
-5.28155
-5.27908
-5.27799
-5.27689
-5.27604
-5.27637
-5.27602
-5.27698
-5.27576
-5.27526
-5.27449
-5.27408
-5.27302
-5.27255
-5.27491
-5.27647
-5.27819
-5.28039
-5.27954
-5.27958
-5.27802
-5.27757
-5.27677
-5.279
-5.28074
-5.28219
-5.28441
-5.28294
-5.28085
-5.2826
-5.28536
-5.28371
-5.28546
-5.28451
-5.28475
-5.2839
-5.28226
-5.28013
-5.28077
-5.28074
-5.28052
-5.27932
-5.27919
-5.28008
-5.27926
-5.27751
-5.27793
-5.27888
-5.28041
-5.28
-5.27901
-5.281
-5.28077
-5.2831
-5.28237
-5.27946
-5.27888
-5.27974
-5.27923
-5.27878
-5.2798
-5.28196
-5.28034
-5.27773
-5.27634
-5.27939
-5.27786
-5.27931
-5.278
-5.27788
-5.27928
-5.28248
-5.28284
-5.28444
-5.28429
-5.28426
-5.28307
-5.28039
-5.28106
-5.28024
-5.28022
-5.28015
-5.28016
-5.27879
-5.27965
-5.27886
-5.27987
-5.28156
-5.28116
-5.2819
-5.2819
-5.28157
-5.2806
-5.28088
-5.28041
-5.27981
-5.27912
-5.27807
-5.27578
-5.27461
-5.27525
-5.27483
-5.27596
-5.27964
-5.2807
-5.28327
-5.28424
-5.28495
-5.28681
-5.28903
-5.28872
-5.28725
-5.28546
-5.28355
-5.28118
-5.27858
-5.2769
-5.27807
-5.27873
-5.28124
-5.28053
-5.28033
-5.27859
-5.2788
-5.27799
-5.2807
-5.27988
-5.2786
-5.27865
-5.27569
-5.27594
-5.27684
-5.2751
-5.27652
-5.27786
-5.27883
-5.2807
-5.28269
-5.28328
-5.28514
-5.28326
-5.28216
-5.28128
-5.28077
-5.27912
-5.27936
-5.27902
-5.27824
-5.27812
-5.27905
-5.27936
-5.28145
-5.28255
-5.2812
-5.28225
-5.28155
-5.27925
-5.28159
-5.28304
-5.28288
-5.28517
-5.28531
-5.28456
-5.28427
-5.28258
-5.28218
-5.28124
-5.28118
-5.27884
-5.27783
-5.27617
-5.27508
-5.27671
-5.2764
-5.27821
-5.27818
-5.28147
-5.28164
-5.28395
-5.28299
-5.28236
-5.28331
-5.28124
-5.28029
-5.27953
-5.28033
-5.28142
-5.28058
-5.27777
-5.27853
-5.28003
-5.27983
-5.27838
-5.27796
-5.27849
-5.27947
-5.28164
-5.28356
-5.28286
-5.28144
-5.28129
-5.28088
-5.28131
-5.27912
-5.27796
-5.27631
-5.27556
-5.27261
-5.27462
-5.27473
-5.27662
-5.27619
-5.27361
-5.27529
-5.27775
-5.27687
-5.27986
-5.28189
-5.28198
-5.28234
-5.28128
-5.28231
-5.28379
-5.28217
-5.27951
-5.27949
-5.27864
-5.28028
-5.27857
-5.27924
-5.27765
-5.27759
-5.27778
-5.27704
-5.27584
-5.27495
-5.2747
-5.27754
-5.28096
-5.28113
-5.28027
-5.28007
-5.28066
-5.2793
-5.2767
-5.27776
-5.27565
-5.27745
-5.2783
-5.2782
-5.27913
-5.27857
-5.27848
-5.27851
-5.27859
-5.27928
-5.27895
-5.27989
-5.28181
-5.28107
-5.28019
-5.28202
-5.28269
-5.28129
-5.2815
-5.28406
-5.28508
-5.28451
-5.2839
-5.28387
-5.28285
-5.28063
-5.2789
-5.27891
-5.27954
-5.28167
-5.27977
-5.28177
-5.28042
-5.28006
-5.28165
-5.28215
-5.28367
-5.2831
-5.28389
-5.28566
-5.28424
-5.28355
-5.28337
-5.28118
-5.27996
-5.28044
-5.28011
-5.27969
-5.28149
-5.28161
-5.28256
-5.28228
-5.28157
-5.28324
-5.28271
-5.2842
-5.28257
-5.28209
-5.28318
-5.28207
-5.2824
-5.28323
-5.28261
-5.28142
-5.28119
-5.27831
-5.27763
-5.27635
-5.27487
-5.27423
-5.27473
-5.2769
-5.27731
-5.27739
-5.27679
-5.2782
-5.28051
-5.28061
-5.27954
-5.28082
-5.28119
-5.28158
-5.28205
-5.2797
-5.27842
-5.27786
-5.27635
-5.27651
-5.2755
-5.27761
-5.27997
-5.28065
-5.28213
-5.28428
-5.28527
-5.28652
-5.28592
-5.2838
-5.2809
-5.27998
-5.2787
-5.27821
-5.27508
-5.27518
-5.27492
-5.27615
-5.27912
-5.27855
-5.28021
-5.2789
-5.27984
-5.27889
-5.27901
-5.28092
-5.27845
-5.27997
-5.28155
-5.28312
-5.28105
-5.28078
-5.28001
-5.28034
-5.28104
-5.2811
-5.27991
-5.28052
-5.28025
-5.27869
-5.27888
-5.2792
-5.27887
-5.28065
-5.27928
-5.27947
-5.28239
-5.28045
-5.27945
-5.27951
-5.2804
-5.28027
-5.27915
-5.27932
-5.2776
-5.27792
-5.27775
-5.27737
-5.27701
-5.27559
-5.27697
-5.27766
-5.27875
-5.28172
-5.28119
-5.28072
-5.28075
-5.28188
-5.28519
-5.28458
-5.28222
-5.28381
-5.28328
-5.28385
-5.28547
-5.28548
-5.28704
-5.28588
-5.28547
-5.2851
-5.28441
-5.28247
-5.28132
-5.28342
-5.28285
-5.28338
-5.28478
-5.28693
-5.2863
-5.28321
-5.2804
-5.28275
-5.28135
-5.28066
-5.28153
-5.27951
-5.27776
-5.27973
-5.28233
-5.28251
-5.27918
-5.27876
-5.27707
-5.27484
-5.27512
-5.27777
-5.28002
-5.28073
-5.28156
-5.28443
-5.28527
-5.28582
-5.28326
-5.28261
-5.28189
-5.28407
-5.28342
-5.28299
-5.28408
-5.28381
-5.28245
-5.2791
-5.27833
-5.27991
-5.2804
-5.27822
-5.28076
-5.27943
-5.27955
-5.27748
-5.27851
-5.27891
-5.27692
-5.27597
-5.27588
-5.2783
-5.27801
-5.27934
-5.28329
-5.28402
-5.28477
-5.28442
-5.28428
-5.28288
-5.28081
-5.279
-5.27701
-5.27563
-5.27325
-5.27366
-5.27451
-5.27548
-5.27604
-5.27604
-5.27783
-5.2771
-5.27807
-5.28133
-5.28074
-5.28011
-5.27957
-5.27907
-5.27592
-5.27742
-5.27425
-5.27394
-5.27403
-5.27467
-5.27495
-5.27599
-5.27648
-5.27667
-5.27755
-5.27942
-5.27921
-5.28081
-5.27771
-5.27883
-5.27869
-5.27884
-5.28073
-5.27875
-5.27926
-5.28026
-5.28104
-5.28258
-5.28451
-5.28259
-5.28201
-5.27992
-5.27874
-5.27804
-5.27871
-5.28059
-5.27849
-5.28037
-5.28113
-5.28051
-5.28124
-5.28226
-5.28295
-5.28275
-5.28241
-5.28327
-5.28378
-5.28302
-5.28401
-5.28237
-5.28043
-5.28268
-5.28446
-5.28362
-5.2855
-5.28387
-5.28519
-5.28272
-5.2817
-5.28022
-5.27933
-5.28134
-5.2821
-5.28075
-5.28027
-5.28167
-5.28233
-5.28345
-5.28389
-5.28381
-5.28376
-5.28212
-5.28346
-5.28465
-5.28289
-5.27993
-5.27725
-5.27716
-5.27639
-5.27841
-5.27635
-5.27887
-5.27783
-5.27672
-5.27742
-5.27825
-5.28017
-5.2803
-5.28067
-5.2785
-5.28075
-5.28233
-5.28195
-5.28337
-5.28543
-5.2863
-5.28709
-5.28612
-5.28249
-5.28283
-5.28055
-5.28136
-5.2806
-5.28126
-5.27908
-5.28065
-5.28184
-5.28374
-5.28206
-5.28014
-5.28003
-5.27807
-5.27603
-5.27728
-5.2759
-5.27547
-5.27949
-5.28098
-5.27911
-5.27808
-5.27632
-5.27825
-5.27746
-5.27807
-5.28051
-5.27843
-5.27843
-5.2792
-5.27758
-5.27824
-5.28094
-5.28206
-5.28045
-5.28176
-5.28339
-5.28285
-5.28359
-5.28123
-5.282
-5.28134
-5.28138
-5.28134
-5.28107
-5.28183
-5.28233
-5.28112
-5.28227
-5.28146
-5.27824
-5.27919
-5.28005
-5.28117
-5.2821
-5.28482
-5.28344
-5.28193
-5.28011
-5.28037
-5.27928
-5.28056
-5.27854
-5.27687
-5.27511
-5.2753
-5.27598
-5.27648
-5.27689
-5.27635
-5.27755
-5.27569
-5.27754
-5.27781
-5.27768
-5.27738
-5.27789
-5.279
-5.28151
-5.28169
-5.27959
-5.27865
-5.27671
-5.27812
-5.27893
-5.27954
-5.28074
-5.28228
-5.28129
-5.28128
-5.27927
-5.28135
-5.28099
-5.28115
-5.28056
-5.27967
-5.27995
-5.27989
-5.27915
-5.27829
-5.27872
-5.27832
-5.27798
-5.27931
-5.27949
-5.27801
-5.27758
-5.27668
-5.276
-5.27651
-5.27784
-5.27768
-5.28049
-5.28005
-5.27887
-5.2792
-5.27941
-5.27818
-5.27872
-5.28134
-5.27989
-5.28124
-5.27999
-5.28086
-5.28078
-5.28183
-5.28301
-5.28572
-5.28701
-5.28628
-5.28504
-5.285
-5.28407
-5.28403
-5.28236
-5.28293
-5.28378
-5.28003
-5.27851
-5.27414
-5.27323
-5.27177
-5.27379
-5.27503
-5.27462
-5.2768
-5.2775
-5.27831
-5.27902
-5.28037
-5.27974
-5.2812
-5.28258
-5.28539
-5.28414
-5.28352
-5.28379
-5.28362
-5.28259
-5.28115
-5.28184
-5.28323
-5.28187
-5.28401
-5.28269
-5.28171
-5.27849
-5.28022
-5.27985
-5.28034
-5.27784
-5.27599
-5.27681
-5.27786
-5.27924
-5.27964
-5.28021
-5.28137
-5.28195
-5.28252
-5.28221
-5.28183
-5.28083
-5.28091
-5.2782
-5.27725
-5.27778
-5.27882
-5.27869
-5.28016
-5.28013
-5.28139
-5.28165
-5.28032
-5.27849
-5.27694
-5.27489
-5.27449
-5.27234
-5.27336
-5.27418
-5.27784
-5.27826
-5.27978
-5.2832
-5.28262
-5.28221
-5.28333
-5.28322
-5.28272
-5.28231
-5.28077
-5.28063
-5.27923
-5.28068
-5.2788
-5.27657
-5.27603
-5.27595
-5.27676
-5.27684
-5.27779
-5.27634
-5.27663
-5.27702
-5.28069
-5.28199
-5.28403
-5.28348
-5.28364
-5.28298
-5.28163
-5.28164
-5.28275
-5.28107
-5.28308
-5.28163
-5.28249
-5.28369
-5.28256
-5.281
-5.28252
-5.28258
-5.28188
-5.27891
-5.27896
-5.27852
-5.27669
-5.27834
-5.27988
-5.28188
-5.27997
-5.28238
-5.28153
-5.28129
-5.28082
-5.28
-5.28127
-5.28143
-5.28323
-5.28321
-5.28037
-5.27975
-5.28108
-5.27882
-5.28323
-5.28448
-5.28285
-5.27921
-5.27788
-5.27835
-5.27937
-5.28092
-5.28237
-5.28089
-5.27951
-5.28059
-5.28252
-5.28266
-5.2816
-5.28187
-5.2821
-5.28221
-5.28118
-5.28056
-5.28072
-5.27911
-5.27784
-5.27868
-5.27859
-5.27895
-5.27879
-5.27991
-5.2827
-5.28174
-5.28008
-5.28189
-5.28146
-5.28223
-5.28086
-5.28229
-5.28387
-5.28341
-5.28197
-5.28075
-5.27981
-5.27901
-5.27601
-5.27328
-5.27419
-5.27486
-5.27486
-5.27563
-5.27834
-5.27967
-5.28158
-5.28309
-5.28164
-5.2821
-5.28257
-5.28178
-5.28004
-5.28085
-5.28217
-5.28202
-5.28173
-5.28238
-5.28147
-5.28133
-5.27901
-5.27898
-5.27894
-5.27949
-5.27967
-5.28048
-5.28065
-5.27992
-5.27962
-5.28073
-5.28198
-5.28047
-5.28104
-5.28136
-5.281
-5.28339
-5.28487
-5.28503
-5.28487
-5.28154
-5.28002
-5.27915
-5.27837
-5.27845
-5.27694
-5.27751
-5.27634
-5.27983
-5.28257
-5.28398
-5.28537
-5.28753
-5.28877
-5.28692
-5.28537
-5.28528
-5.28491
-5.28441
-5.28485
-5.28098
-5.28075
-5.28079
-5.28073
-5.28039
-5.28024
-5.2807
-5.28143
-5.28072
-5.28363
-5.28357
-5.2856
-5.28547
-5.28578
-5.28625
-5.28598
-5.28469
-5.2834
-5.28243
-5.28245
-5.28088
-5.28098
-5.28374
-5.28399
-5.28402
-5.2842
-5.2869
-5.28706
-5.28505
-5.28649
-5.2878
-5.28772
-5.28683
-5.28453
-5.28416
-5.28318
-5.28618
-5.28703
-5.28352
-5.28058
-5.28058
-5.27974
-5.28113
-5.28002
-5.27912
-5.27812
-5.28117
-5.28097
-5.28145
-5.28065
-5.28386
-5.2826
-5.28157
-5.28067
-5.2821
