-6.48833
-6.5032
-6.5247
-6.54814
-6.57376
-6.59729
-6.62067
-6.64038
-6.65712
-6.66953
-6.67884
-6.68511
-6.68617
-6.68067
-6.67304
-6.65978
-6.64286
-6.62286
-6.60222
-6.58428
-6.56746
-6.55381
-6.54107
-6.5314
-6.52742
-6.52776
-6.5279
-6.53086
-6.538
-6.54399
-6.55348
-6.56521
-6.57783
-6.58929
-6.59839
-6.59851
-6.59409
-6.58471
-6.57339
-6.56552
-6.56101
-6.55888
-6.56118
-6.56461
-6.56893
-6.57429
-6.57971
-6.58276
-6.58278
-6.58203
-6.57603
-6.5719
-6.56326
-6.55401
-6.54602
-6.53386
-6.5195
-6.50161
-6.48233
-6.46507
-6.45477
-6.44981
-6.46147
-6.4867
-6.52095
-6.56204
-6.60677
-6.65201
-6.69416
-6.72738
-6.75183
-6.76589
-6.76676
-6.75778
-6.73952
-6.71606
-6.68654
-6.65268
-6.61713
-6.58025
-6.53982
-6.49878
-6.46464
-6.43038
-6.40515
-6.39006
-6.38956
-6.40012
-6.42426
-6.46112
-6.50203
-6.54642
-6.58509
-6.62013
-6.64698
-6.66411
-6.67626
-6.68423
-6.69161
-6.68885
-6.68587
-6.67998
-6.67036
-6.659
-6.64689
-6.63938
-6.6326
-6.62728
-6.6213
-6.61314
-6.60439
-6.59915
-6.59714
-6.59855
-6.60513
-6.6123
-6.61882
-6.62176
-6.61895
-6.61499
-6.60724
-6.59839
-6.58864
-6.58042
-6.56998
-6.55364
-6.53575
-6.51391
-6.49179
-6.47362
-6.46118
-6.45805
-6.46278
-6.47501
-6.48433
-6.49211
-6.49386
-6.48599
-6.47899
-6.47187
-6.46834
-6.46561
-6.47438
-6.49441
-6.51881
-6.55109
-6.58915
-6.62594
-6.65655
-6.68123
-6.69922
-6.70879
-6.71611
-6.71536
-6.70596
-6.69019
-6.67293
-6.65006
-6.6317
-6.61259
-6.59552
-6.5749
-6.55225
-6.52448
-6.49505
-6.4695
-6.45373
-6.45191
-6.46163
-6.48021
-6.50562
-6.52882
-6.54626
-6.55707
-6.56065
-6.5629
-6.56863
-6.58002
-6.59569
-6.61884
-6.64469
-6.66993
-6.68796
-6.69786
-6.70626
-6.70687
-6.69985
-6.68551
-6.663
-6.62925
-6.5859
-6.54392
-6.50595
-6.47753
-6.46206
-6.45959
-6.46888
-6.48703
-6.51399
-6.54343
-6.57439
-6.60385
-6.62864
-6.64917
-6.66508
-6.67432
-6.67733
-6.67485
-6.67491
-6.6796
-6.69
-6.70157
-6.71662
-6.72913
-6.72882
-6.72465
-6.70846
-6.68236
-6.64976
-6.61025
-6.56589
-6.51555
-6.46652
-6.42504
-6.40251
-6.39811
-6.41234
-6.43368
-6.45894
-6.47944
-6.49493
-6.50139
-6.50336
-6.50005
-6.49574
-6.49337
-6.49412
-6.49985
-6.51476
-6.53067
-6.55029
-6.57101
-6.58898
-6.60461
-6.61385
-6.61484
-6.61076
-6.60145
-6.58858
-6.57452
-6.56142
-6.55157
-6.54608
-6.54465
-6.54033
-6.54678
-6.55589
-6.56785
-6.58754
-6.60766
-6.62679
-6.64298
-6.65692
-6.66516
-6.67006
-6.66949
-6.66842
-6.65894
-6.65105
-6.64111
-6.63104
-6.62401
-6.61889
-6.61592
-6.61504
-6.6119
-6.60805
-6.59906
-6.58535
-6.56402
-6.53674
-6.50749
-6.47826
-6.45471
-6.44597
-6.45456
-6.48472
-6.52746
-6.57853
-6.63122
-6.67075
-6.6949
-6.69606
-6.68087
-6.65588
-6.62306
-6.59137
-6.5628
-6.53906
-6.5178
-6.49988
-6.4898
-6.48789
-6.49641
-6.5151
-6.54276
-6.57432
-6.60732
-6.63804
-6.66093
-6.68062
-6.69018
-6.68939
-6.68183
-6.669
-6.65365
-6.64198
-6.63012
-6.61881
-6.60552
-6.58788
-6.56533
-6.53536
-6.50299
-6.47293
-6.44888
-6.43213
-6.42291
-6.42605
-6.43774
-6.45239
-6.47451
-6.49688
-6.52017
-6.54607
-6.56865
-6.58497
-6.59982
-6.61354
-6.6257
-6.63608
-6.64471
-6.65547
-6.66381
-6.67303
-6.68296
-6.68634
-6.68446
-6.67181
-6.65299
-6.62684
-6.59412
-6.5583
-6.52668
-6.49989
-6.48172
-6.48008
-6.49487
-6.52364
-6.55633
-6.58682
-6.60572
-6.6142
-6.61498
-6.6099
-6.60302
-6.59989
-6.5975
-6.59868
-6.60017
-6.6003
-6.59967
-6.5996
-6.59691
-6.59567
-6.59632
-6.59894
-6.60196
-6.60749
-6.61143
-6.6143
-6.61428
-6.61238
-6.6099
-6.60419
-6.59705
-6.59164
-6.58546
-6.57851
-6.56971
-6.5597
-6.54842
-6.53834
-6.53159
-6.52646
-6.52311
-6.5182
-6.51666
-6.51298
-6.51191
-6.50841
-6.50567
-6.50316
-6.50592
-6.51505
-6.53173
-6.5521
-6.57605
-6.60149
-6.6223
-6.64301
-6.65652
-6.66291
-6.66167
-6.65868
-6.64884
-6.6376
-6.62547
-6.60975
-6.59642
-6.5803
-6.567
-6.55417
-6.54733
-6.54551
-6.54498
-6.5502
-6.55348
-6.55751
-6.55918
-6.55762
-6.55029
-6.53755
-6.52533
-6.51037
-6.49974
-6.49629
-6.50214
-6.51582
-6.53604
-6.55508
-6.57428
-6.59202
-6.60682
-6.62472
-6.64254
-6.66153
-6.67901
-6.69343
-6.70778
-6.71352
-6.70835
-6.69629
-6.67469
-6.64882
-6.62372
-6.60235
-6.58676
-6.58489
-6.58728
-6.59488
-6.60373
-6.61342
-6.61902
-6.62428
-6.62604
-6.62262
-6.61469
-6.60403
-6.58658
-6.56375
-6.54207
-6.51854
-6.49433
-6.47519
-6.46133
-6.45533
-6.45376
-6.4617
-6.47579
-6.49505
-6.51551
-6.5393
-6.56039
-6.5792
-6.58976
-6.59114
-6.58757
-6.57734
-6.56524
-6.55171
-6.5369
-6.52381
-6.51971
-6.52285
-6.53436
-6.55557
-6.58094
-6.6033
-6.62371
-6.64165
-6.65503
-6.66362
-6.6661
-6.65969
-6.64615
-6.62832
-6.60382
-6.57944
-6.55245
-6.53153
-6.51602
-6.50777
-6.50525
-6.51238
-6.52248
-6.53811
-6.55402
-6.57145
-6.59435
-6.6203
-6.64872
-6.67435
-6.69709
-6.71241
-6.71747
-6.71238
-6.69359
-6.66356
-6.62738
-6.5855
-6.54364
-6.5084
-6.48204
-6.4676
-6.46594
-6.47427
-6.49065
-6.51291
-6.53527
-6.55659
-6.57072
-6.57967
-6.58436
-6.58698
-6.5903
-6.5961
-6.60216
-6.61085
-6.61751
-6.6278
-6.63411
-6.63845
-6.63787
-6.63278
-6.62728
-6.61637
-6.60308
-6.5868
-6.56925
-6.55232
-6.53723
-6.52351
-6.51513
-6.51419
-6.52208
-6.52866
-6.53102
-6.52943
-6.5203
-6.51124
-6.50456
-6.50772
-6.5185
-6.53243
-6.55214
-6.56882
-6.58263
-6.59405
-6.60287
-6.60795
-6.61659
-6.62145
-6.62445
-6.62271
-6.61754
-6.61126
-6.60601
-6.60127
-6.59665
-6.59488
-6.5984
-6.60791
-6.62226
-6.63699
-6.64798
-6.6513
-6.64634
-6.6316
-6.60406
-6.56504
-6.52326
-6.48128
-6.43904
-6.40364
-6.37722
-6.35927
-6.34848
-6.3483
-6.36003
-6.38061
-6.40966
-6.44121
-6.48118
-6.51385
-6.54765
-6.57946
-6.60593
-6.624
-6.63584
-6.64607
-6.64915
-6.65152
-6.65106
-6.65343
-6.65954
-6.66923
-6.68332
-6.69923
-6.71468
-6.73092
-6.74464
-6.75607
-6.76187
-6.75774
-6.7461
-6.72516
-6.69066
-6.64774
-6.60074
-6.55472
-6.51136
-6.47503
-6.44344
-6.42139
-6.41066
-6.40359
-6.40319
-6.40538
-6.41014
-6.41564
-6.41912
-6.42447
-6.42947
-6.43444
-6.44296
-6.45583
-6.47864
-6.51104
-6.54917
-6.59193
-6.63466
-6.67665
-6.70879
-6.73202
-6.74227
-6.74835
-6.73973
-6.72926
-6.71288
-6.69268
-6.67528
-6.65532
-6.63088
-6.59932
-6.56642
-6.53493
-6.50964
-6.4938
-6.48513
-6.4857
-6.49454
-6.50961
-6.52659
-6.54627
-6.56647
-6.5941
-6.62751
-6.6635
-6.69517
-6.71918
-6.73369
-6.73439
-6.72876
-6.71332
-6.69385
-6.66964
-6.64857
-6.63139
-6.62187
-6.61392
-6.60732
-6.59829
-6.58776
-6.57589
-6.56412
-6.55226
-6.54099
-6.53543
-6.53061
-6.52623
-6.52015
-6.51499
-6.5057
-6.49325
-6.48104
-6.47018
-6.46316
-6.46343
-6.47287
-6.49155
-6.51552
-6.5389
-6.56032
-6.57413
-6.58318
-6.58437
-6.57971
-6.57577
-6.57202
-6.56964
-6.56733
-6.56126
-6.55092
-6.53684
-6.52183
-6.51017
-6.50582
-6.51086
-6.52775
-6.54977
-6.57927
-6.60961
-6.63647
-6.663
-6.68231
-6.69753
-6.70395
-6.70027
-6.6868
-6.66864
-6.64712
-6.62961
-6.61657
-6.61167
-6.60902
-6.61642
-6.62035
-6.62833
-6.63392
-6.63658
-6.63491
-6.62941
-6.62036
-6.61258
-6.60118
-6.58819
-6.57749
-6.56826
-6.56377
-6.56554
-6.56578
-6.56765
-6.56487
-6.55948
-6.55844
-6.55475
-6.55303
-6.55001
-6.54873
-6.54698
-6.54564
-6.54454
-6.54352
-6.54156
-6.54116
-6.54126
-6.5431
-6.5474
-6.54698
-6.54435
-6.53994
-6.53454
-6.52554
-6.51957
-6.51437
-6.51478
-6.51941
-6.52699
-6.53426
-6.54521
-6.55249
-6.5596
-6.56382
-6.56853
-6.57848
-6.59165
-6.60628
-6.62132
-6.63283
-6.63769
-6.63441
-6.62456
-6.6087
-6.59542
-6.58156
-6.5725
-6.56394
-6.55941
-6.56055
-6.55987
-6.55949
-6.55814
-6.55337
-6.54374
-6.53549
-6.53352
-6.54533
-6.57531
-6.61613
-6.65682
-6.68947
-6.7118
-6.71627
-6.7101
-6.69569
-6.67842
-6.65634
-6.63231
-6.61235
-6.59113
-6.57021
-6.54888
-6.53563
-6.52759
-6.53087
-6.54332
-6.5572
-6.56914
-6.5788
-6.58506
-6.58593
-6.58357
-6.57974
-6.57462
-6.56688
-6.55497
-6.54328
-6.53878
-6.53529
-6.53034
-6.525
-6.51837
-6.51322
-6.51219
-6.51872
-6.53442
-6.55474
-6.57803
-6.60177
-6.62176
-6.63631
-6.6433
-6.64342
-6.63602
-6.62272
-6.60787
-6.59304
-6.58332
-6.584
-6.59621
-6.61227
-6.63418
-6.64937
-6.65605
-6.66085
-6.65658
-6.64715
-6.63353
-6.61905
-6.60087
-6.58275
-6.56325
-6.5494
-6.54297
-6.54412
-6.55209
-6.5642
-6.57866
-6.59357
-6.6058
-6.6087
-6.60338
-6.59146
-6.57578
-6.55477
-6.53595
-6.52264
-6.51961
-6.52363
-6.53605
-6.55329
-6.57367
-6.59154
-6.60731
-6.61582
-6.61813
-6.61353
-6.60069
-6.58195
-6.56356
-6.54719
-6.53558
-6.52674
-6.52417
-6.53023
-6.54365
-6.55921
-6.58095
-6.60551
-6.6293
-6.65428
-6.6765
-6.6926
-6.70074
-6.69991
-6.68613
-6.65809
-6.6254
-6.58365
-6.54829
-6.51558
-6.49405
-6.47885
-6.47721
-6.48605
-6.5001
-6.51637
-6.52933
-6.53457
-6.53481
-6.53271
-6.52538
-6.522
-6.52547
-6.53732
-6.55194
-6.57046
-6.59096
-6.60813
-6.61769
-6.62174
-6.61664
-6.60402
-6.58519
-6.56009
-6.53626
-6.51523
-6.49682
-6.48837
-6.49218
-6.51053
-6.54668
-6.59035
-6.63931
-6.68511
-6.72578
-6.74933
-6.75304
-6.74082
-6.71615
-6.68197
-6.64085
-6.59459
-6.54772
-6.50644
-6.48055
-6.47429
-6.48773
-6.51346
-6.54533
-6.58172
-6.61333
-6.6413
-6.66389
-6.67917
-6.68671
-6.68468
-6.6742
-6.65157
-6.62009
-6.58434
-6.54586
-6.50907
-6.48064
-6.46092
-6.45337
-6.45646
-6.46354
-6.47578
-6.49013
-6.50319
-6.51651
-6.52603
-6.53737
-6.54909
-6.56612
-6.58347
-6.6019
-6.61736
-6.62615
-6.62753
-6.62107
-6.60885
-6.59463
-6.57639
-6.55805
-6.54291
-6.53237
-6.52685
-6.52419
-6.52901
-6.54336
-6.56381
-6.58559
-6.61025
-6.6305
-6.64367
-6.65005
-6.64792
-6.6391
-6.62247
-6.60155
-6.57704
-6.55289
-6.5365
-6.53516
-6.54904
-6.57522
-6.60584
-6.63471
-6.65459
-6.66503
-6.66505
-6.65449
-6.63957
-6.61756
-6.59442
-6.57671
-6.56445
-6.56512
-6.57441
-6.59136
-6.61309
-6.63246
-6.64428
-6.64773
-6.64496
-6.63255
-6.61376
-6.59677
-6.58221
-6.57211
-6.57019
-6.57418
-6.58267
-6.59357
-6.6039
-6.60898
-6.60605
-6.59561
-6.57578
-6.55167
-6.52493
-6.50137
-6.48161
-6.47029
-6.46633
-6.46734
-6.46841
-6.47186
-6.47813
-6.49128
-6.51368
-6.54373
-6.58194
-6.62123
-6.66099
-6.69764
-6.73072
-6.75622
-6.77231
-6.78099
-6.78136
-6.7691
-6.74852
-6.71764
-6.67669
-6.62611
-6.5683
-6.50506
-6.44068
-6.38094
-6.33254
-6.30099
-6.28993
-6.30321
-6.33842
-6.38772
-6.45121
-6.5187
-6.58442
-6.64286
-6.6856
-6.71108
-6.71859
-6.7101
-6.68687
-6.65255
-6.61666
-6.57836
-6.54892
-6.53169
-6.52653
-6.53378
-6.55226
-6.57954
-6.61067
-6.64161
-6.67269
-6.69946
-6.72319
-6.74164
-6.74934
-6.74402
-6.7272
-6.69975
-6.66108
-6.61745
-6.57128
-6.53184
-6.50017
-6.47971
-6.47202
-6.47566
-6.49002
-6.51707
-6.54988
-6.58594
-6.61679
-6.6377
-6.64807
-6.64817
-6.64104
-6.62603
-6.60783
-6.58383
-6.55935
-6.54042
-6.52808
-6.52226
-6.5267
-6.53372
-6.54407
-6.55319
-6.55678
-6.5558
-6.54812
-6.53691
-6.52141
-6.50712
-6.4949
-6.49267
-6.50079
-6.51876
-6.54393
-6.57135
-6.59609
-6.61353
-6.62378
-6.6282
-6.63378
-6.6369
-6.63998
-6.64398
-6.64284
-6.64112
-6.63643
-6.63142
-6.62336
-6.61474
-6.6038
-6.59175
-6.5758
-6.5529
-6.52686
-6.49821
-6.47431
-6.45367
-6.43988
-6.43332
-6.43325
-6.44386
-6.45843
-6.48051
-6.51328
-6.55086
-6.59399
-6.63621
-6.67487
-6.70488
-6.72407
-6.72969
-6.72235
-6.70419
-6.67999
-6.65009
-6.61969
-6.58892
-6.5632
-6.54825
-6.54338
-6.54712
-6.55143
-6.55714
-6.5612
-6.55852
-6.55143
-6.54074
-6.53277
-6.53007
-6.5379
-6.5557
-6.58264
-6.61683
-6.64998
-6.67671
-6.68857
-6.68475
-6.66528
-6.63297
-6.59243
-6.54459
-6.50115
-6.46527
-6.44539
-6.44119
-6.45395
-6.48015
-6.51271
-6.54826
-6.58169
-6.60741
-6.62251
-6.63111
-6.63374
-6.63214
-6.62884
-6.62274
-6.61884
-6.6139
-6.61565
-6.61219
-6.6123
-6.61204
-6.61029
-6.60558
-6.59946
-6.58857
-6.57688
-6.56867
-6.5601
-6.54948
-6.5357
-6.52153
-6.5085
-6.50048
-6.49513
-6.49498
-6.50268
-6.51845
-6.54379
-6.57182
-6.60048
-6.6275
-6.64726
-6.65715
-6.66366
-6.66438
-6.65763
-6.65337
-6.6481
-6.64336
-6.6395
-6.63382
-6.62981
-6.62234
-6.60999
-6.58885
-6.56195
-6.53157
-6.49917
-6.46726
-6.44202
-6.42634
-6.42466
-6.43776
-6.46495
-6.503
-6.54513
-6.58401
-6.61534
-6.63402
-6.6372
-6.63101
-6.61676
-6.59999
-6.58658
-6.57832
-6.58062
-6.58873
-6.60006
-6.61303
-6.62156
-6.62367
-6.62254
-6.60953
-6.59539
-6.57822
-6.56277
-6.54997
-6.54459
-6.54817
-6.55572
-6.56424
-6.57332
-6.57936
-6.58279
-6.58531
-6.58511
-6.58194
-6.57868
-6.57321
-6.56584
-6.55586
-6.54996
-6.54618
-6.54519
-6.54953
-6.55788
-6.5675
-6.57399
-6.57951
-6.58703
-6.58954
-6.59193
-6.59225
-6.5906
-6.58582
-6.58152
-6.57614
-6.56947
-6.56303
-6.55539
-6.54816
-6.54077
-6.5355
-6.52938
-6.52424
-6.52661
-6.52757
-6.53212
-6.53764
-6.5431
-6.54355
-6.54009
-6.53923
-6.5383
-6.54303
-6.55062
-6.56221
-6.57693
-6.59725
-6.61773
-6.63978
-6.65777
-6.66389
-6.66348
-6.65103
-6.63073
-6.60823
-6.58254
-6.56289
-6.54995
-6.54347
-6.53759
-6.52876
-6.51962
-6.50907
-6.49537
-6.48598
-6.47985
-6.48005
-6.48549
-6.48972
-6.4935
-6.497
-6.50133
-6.50378
-6.50691
-6.51191
-6.52387
-6.54129
-6.56181
-6.5827
-6.60472
-6.62276
-6.63395
-6.63881
-6.63628
-6.62729
-6.61268
-6.59469
-6.5729
-6.54772
-6.52343
-6.50784
-6.49932
-6.50459
-6.51807
-6.5465
-6.5828
-6.62472
-6.66647
-6.69849
-6.72157
-6.72951
-6.72029
-6.69758
-6.66008
-6.61858
-6.57811
-6.5437
-6.51714
-6.50213
-6.49675
-6.49856
-6.50386
-6.51511
-6.52293
-6.535
-6.54787
-6.55881
-6.57269
-6.58825
-6.60424
-6.62359
-6.63925
-6.65202
-6.66377
-6.67082
-6.67213
-6.664
-6.65372
-6.6389
-6.6251
-6.60937
-6.59988
-6.59449
-6.5932
-6.59755
-6.60094
-6.60229
-6.60013
-6.59121
-6.57949
-6.57021
-6.56225
-6.56019
-6.56262
-6.5735
-6.58389
-6.59178
-6.59071
-6.57889
-6.55742
-6.5266
-6.49006
-6.45032
-6.42102
-6.40728
-6.40706
-6.42196
-6.44713
-6.48309
-6.52457
-6.5634
-6.59892
-6.62906
-6.65424
-6.67281
-6.68473
-6.69206
-6.6927
-6.69295
-6.69136
-6.69176
-6.69429
-6.69272
-6.68682
-6.67184
-6.64792
-6.62001
-6.59107
-6.56441
-6.54232
-6.52355
-6.5098
-6.50197
-6.50061
-6.50525
-6.51718
-6.53338
-6.55406
-6.57136
-6.58294
-6.58374
-6.57604
-6.56057
-6.54247
-6.52786
-6.52162
-6.52982
-6.55099
-6.57851
-6.60955
-6.64125
-6.66666
-6.68383
-6.69608
-6.70028
-6.69865
-6.69113
-6.68267
-6.66925
-6.65664
-6.63801
-6.62249
-6.60871
-6.59681
-6.58858
-6.58306
-6.575
-6.56898
-6.55643
-6.53997
-6.52229
-6.50465
-6.49284
-6.4827
-6.47958
-6.48187
-6.49061
-6.5036
-6.52108
-6.5394
-6.55695
-6.57254
-6.5878
-6.60042
-6.60495
-6.6092
-6.60821
-6.60475
-6.59452
-6.58381
-6.57421
-6.56264
-6.55705
-6.55237
-6.55207
-6.55955
-6.56926
-6.58534
-6.60175
-6.61871
-6.63584
-6.64652
-6.65472
-6.65894
-6.65985
-6.65458
-6.64824
-6.63778
-6.62687
-6.61418
-6.60196
-6.58541
-6.56977
-6.54979
-6.53317
-6.52151
-6.51274
-6.51196
-6.51316
-6.51371
-6.51621
-6.51689
-6.51749
-6.52107
-6.52394
-6.52382
-6.52092
-6.51327
-6.50137
-6.49055
-6.48055
-6.47657
-6.48336
-6.4916
-6.50615
-6.52294
-6.54233
-6.55819
-6.57207
-6.58629
-6.59397
-6.59699
-6.59651
-6.59256
-6.58981
-6.58821
-6.59079
-6.5932
-6.60047
-6.61189
-6.62155
-6.63455
-6.6424
-6.64915
-6.65052
-6.652
-6.64686
-6.63945
-6.62731
-6.61626
-6.6071
-6.59788
-6.59317
-6.59336
-6.59282
-6.59167
-6.59143
-6.59075
-6.59112
-6.59102
-6.595
-6.6013
-6.60948
-6.61223
-6.60929
-6.60226
-6.58503
-6.56726
-6.54576
-6.53026
-6.52351
-6.52381
-6.53256
-6.54626
-6.55924
-6.57051
-6.57287
-6.57407
-6.56542
-6.55219
-6.5375
-6.51832
-6.4997
-6.48223
-6.47332
-6.47416
-6.48464
-6.50109
-6.52414
-6.54645
-6.56493
-6.57911
-6.59056
-6.59703
-6.60259
-6.60871
-6.61918
-6.63648
-6.6539
-6.67293
-6.68304
-6.68455
-6.67243
-6.64978
-6.62207
-6.59055
-6.56294
-6.54493
-6.53779
-6.54154
-6.55181
-6.56837
-6.58494
-6.5962
-6.60512
-6.61384
-6.61689
-6.62127
-6.61803
-6.61469
-6.60844
-6.5999
-6.58912
-6.58026
-6.5697
-6.56075
-6.55434
-6.55138
-6.55035
-6.55267
-6.56117
-6.57227
-6.58648
-6.59866
-6.61336
-6.63152
-6.64795
-6.66328
-6.67268
-6.67401
-6.66198
-6.63914
-6.6071
-6.57301
-6.53834
-6.50854
-6.48949
-6.48072
-6.48529
-6.4987
-6.51718
-6.54388
-6.56749
-6.58199
-6.58713
-6.5866
-6.57583
-6.5624
-6.55136
-6.54291
-6.54182
-6.54508
-6.55208
-6.56197
-6.57454
-6.58862
-6.5997
-6.60555
-6.60652
-6.59639
-6.57591
-6.55094
-6.52536
-6.49805
-6.47079
-6.45028
-6.43239
-6.42496
-6.42512
-6.43721
-6.45679
-6.48272
-6.51172
-6.53947
-6.56776
-6.59248
-6.61284
-6.63308
-6.64608
-6.65404
-6.65571
-6.65084
-6.64027
-6.6241
-6.60828
-6.59237
-6.58215
-6.57606
-6.57587
-6.58353
-6.60046
-6.62185
-6.6465
-6.6718
-6.69465
-6.71272
-6.72119
-6.71626
-6.70205
-6.67466
-6.63343
-6.58564
-6.5352
-6.48827
-6.45445
-6.43802
-6.43639
-6.44594
-6.46092
-6.47443
-6.48635
-6.49191
-6.49607
-6.49949
-6.50486
-6.51217
-6.52043
-6.53044
-6.54679
-6.57006
-6.59655
-6.62563
-6.65363
-6.67166
-6.68421
-6.69024
-6.68631
-6.67535
-6.66425
-6.65056
-6.63757
-6.62611
-6.62293
-6.61886
-6.62027
-6.62057
-6.61886
-6.61288
-6.60111
-6.58543
-6.56877
-6.55041
-6.52942
-6.50733
-6.48605
-6.47103
-6.4637
-6.465
-6.47386
-6.48836
-6.50374
-6.51409
-6.51999
-6.51643
-6.50663
-6.49401
-6.47846
-6.46644
-6.45953
-6.45963
-6.47095
-6.49208
-6.51563
-6.5386
-6.56143
-6.57681
-6.58202
-6.57897
-6.56975
-6.56203
-6.55846
-6.5611
-6.57222
-6.59411
-6.6206
-6.6465
-6.66699
-6.67629
-6.67103
-6.65652
-6.63338
-6.60699
-6.58307
-6.56207
-6.54953
-6.53841
-6.53395
-6.53413
-6.54362
-6.55648
-6.57076
-6.58597
-6.59344
-6.59906
-6.59745
-6.59454
-6.59155
-6.59298
-6.59777
-6.60935
-6.62322
-6.6392
-6.65544
-6.66924
-6.67605
-6.67895
-6.67466
-6.66241
-6.64691
-6.62843
-6.60552
-6.57952
-6.55256
-6.5251
-6.50253
-6.48674
-6.47743
-6.47454
-6.47588
-6.48364
-6.49212
-6.49706
-6.49921
-6.49959
-6.49765
-6.49918
-6.50843
-6.5207
-6.53916
-6.56489
-6.59465
-6.62142
-6.64245
-6.65614
-6.65981
-6.65643
-6.64446
-6.62897
-6.61311
-6.60008
-6.59629
-6.59989
-6.61188
-6.62693
-6.64208
-6.65639
-6.66463
-6.66372
-6.6575
-6.64126
-6.61683
-6.58855
-6.55442
-6.52278
-6.49557
-6.47246
-6.45316
-6.44494
-6.44272
-6.44701
-6.45813
-6.47275
-6.48573
-6.49962
-6.51308
-6.52523
-6.53468
-6.54199
-6.54757
-6.55322
-6.55818
-6.56427
-6.57025
-6.58062
-6.59423
-6.61104
-6.62926
-6.64708
-6.66356
-6.67317
-6.67641
-6.66911
-6.65432
-6.6368
-6.61678
-6.5938
-6.57328
-6.55619
-6.54242
-6.53543
-6.53392
-6.54314
-6.55681
-6.57263
-6.58221
-6.5904
-6.58947
-6.58883
-6.5891
-6.59347
-6.60013
-6.60946
-6.61855
-6.62703
-6.63194
-6.63626
-6.64098
-6.64419
-6.65277
-6.663
-6.67835
-6.69549
-6.70879
-6.71223
-6.70454
-6.6836
-6.64917
-6.60647
-6.55586
-6.50907
-6.46625
-6.4337
-6.41439
-6.40526
-6.4106
-6.42444
-6.44426
-6.47153
-6.49764
-6.52446
-6.54706
-6.5673
-6.58328
-6.5899
-6.58914
-6.57893
-6.56615
-6.54607
-6.53016
-6.51818
-6.51234
-6.5123
-6.51656
-6.52526
-6.53517
-6.548
-6.56219
-6.57843
-6.599
-6.62034
-6.64224
-6.66342
-6.67649
-6.6791
-6.67099
-6.65605
-6.63899
-6.6246
-6.61319
-6.60244
-6.59422
-6.5874
-6.58171
-6.57583
-6.57111
-6.55916
-6.53717
-6.50942
-6.47857
-6.45477
-6.44102
-6.44968
-6.47604
-6.51317
-6.55808
-6.60044
-6.63462
-6.65935
-6.67154
-6.67695
-6.66674
-6.64931
-6.62725
-6.60663
-6.58928
-6.58324
-6.58365
-6.59237
-6.60436
-6.61447
-6.62229
-6.6265
-6.62808
-6.62832
-6.62317
-6.61368
-6.59609
-6.57424
-6.55199
-6.53141
-6.51601
-6.50806
-6.51138
-6.52064
-6.53752
-6.56036
-6.58229
-6.60409
-6.62086
-6.63901
-6.65034
-6.65407
-6.6537
-6.64924
-6.6424
-6.63216
-6.61979
-6.60796
-6.60005
-6.59436
-6.58929
-6.59199
-6.60262
-6.61863
-6.63564
-6.6493
-6.65765
-6.65696
-6.64733
-6.62686
-6.59704
-6.56015
-6.52276
-6.49562
-6.47325
-6.46206
-6.46508
-6.47264
-6.48351
-6.49042
-6.49133
-6.48761
-6.48231
-6.48029
-6.48151
-6.4916
-6.50652
-6.52628
-6.55002
-6.57777
-6.60109
-6.6189
-6.63067
-6.63616
-6.63628
-6.63355
-6.62878
-6.62368
-6.61962
-6.61758
-6.61316
-6.60902
-6.60297
-6.5969
-6.59283
-6.59073
-6.59092
-6.59241
-6.59124
-6.58648
-6.57902
-6.56612
-6.55594
-6.54752
-6.54428
-6.54513
-6.54326
-6.54386
-6.54352
-6.54244
-6.54286
-6.54986
-6.56119
-6.57799
-6.59551
-6.61092
-6.62434
-6.63046
-6.63094
-6.62493
-6.6126
-6.59488
-6.57392
-6.55342
-6.5378
-6.52548
-6.52022
-6.51843
-6.51985
-6.52464
-6.5339
-6.54303
-6.54816
-6.55403
-6.5593
-6.5666
-6.57462
-6.57922
-6.58434
-6.58891
-6.58968
-6.5922
-6.59321
-6.59022
-6.592
-6.59295
-6.60041
-6.60449
-6.6084
-6.61173
-6.6117
-6.60881
-6.60393
-6.59518
-6.58478
-6.57543
-6.56563
-6.55773
-6.5524
-6.55006
-6.55047
-6.54779
-6.54504
-6.54047
-6.53388
-6.52608
-6.52089
-6.51652
-6.51531
-6.51696
-6.523
-6.53084
-6.53927
-6.54725
-6.55547
-6.55937
-6.5633
-6.56437
-6.56835
-6.5699
-6.57118
-6.57235
-6.57513
-6.58329
-6.59915
-6.61977
-6.64456
-6.66635
-6.68485
-6.69753
-6.70521
-6.70633
-6.70675
-6.70853
-6.70913
-6.7096
-6.70258
-6.68695
-6.66595
-6.64335
-6.61666
-6.59331
-6.57251
-6.55664
-6.54572
-6.53529
-6.52811
-6.51942
-6.51599
-6.51448
-6.50911
-6.50561
-6.50233
-6.49483
-6.49183
-6.49238
-6.50016
-6.5169
-6.53545
-6.55222
-6.56472
-6.57269
-6.57409
-6.5707
-6.5653
-6.56315
-6.55884
-6.5513
-6.54591
-6.54539
-6.55154
-6.56416
-6.58435
-6.6063
-6.62891
-6.6461
-6.66041
-6.66771
-6.66878
-6.66104
-6.64952
-6.63145
-6.60611
-6.57767
-6.54083
-6.50368
-6.46974
-6.43644
-6.40912
-6.39313
-6.39149
-6.40212
-6.42049
-6.4478
-6.47601
-6.50557
-6.53038
-6.54722
-6.55573
-6.5594
-6.55038
-6.54238
-6.536
-6.53823
-6.55671
-6.58805
-6.6268
-6.66725
-6.70598
-6.73397
-6.75558
-6.76683
-6.7713
-6.76785
-6.75645
-6.73798
-6.71414
-6.68948
-6.66015
-6.62974
-6.59259
-6.56053
-6.52577
-6.49811
-6.48246
-6.48847
-6.51462
-6.54962
-6.58663
-6.62045
-6.6446
-6.65803
-6.66252
-6.65825
-6.64859
-6.63551
-6.62402
-6.61263
-6.60193
-6.59168
-6.585
-6.5788
-6.5802
-6.58643
-6.59939
-6.61513
-6.62728
-6.63542
-6.63408
-6.62394
-6.612
-6.59553
-6.58051
-6.5703
-6.55947
-6.55204
-6.54257
-6.52733
-6.50557
-6.47673
-6.44473
-6.41435
-6.3913
-6.38247
-6.38539
-6.40365
-6.4292
-6.44989
-6.46803
-6.47938
-6.48632
-6.48833
-6.48822
-6.48606
-6.48071
-6.47076
-6.46458
-6.45929
-6.45745
-6.46088
-6.46744
-6.4777
-6.48843
-6.50241
-6.51115
-6.52053
-6.52766
-6.5333
-6.53789
-6.54278
-6.55145
-6.56566
-6.58188
-6.60228
-6.62976
-6.65811
-6.69004
-6.71356
-6.73194
-6.74209
-6.74095
-6.72472
-6.69411
-6.65546
-6.61381
-6.57542
-6.54785
-6.53184
-6.52696
-6.52649
-6.52635
-6.52472
-6.52676
-6.52601
-6.52671
-6.52979
-6.53572
-6.5433
-6.55587
-6.56915
-6.58365
-6.59808
-6.6118
-6.62442
-6.63574
-6.64786
-6.66161
-6.67538
-6.69563
-6.71524
-6.73462
-6.74632
-6.74943
-6.74086
-6.72285
-6.69373
-6.65627
-6.60884
-6.55949
-6.51367
-6.47599
-6.4465
-6.4334
-6.42969
-6.43709
-6.45545
-6.47808
-6.5059
-6.53242
-6.55628
-6.57547
-6.58916
-6.596
-6.59622
-6.59529
-6.58881
-6.58317
-6.57746
-6.57359
-6.57128
-6.56952
-6.56526
-6.55913
-6.54586
-6.52917
-6.51607
-6.50258
-6.49825
-6.50266
-6.51246
-6.52618
-6.54206
-6.55449
-6.56706
-6.57184
-6.57099
-6.56422
-6.54589
-6.52158
-6.49162
-6.46503
-6.44253
-6.42695
-6.42731
-6.43426
-6.45309
-6.47685
-6.4976
-6.51602
-6.53093
-6.54278
-6.54851
-6.55025
-6.54775
-6.54462
-6.54055
-6.53989
-6.54442
-6.55505
-6.57039
-6.58834
-6.60995
-6.62931
-6.64894
-6.66561
-6.67998
-6.69322
-6.70488
-6.7086
-6.711
-6.70718
-6.69588
-6.68298
-6.66208
-6.64165
-6.62035
-6.60328
-6.59334
-6.5912
-6.59433
-6.60273
-6.61401
-6.62225
-6.62766
-6.62596
-6.61562
-6.60116
-6.58222
-6.56297
-6.55044
-6.54405
-6.54649
-6.55929
-6.5809
-6.60703
-6.63721
-6.66341
-6.68284
-6.69364
-6.69429
-6.68334
-6.66077
-6.62983
-6.59021
-6.54631
-6.49787
-6.44975
-6.41007
-6.37972
-6.36172
-6.35903
-6.37439
-6.40463
-6.4441
-6.4877
-6.53129
-6.57207
-6.60618
-6.63449
-6.65246
-6.65744
-6.65499
-6.64171
-6.61803
-6.59284
-6.56466
-6.53745
-6.51918
-6.51027
-6.5081
-6.51542
-6.5328
-6.55914
-6.5814
-6.59679
-6.60425
-6.59885
-6.58623
-6.57063
-6.55762
-6.5489
-6.54268
-6.53793
-6.53617
-6.53313
-6.52761
-6.52494
-6.52734
-6.53533
-6.54381
-6.55761
-6.57294
-6.5885
-6.60351
-6.6179
-6.63138
-6.64254
-6.65264
-6.65945
-6.66288
-6.65925
-6.64933
-6.63348
-6.61199
-6.58651
-6.56801
-6.55492
-6.54886
-6.54889
-6.55288
-6.55753
-6.56365
-6.57075
-6.57831
-6.58682
-6.59468
-6.6071
-6.61955
-6.63137
-6.64372
-6.65629
-6.66461
-6.67154
-6.67812
-6.68033
-6.67845
-6.67362
-6.66467
-6.64996
-6.62755
-6.59779
-6.57117
-6.54629
-6.52925
-6.52265
-6.53033
-6.54391
-6.5594
-6.57589
-6.58773
-6.59548
-6.5979
-6.59394
-6.58669
-6.57477
-6.5602
-6.54412
-6.52658
-6.51133
-6.49585
-6.48119
-6.47081
-6.4672
-6.47146
-6.48432
-6.50345
-6.52575
-6.54933
-6.57536
-6.5967
-6.61284
-6.63007
-6.64097
-6.64833
-6.65111
-6.65547
-6.65475
-6.65566
-6.64671
-6.62956
-6.60685
-6.57493
-6.54045
-6.50485
-6.47779
-6.46158
-6.45773
-6.46428
-6.47993
-6.49568
-6.51213
-6.52412
-6.53216
-6.53354
-6.53171
-6.52488
-6.51597
-6.50395
-6.49258
-6.48138
-6.47135
-6.46891
-6.47478
-6.48587
-6.50441
-6.52659
-6.54932
-6.5704
-6.58942
-6.60603
-6.61707
-6.6226
-6.62152
-6.61377
-6.60337
-6.59002
-6.57365
-6.56232
-6.55456
-6.5558
-6.56531
-6.57906
-6.59793
-6.6139
-6.62628
-6.63444
-6.63835
-6.64247
-6.64611
-6.65192
-6.65621
-6.66055
-6.66318
-6.65997
-6.65749
-6.6558
-6.6555
-6.65688
-6.65905
-6.66088
-6.65663
-6.64663
-6.63354
-6.61777
-6.59853
-6.57849
-6.55792
-6.54062
-6.52236
-6.5033
-6.48415
-6.47195
-6.46634
-6.46821
-6.47609
-6.48897
-6.50666
-6.52554
-6.54653
-6.56458
-6.58316
-6.60065
-6.61594
-6.62487
-6.62608
-6.62072
-6.60703
-6.58607
-6.56415
-6.54228
-6.52164
-6.50715
-6.49699
-6.49475
-6.49881
-6.50566
-6.51296
-6.51534
-6.5128
-6.5041
-6.4855
-6.45966
-6.43533
-6.41687
-6.41013
-6.42049
-6.44834
-6.48637
-6.53369
-6.58423
-6.6316
-6.67089
-6.69912
-6.71626
-6.72572
-6.72353
-6.71429
-6.7036
-6.69113
-6.67754
-6.66611
-6.65245
-6.63632
-6.62018
-6.6001
-6.57936
-6.56111
-6.54785
-6.54188
-6.54696
-6.56275
-6.57792
-6.59608
-6.60581
-6.60772
-6.60111
-6.58724
-6.56593
-6.54348
-6.52375
-6.50845
-6.50225
-6.50586
-6.51955
-6.54244
-6.5718
-6.59939
-6.6261
-6.64367
-6.65318
-6.65082
-6.6403
-6.62401
-6.61065
-6.5954
-6.58565
-6.57985
-6.58308
-6.59323
-6.61295
-6.63661
-6.66158
-6.68447
-6.6979
-6.70078
-6.68969
-6.66613
-6.63357
-6.59341
-6.55223
-6.51156
-6.48267
-6.46356
-6.45833
-6.46606
-6.48207
-6.50385
-6.52641
-6.5496
-6.5651
-6.57404
-6.57459
-6.56438
-6.54417
-6.51683
-6.48217
-6.44938
-6.41823
-6.39755
-6.38589
-6.3895
-6.40261
-6.42204
-6.44942
-6.47994
-6.51062
-6.53914
-6.56729
-6.59697
-6.62599
-6.65423
-6.68385
-6.70694
-6.71905
-6.71949
-6.71219
-6.69527
-6.68021
-6.6699
-6.67124
-6.68134
-6.69501
-6.70858
-6.71369
-6.7135
-6.69982
-6.67979
-6.6538
-6.63291
-6.61422
-6.60327
-6.59751
-6.59761
-6.60088
-6.60935
-6.61743
-6.62649
-6.63258
-6.63412
-6.62687
-6.60466
-6.57457
-6.54239
-6.51298
-6.49386
-6.49251
-6.50348
-6.52207
-6.53914
-6.55381
-6.56631
-6.57219
-6.57414
-6.57292
-6.56503
-6.55723
-6.54484
-6.53454
-6.52421
-6.51899
-6.51934
-6.52498
-6.53789
-6.55829
-6.58226
-6.60637
-6.6278
-6.63817
-6.64139
-6.63492
-6.6191
-6.59348
-6.56377
-6.53097
-6.49964
-6.47272
-6.45653
-6.45113
-6.45925
-6.47601
-6.50294
-6.53126
-6.56129
-6.59426
-6.62049
-6.64525
-6.66367
-6.67302
-6.67505
-6.67103
-6.66257
-6.64863
-6.63472
-6.62033
-6.60834
-6.59945
-6.59579
-6.58621
-6.58261
-6.58121
-6.58024
-6.58274
-6.59257
-6.60365
-6.62028
-6.64194
-6.6636
-6.67626
-6.68494
-6.68323
-6.6801
-6.67826
-6.66877
-6.65878
-6.64214
-6.61896
-6.59179
-6.55962
-6.52632
-6.50091
-6.48411
-6.47638
-6.47913
-6.49245
-6.5071
-6.51947
-6.52279
-6.51637
-6.50168
-6.48091
-6.4571
-6.43718
-6.42304
-6.4185
-6.42518
-6.44356
-6.47289
-6.51127
-6.55396
-6.59446
-6.62776
-6.65459
-6.67061
-6.67945
-6.67869
-6.67518
-6.66501
-6.64986
-6.62817
-6.60343
-6.57652
-6.55685
-6.53966
-6.52855
-6.52683
-6.52966
-6.53814
-6.54953
-6.56061
-6.5748
-6.58808
-6.60166
-6.61276
-6.62382
-6.62979
-6.63108
-6.62564
-6.61952
-6.61034
-6.6034
-6.59708
-6.59144
-6.58725
-6.5842
-6.58416
-6.58798
-6.59817
-6.61184
-6.62379
-6.63133
-6.63018
-6.61946
-6.60809
-6.59895
-6.59284
-6.59027
-6.59081
-6.59117
-6.58992
-6.58735
-6.58224
-6.57806
-6.57459
-6.57299
-6.56978
-6.56906
-6.56843
-6.56452
-6.55332
-6.54185
-6.52402
-6.5068
-6.49144
-6.48334
-6.4856
-6.49951
-6.51787
-6.54021
-6.56195
-6.57876
-6.59766
-6.61508
-6.63396
-6.64831
-6.65616
-6.65254
-6.6391
-6.61746
-6.59057
-6.56658
-6.54714
-6.53607
-6.53215
-6.5353
-6.53899
-6.53829
-6.5328
-6.52566
-6.51855
-6.5135
-6.51411
-6.51739
-6.52852
-6.54347
-6.55831
-6.57423
-6.5869
-6.60092
-6.61387
-6.62387
-6.63339
-6.63895
-6.64035
-6.63633
-6.63287
-6.62709
-6.62328
-6.6194
-6.61378
-6.61196
-6.61141
-6.61172
-6.61688
-6.62253
-6.62739
-6.62643
-6.62133
-6.60591
-6.58783
-6.56611
-6.53926
-6.51263
-6.49018
-6.47807
-6.47226
-6.47371
-6.48273
-6.49313
-6.50566
-6.51998
-6.53408
-6.55102
-6.56585
-6.57754
-6.58067
-6.57698
-6.56288
-6.54008
-6.51032
-6.48141
-6.45988
-6.44703
-6.44559
-6.45622
-6.48006
-6.5096
-6.54656
-6.58518
-6.62414
-6.66125
-6.68767
-6.70068
-6.69605
-6.67412
-6.64039
-6.59725
-6.55574
-6.51564
-6.48526
-6.46747
-6.459
-6.45398
-6.45943
-6.47221
-6.48957
-6.5098
-6.53054
-6.54988
-6.57209
-6.59664
-6.63305
-6.67953
-6.73443
-6.78716
-6.83059
-6.86125
-6.87477
-6.87015
-6.85051
-6.81307
-6.76418
-6.70157
-6.62924
-6.56008
-6.4971
-6.45004
-6.42762
-6.42631
-6.44114
-6.46968
-6.49932
-6.52678
-6.55096
-6.56604
-6.57065
-6.56507
-6.54889
-6.5288
-6.50441
-6.47858
-6.45864
-6.44577
-6.44093
-6.44645
-6.46276
-6.48617
-6.51073
-6.54097
-6.56953
-6.59489
-6.61896
-6.63688
-6.65178
-6.66313
-6.672
-6.674
-6.67327
-6.6724
-6.66727
-6.6596
-6.64561
-6.62911
-6.60639
-6.58153
-6.55876
-6.53836
-6.52647
-6.52235
-6.52929
-6.53775
-6.54982
-6.55928
-6.5668
-6.56903
-6.57175
-6.57274
-6.57401
-6.57257
-6.57141
-6.5662
-6.55434
-6.54006
-6.52012
-6.49813
-6.47564
-6.45128
-6.43918
-6.43808
-6.45424
-6.48494
-6.52614
-6.56928
-6.61281
-6.64707
-6.67308
-6.68595
-6.68728
-6.67982
-6.66129
-6.63764
-6.60979
-6.5801
-6.54877
-6.51965
-6.49377
-6.47489
-6.46221
-6.45975
-6.47431
-6.4997
-6.53547
-6.57531
-6.61751
-6.65685
-6.69096
-6.72008
-6.74123
-6.75394
-6.75542
-6.74438
-6.72302
-6.69455
-6.66068
-6.62499
-6.5958
-6.56868
-6.54988
-6.53737
-6.53839
-6.54504
-6.55698
-6.57218
-6.59426
-6.61851
-6.64483
-6.66517
-6.68124
-6.68659
-6.67858
-6.66191
-6.63309
-6.59934
-6.56071
-6.51837
-6.4754
-6.43392
-6.39703
-6.37166
-6.35785
-6.35847
-6.3786
-6.41254
-6.46442
-6.5195
-6.57945
-6.63308
-6.68145
-6.71483
-6.72934
-6.72703
-6.71036
-6.67722
-6.63711
-6.59341
-6.55662
-6.53197
-6.52349
-6.53318
-6.56043
-6.59176
-6.62666
-6.6589
-6.68648
-6.70391
-6.71052
-6.70868
-6.69803
-6.68244
-6.66244
-6.63928
-6.60919
-6.58233
-6.55006
-6.51853
-6.48403
-6.44794
-6.42365
-6.40752
-6.40857
-6.42001
-6.44484
-6.47967
-6.51963
-6.56159
-6.60195
-6.63729
-6.66717
-6.68762
-6.69888
-6.70428
-6.70182
-6.69249
-6.68339
-6.67665
-6.66892
-6.66688
-6.66264
-6.65364
-6.64083
-6.62338
-6.60119
-6.57435
-6.54504
-6.5154
-6.4888
-6.46604
-6.45101
-6.44675
-6.44642
-6.44708
-6.44915
-6.45725
-6.46577
-6.48161
-6.50082
-6.52081
-6.54133
-6.56454
-6.58632
-6.60595
-6.62466
-6.64398
-6.66415
-6.68032
-6.69202
-6.69122
-6.67895
-6.66018
-6.63193
-6.60287
-6.57077
-6.54271
-6.51566
-6.49473
-6.47824
-6.46845
-6.46492
-6.47167
-6.48523
-6.50425
-6.52334
-6.53742
-6.5485
-6.54722
-6.5375
-6.52647
-6.51062
-6.49855
-6.49349
-6.49899
-6.5138
-6.53656
-6.56024
-6.58657
-6.60806
-6.63275
-6.65184
-6.66317
-6.67121
-6.67285
-6.66727
-6.65386
-6.63664
-6.61868
-6.60181
-6.59079
-6.59043
-6.59794
-6.61116
-6.62472
-6.63307
-6.63828
-6.63433
-6.61951
-6.59624
-6.56665
-6.53507
-6.50518
-6.47937
-6.46294
-6.45712
-6.46422
-6.48152
-6.50863
-6.53884
-6.56966
-6.60037
-6.62938
-6.65228
-6.66802
-6.67895
-6.68175
-6.6758
-6.6607
-6.6391
-6.61346
-6.58917
-6.57242
-6.5608
-6.55271
-6.54532
-6.54009
-6.53715
-6.53896
-6.54137
-6.54815
-6.55828
-6.57036
-6.58136
-6.58938
-6.59522
-6.59976
-6.60238
-6.60383
-6.60553
-6.60529
-6.59888
-6.59231
-6.58402
-6.57644
-6.5727
-6.57229
-6.57443
-6.57529
-6.572
-6.5664
-6.5532
-6.53688
-6.52284
-6.5097
-6.50655
-6.51186
-6.52457
-6.54109
-6.55952
-6.57587
-6.58826
-6.59967
-6.60464
-6.61225
-6.62454
-6.64436
-6.66805
-6.69235
-6.71034
-6.72125
-6.72607
-6.71679
-6.70209
-6.67802
-6.64809
-6.62224
-6.59434
-6.56927
-6.54883
-6.53305
-6.52161
-6.51609
-6.52038
-6.53005
-6.54638
-6.56459
-6.58039
-6.59007
-6.59288
-6.59195
-6.59003
-6.58708
-6.58611
-6.58634
-6.58951
-6.59275
-6.58681
-6.57763
-6.5591
-6.53931
-6.51785
-6.50214
-6.49601
-6.49894
-6.51405
-6.53936
-6.5707
-6.60548
-6.63727
-6.66588
-6.68766
-6.69986
-6.69876
-6.68749
-6.66376
-6.6331
-6.59045
-6.54375
-6.49394
-6.45023
-6.42121
-6.40937
-6.41379
-6.43491
-6.46902
-6.50617
-6.54132
-6.57457
-6.60187
-6.62554
-6.64131
-6.65023
-6.64985
-6.64462
-6.6324
-6.61718
-6.60428
-6.60141
-6.60414
-6.61218
-6.6199
-6.62297
-6.61844
-6.60578
-6.58444
-6.55787
-6.52988
-6.5051
-6.48622
-6.47305
-6.46656
-6.46111
-6.4592
-6.46107
-6.46559
-6.47769
-6.49489
-6.51866
-6.54579
-6.57599
-6.60618
-6.63217
-6.65252
-6.66575
-6.67308
-6.67227
-6.66644
-6.65635
-6.64203
-6.6271
-6.61218
-6.6044
-6.6007
-6.6053
-6.61906
-6.6313
-6.64645
-6.66027
-6.67259
-6.67814
-6.67984
-6.67354
-6.66062
-6.64408
-6.62168
-6.6017
-6.58647
-6.57269
-6.56129
-6.55379
-6.54196
-6.5247
-6.50554
-6.48199
-6.45514
-6.43013
-6.40872
-6.39361
-6.38638
-6.39202
-6.40652
-6.43083
-6.46157
-6.49145
-6.52044
-6.54497
-6.55968
-6.56798
-6.56383
-6.55203
-6.53653
-6.51939
-6.5064
-6.50641
-6.5215
-6.54259
-6.57119
-6.59832
-6.62754
-6.65147
-6.67163
-6.68364
-6.69058
-6.69574
-6.69625
-6.69274
-6.6864
-6.6734
-6.65854
-6.64162
-6.62423
-6.60388
-6.58524
-6.56642
-6.54563
-6.52464
-6.50116
-6.47757
-6.45704
-6.4454
-6.44264
-6.44944
-6.46665
-6.49434
-6.52484
-6.55669
-6.58412
-6.60291
-6.61201
-6.61537
-6.61386
-6.61023
-6.60926
-6.61837
-6.62942
-6.64595
-6.66005
-6.66873
-6.66893
-6.66305
-6.64783
-6.63086
-6.60703
-6.58393
-6.55763
-6.53384
-6.50788
-6.4859
-6.46774
-6.45557
-6.44949
-6.45186
-6.4625
-6.47924
-6.49589
-6.51303
-6.52644
-6.53345
-6.53275
-6.52482
-6.50996
-6.49377
-6.47927
-6.46783
-6.46565
-6.47272
-6.48899
-6.51888
-6.55078
-6.5792
-6.60268
-6.61845
-6.62426
-6.62301
-6.61812
-6.6119
-6.61182
-6.61735
-6.62495
-6.63272
-6.63886
-6.64274
-6.64342
-6.63943
-6.62908
-6.61382
-6.60116
-6.58901
-6.58052
-6.57717
-6.57828
-6.58373
-6.59285
-6.60112
-6.60471
-6.60495
-6.59968
-6.592
-6.57998
-6.56757
-6.55503
-6.54191
-6.5299
-6.52162
-6.51371
-6.51037
-6.51375
-6.52323
-6.53857
-6.55811
-6.57623
-6.58846
-6.5991
-6.60835
-6.62492
-6.65158
-6.68186
-6.71076
-6.73177
-6.73535
-6.72409
-6.69544
-6.66007
-6.61665
-6.56714
-6.52148
-6.48451
-6.46104
-6.44845
-6.45333
-6.46979
-6.49484
-6.52283
-6.54781
-6.56371
-6.56915
-6.55748
-6.53954
-6.51801
-6.49708
-6.48452
-6.47907
-6.48477
-6.49884
-6.51908
-6.53977
-6.55921
-6.57716
-6.59182
-6.60563
-6.61532
-6.61808
-6.61558
-6.6136
-6.61302
-6.61113
-6.61122
-6.61441
-6.62039
-6.627
-6.63358
-6.6402
-6.64584
-6.64955
-6.64725
-6.64026
-6.63279
-6.62252
-6.60987
-6.59877
-6.58634
-6.57459
-6.5685
-6.56631
-6.57168
-6.57909
-6.58913
-6.59279
-6.59426
-6.59113
-6.58505
-6.57572
-6.56282
-6.55155
-6.53778
-6.5267
-6.52427
-6.52832
-6.53165
-6.53212
-6.52453
-6.5127
-6.49909
-6.49007
-6.48563
-6.4873
-6.49488
-6.50894
-6.5262
-6.54411
-6.55916
-6.57169
-6.57936
-6.5863
-6.59102
-6.59362
-6.59508
-6.5948
-6.59371
-6.59195
-6.58958
-6.58692
-6.58596
-6.58204
-6.57701
-6.56927
-6.56017
-6.55107
-6.54784
-6.54989
-6.55706
-6.57065
-6.58488
-6.60554
-6.62881
-6.65327
-6.68084
-6.70727
-6.7231
-6.72504
-6.71379
-6.68943
-6.65893
-6.62708
-6.60154
-6.57837
-6.56062
-6.54675
-6.53801
-6.53469
-6.53314
-6.53391
-6.53422
-6.53325
-6.53279
-6.53046
-6.52403
-6.51874
-6.50915
-6.49715
-6.48323
-6.46826
-6.45417
-6.4444
-6.43865
-6.43406
-6.43548
-6.43898
-6.44591
-6.45598
-6.46697
-6.4787
-6.48931
-6.49869
-6.50654
-6.51749
-6.53159
-6.54954
-6.57112
-6.59473
-6.62011
-6.6423
-6.65795
-6.66547
-6.66478
-6.65766
-6.64334
-6.62395
-6.5969
-6.56412
-6.53096
-6.4976
-6.47319
-6.45948
-6.45548
-6.45988
-6.47113
-6.48642
-6.50933
-6.53486
-6.56452
-6.59489
-6.624
-6.64688
-6.66455
-6.67769
-6.68444
-6.68608
-6.68133
-6.67504
-6.66207
-6.64898
-6.62937
-6.60733
-6.58116
-6.55236
-6.52343
-6.50267
-6.49096
-6.49211
-6.50612
-6.52871
-6.5577
-6.58367
-6.60765
-6.62868
-6.6479
-6.66738
-6.68402
-6.69097
-6.6911
-6.67845
-6.65856
-6.6299
-6.59847
-6.56437
-6.53632
-6.5142
-6.50349
-6.49922
-6.50591
-6.51622
-6.52733
-6.53842
-6.5469
-6.55456
-6.5599
-6.56406
-6.56923
-6.57754
-6.57796
-6.57647
-6.56931
-6.55684
-6.54155
-6.53142
-6.52905
-6.5375
-6.5571
-6.58298
-6.60486
-6.62044
-6.62787
-6.62443
-6.6099
-6.59156
-6.57051
-6.55137
-6.534
-6.52597
-6.52268
-6.5222
-6.52994
-6.53875
-6.54911
-6.55927
-6.56673
-6.57203
-6.57165
-6.56621
-6.55435
-6.53612
-6.51545
-6.49413
-6.4756
-6.46284
-6.46445
-6.47356
-6.49404
-6.52208
-6.55426
-6.58706
-6.61668
-6.64421
-6.66725
-6.68246
-6.69195
-6.69105
-6.67572
-6.65267
-6.62042
-6.58697
-6.5546
-6.52611
-6.50153
-6.48336
-6.47673
-6.47834
-6.49389
-6.51925
-6.55221
-6.58597
-6.61601
-6.64069
-6.66009
-6.67301
-6.67917
-6.67489
-6.66331
-6.63712
-6.60012
-6.56424
-6.52571
-6.49588
-6.47642
-6.46731
-6.4645
-6.47167
-6.49098
-6.51986
-6.5542
-6.59524
-6.63782
-6.67667
-6.71256
-6.73952
-6.7576
-6.76707
-6.76572
-6.75804
-6.74765
-6.73033
-6.71194
-6.69045
-6.66639
-6.63635
-6.60454
-6.57078
-6.53883
-6.51488
-6.50496
-6.50601
-6.51613
-6.5317
-6.55212
-6.56859
-6.5815
-6.58854
-6.58766
-6.57727
-6.5589
-6.53479
-6.50453
-6.4734
-6.44153
-6.42177
-6.41021
-6.41068
-6.42146
-6.43728
-6.45782
-6.4807
-6.50294
-6.52401
-6.54608
-6.56895
-6.58987
-6.61192
-6.62924
-6.63783
-6.64032
-6.63078
-6.61531
-6.59126
-6.56881
-6.54814
-6.53317
-6.52505
-6.52057
-6.52312
-6.52887
-6.53651
-6.54798
-6.56373
-6.58084
-6.59483
-6.60236
-6.60663
-6.60687
-6.60466
-6.59967
-6.59644
-6.59669
-6.60939
-6.62138
-6.64309
-6.66349
-6.68108
-6.69198
-6.69152
-6.67707
-6.64788
-6.61492
-6.57931
-6.54502
-6.51554
-6.48895
-6.47092
-6.46543
-6.46699
-6.47994
-6.4994
-6.52438
-6.54715
-6.5655
-6.57927
-6.59442
-6.60741
-6.61586
-6.62489
-6.63654
-6.64784
-6.65823
-6.67103
-6.68072
-6.68704
-6.6862
-6.67722
-6.6664
-6.65019
-6.62992
-6.60921
-6.58646
-6.56206
-6.53403
-6.50191
-6.46491
-6.43245
-6.40972
-6.39885
-6.40816
-6.43768
-6.48355
-6.53644
-6.59357
-6.6424
-6.68236
-6.71035
-6.72178
-6.71963
-6.7038
-6.68062
-6.65304
-6.62405
-6.60181
-6.587
-6.58114
-6.5852
-6.59803
-6.6098
-6.6145
-6.60963
-6.5933
-6.56811
-6.53876
-6.50932
-6.48881
-6.48124
-6.48354
-6.496
-6.51817
-6.54196
-6.56734
-6.59237
-6.61034
-6.62514
-6.6353
-6.63485
-6.62993
-6.61888
-6.60209
-6.58205
-6.55778
-6.53525
-6.5163
-6.50703
-6.50685
-6.51568
-6.52901
-6.5445
-6.5566
-6.56441
-6.56938
-6.57275
-6.5775
-6.58328
-6.59356
-6.60384
-6.61325
-6.61728
-6.61398
-6.60918
-6.60117
-6.59264
-6.58141
-6.5717
-6.56158
-6.55477
-6.55602
-6.56595
-6.57749
-6.59219
-6.60434
-6.61337
-6.61611
-6.61562
-6.60901
-6.59391
-6.57252
-6.55212
-6.5316
-6.51396
-6.50492
-6.49956
-6.50317
-6.50869
-6.52102
-6.53847
-6.55924
-6.58381
-6.60714
-6.63058
-6.65356
-6.66867
-6.68352
-6.69134
-6.69037
-6.6839
-6.6745
-6.66126
-6.64526
-6.6257
-6.59983
-6.57135
-6.53866
-6.50483
-6.47341
-6.45238
-6.44271
-6.4472
-6.46303
-6.49035
-6.51936
-6.54406
-6.56413
-6.57782
-6.58688
-6.58892
-6.58524
-6.57993
-6.57401
-6.56617
-6.56
-6.5589
-6.55778
-6.55441
-6.54965
-6.54341
-6.53665
-6.52526
-6.51276
-6.50411
-6.5045
-6.51034
-6.52951
-6.55951
-6.59493
-6.62971
-6.6563
-6.67299
-6.67314
-6.663
-6.64279
-6.6123
-6.57734
-6.54216
-6.50615
-6.47278
-6.44503
-6.4268
-6.42197
-6.43307
-6.45911
-6.49269
-6.53037
-6.56997
-6.60477
-6.63569
-6.65824
-6.66949
-6.67287
-6.6706
-6.66297
-6.65026
-6.63676
-6.62482
-6.61455
-6.60834
-6.60366
-6.60078
-6.59992
-6.5963
-6.59284
-6.5846
-6.57578
-6.55979
-6.53692
-6.51539
-6.49732
-6.48735
-6.48554
-6.49642
-6.51585
-6.54349
-6.56903
-6.59239
-6.61045
-6.61949
-6.61962
-6.6139
-6.60297
-6.58955
-6.58124
-6.57848
-6.57891
-6.58062
-6.5851
-6.59374
-6.6022
-6.61127
-6.62003
-6.62478
-6.62546
-6.61944
-6.60774
-6.59562
-6.58343
-6.57506
-6.56868
-6.56345
-6.56339
-6.5656
-6.57072
-6.57797
-6.58945
-6.59947
-6.6101
-6.62063
-6.62485
-6.62181
-6.61052
-6.59128
-6.56803
-6.54101
-6.51633
-6.49593
-6.48458
-6.47976
-6.48464
-6.49592
-6.51067
-6.53191
-6.5596
-6.58487
-6.60759
-6.62556
-6.64202
-6.65424
-6.66424
-6.67148
-6.67323
-6.66958
-6.66064
-6.64441
-6.61613
-6.58313
-6.54565
-6.50566
-6.47533
-6.45983
-6.46457
-6.49715
-6.54922
-6.61069
-6.67086
-6.72022
-6.74816
-6.7575
-6.74598
-6.72394
-6.6922
-6.6613
-6.63693
-6.6186
-6.60088
-6.58535
-6.57083
-6.55103
-6.52275
-6.49451
-6.46423
-6.44051
-6.42625
-6.42534
-6.43608
-6.45942
-6.49273
-6.52784
-6.56522
-6.59962
-6.62741
-6.64803
-6.65858
-6.65846
-6.64581
-6.62423
-6.59688
-6.56516
-6.53537
-6.50717
-6.48712
-6.47697
-6.47802
-6.49036
-6.51287
-6.53824
-6.56533
-6.5854
-6.6015
-6.61027
-6.6161
-6.62062
-6.62692
-6.63507
-6.64457
-6.65205
-6.65989
-6.66902
-6.67225
-6.66775
-6.65846
-6.64376
-6.62662
-6.60679
-6.59317
-6.58156
-6.57356
-6.56552
-6.55991
-6.5511
-6.54407
-6.53563
-6.52571
-6.51308
-6.50423
-6.49828
-6.4965
-6.50209
-6.51103
-6.52099
-6.53086
-6.53939
-6.5422
-6.54589
-6.54647
-6.55407
-6.56831
-6.58617
-6.6055
-6.62742
-6.64743
-6.66171
-6.67157
-6.67734
-6.67782
-6.67977
-6.68137
-6.68177
-6.68461
-6.68527
-6.68375
-6.67494
-6.66289
-6.64198
-6.61568
-6.5811
-6.54092
-6.49643
-6.4535
-6.41957
-6.39538
-6.38353
-6.38394
-6.39204
-6.4107
-6.438
-6.4742
-6.5144
-6.55627
-6.59656
-6.63584
-6.66734
-6.68677
-6.70093
-6.70071
-6.69187
-6.67783
-6.65589
-6.63461
-6.6137
-6.59377
-6.57833
-6.56227
-6.54444
-6.53298
-6.52096
-6.51701
-6.51819
-6.52552
-6.54387
-6.56924
-6.60107
-6.63021
-6.65377
-6.66895
-6.67211
-6.6693
-6.66125
-6.65026
-6.63623
-6.62197
-6.60766
-6.59453
-6.58029
-6.56904
-6.55918
-6.55446
-6.556
-6.56288
-6.5749
-6.58895
-6.60038
-6.61035
-6.61471
-6.61209
-6.60353
-6.59065
-6.57182
-6.54962
-6.52873
-6.51229
-6.50254
-6.50147
-6.50856
-6.51485
-6.52258
-6.53099
-6.543
-6.55629
-6.57175
-6.59073
-6.60698
-6.6241
-6.63519
-6.6463
-6.65048
-6.65341
-6.65282
-6.65171
-6.65065
-6.65157
-6.65043
-6.65159
-6.65523
-6.65419
-6.65035
-6.64056
-6.62421
-6.60035
-6.5702
-6.53946
-6.50964
-6.48447
-6.46623
-6.45745
-6.45495
-6.4611
-6.47005
-6.48244
-6.49348
-6.50451
-6.51117
-6.51571
-6.51431
-6.50711
-6.49352
-6.48227
-6.47944
-6.48983
-6.51171
-6.54327
-6.57896
-6.61442
-6.64648
-6.67406
-6.69618
-6.71461
-6.72714
-6.73429
-6.73524
-6.72812
-6.71055
-6.68067
-6.64156
-6.59755
-6.55081
-6.51293
-6.48265
-6.47406
-6.48998
-6.5291
-6.58372
-6.64616
-6.70255
-6.74589
-6.76748
-6.76824
-6.75526
-6.7234
-6.68249
-6.63341
-6.58286
-6.53642
-6.49216
-6.45945
-6.44298
-6.44081
-6.45842
-6.49365
-6.53573
-6.58093
-6.61838
-6.64504
-6.66482
-6.67502
-6.67894
-6.67959
-6.67248
-6.65668
-6.63358
-6.60777
-6.57743
-6.54736
-6.51779
-6.48939
-6.46967
-6.4585
-6.45235
-6.45351
-6.45964
-6.47342
-6.49156
-6.5088
-6.52064
-6.52826
-6.5328
-6.5355
-6.53512
-6.53749
-6.54359
-6.55182
-6.56342
-6.57253
-6.58047
-6.5875
-6.58773
-6.58565
-6.578
-6.56801
-6.55641
-6.54811
-6.54562
-6.55114
-6.56363
-6.58124
-6.60457
-6.6331
-6.65808
-6.67848
-6.69304
-6.70219
-6.70369
-6.70124
-6.69571
-6.69353
-6.6955
-6.70149
-6.70736
-6.71668
-6.72541
-6.7272
-6.72246
-6.71008
-6.69169
-6.66748
-6.64077
-6.61363
-6.59001
-6.56849
-6.55058
-6.53067
-6.51018
-6.48582
-6.46106
-6.43874
-6.42897
-6.42794
-6.43762
-6.44874
-6.46218
-6.47288
-6.47924
-6.48325
-6.48504
-6.48409
-6.47549
-6.46596
-6.4598
-6.4582
-6.4655
-6.48505
-6.51191
-6.54228
-6.57208
-6.59574
-6.61366
-6.61926
-6.61559
-6.60269
-6.58782
-6.57199
-6.56031
-6.55527
-6.55423
-6.55845
-6.56805
-6.57838
-6.58721
-6.59078
-6.58898
-6.58139
-6.57331
-6.56563
-6.56111
-6.55827
-6.56079
-6.56571
-6.57396
-6.58097
-6.58555
-6.58981
-6.59208
-6.59632
-6.59815
-6.60021
-6.60045
-6.59952
-6.59974
-6.6017
-6.60918
-6.62466
-6.64519
-6.66755
-6.68576
-6.69907
-6.70214
-6.69301
-6.67183
-6.64573
-6.61709
-6.58988
-6.56375
-6.54259
-6.52498
-6.51275
-6.50812
-6.51226
-6.51726
-6.52425
-6.5328
-6.53561
-6.53947
-6.54008
-6.53568
-6.53095
-6.52905
-6.52682
-6.52235
-6.52239
-6.52142
-6.51807
-6.51443
-6.51394
-6.5164
-6.52819
-6.54491
-6.5655
-6.58695
-6.60766
-6.62047
-6.62024
-6.61584
-6.6025
-6.58614
-6.57266
-6.56444
-6.5631
-6.56608
-6.57159
-6.57971
-6.58629
-6.59713
-6.60508
-6.61045
-6.61134
-6.60881
-6.60093
-6.58859
-6.57467
-6.56469
-6.5574
-6.55517
-6.55942
-6.56452
-6.57335
-6.57863
-6.58304
-6.58794
-6.59583
-6.60632
-6.61959
-6.63159
-6.64037
-6.64105
-6.63616
-6.62427
-6.60329
-6.5756
-6.54113
-6.50816
-6.47906
-6.46125
-6.45321
-6.45652
-6.46787
-6.48442
-6.502
-6.51781
-6.52771
-6.53565
-6.53683
-6.52963
-6.51824
-6.51028
-6.50643
-6.51103
-6.52314
-6.54749
-6.57787
-6.61152
-6.64786
-6.67717
-6.70069
-6.71723
-6.72719
-6.73226
-6.73532
-6.73326
-6.7297
-6.71546
-6.69556
-6.66294
-6.62391
-6.58321
-6.54341
-6.51247
-6.49321
-6.48453
-6.48343
-6.48729
-6.49356
-6.49612
-6.49582
-6.49157
-6.48425
-6.47645
-6.46922
-6.4637
-6.46243
-6.46697
-6.4763
-6.48766
-6.50297
-6.52094
-6.53648
-6.55432
-6.57265
-6.59119
-6.61299
-6.63542
-6.65419
-6.67295
-6.68547
-6.69157
-6.69221
-6.68926
-6.68034
-6.66901
-6.65326
-6.63756
-6.62129
-6.60428
-6.58898
-6.57875
-6.57486
-6.57448
-6.57818
-6.58269
-6.58446
-6.58181
-6.5693
-6.55401
-6.53523
-6.51317
-6.49143
-6.47314
-6.45726
-6.45159
-6.45634
-6.47208
-6.49502
-6.52397
-6.54933
-6.56529
-6.56914
-6.56496
-6.56098
-6.55439
-6.55201
-6.55573
-6.56784
-6.59092
-6.61871
-6.64827
-6.67834
-6.70441
-6.72136
-6.72746
-6.71735
-6.69928
-6.67202
-6.64263
-6.61242
-6.58323
-6.55742
-6.53661
-6.52377
-6.5201
-6.52603
-6.54021
-6.55903
-6.58311
-6.60391
-6.61938
-6.62965
-6.63586
-6.64261
-6.6486
-6.65002
-6.65078
-6.64397
-6.63571
-6.6217
-6.61042
-6.59821
-6.58657
-6.58073
-6.57832
-6.58066
-6.58055
-6.57853
-6.57071
-6.55705
-6.53932
-6.51973
-6.50131
-6.48911
-6.48677
-6.49375
-6.51053
-6.53245
-6.55805
-6.58859
-6.6137
-6.63468
-6.64304
-6.64189
-6.63204
-6.60685
-6.56997
-6.52828
-6.48629
-6.44982
-6.42642
-6.42279
-6.43757
-6.46414
-6.50459
-6.54773
-6.5893
-6.62567
-6.65209
-6.67024
-6.67726
-6.67809
-6.67059
-6.6601
-6.64436
-6.63132
-6.61626
-6.60502
-6.59881
-6.5938
-6.59288
-6.58798
-6.57959
-6.56392
-6.54302
-6.51339
-6.48464
-6.45995
-6.44873
-6.45514
-6.47729
-6.50786
-6.54205
-6.57432
-6.6012
-6.62156
-6.63622
-6.64263
-6.64633
-6.64519
-6.63771
-6.62296
-6.61003
-6.59265
-6.5766
-6.56025
-6.5418
-6.52761
-6.51114
-6.49894
-6.49488
-6.50465
-6.51838
-6.53802
-6.56094
-6.58286
-6.59929
-6.61286
-6.61936
-6.62165
-6.62255
-6.62017
-6.61824
-6.61651
-6.61665
-6.61509
-6.61104
-6.60663
-6.60014
-6.59151
-6.58074
-6.56986
-6.56174
-6.55322
-6.54885
-6.5477
-6.55248
-6.56144
-6.57127
-6.58251
-6.58875
-6.59076
-6.5906
-6.58317
-6.57353
-6.56222
-6.54983
-6.54038
-6.53198
-6.52878
-6.53319
-6.53981
-6.55116
-6.56492
-6.58266
-6.60184
-6.62248
-6.63795
-6.64779
-6.64858
-6.63482
-6.60841
-6.57602
-6.53817
-6.49804
-6.45658
-6.42071
-6.40048
-6.39617
-6.41555
-6.45565
-6.50852
-6.56953
-6.629
-6.68018
-6.71692
-6.73549
-6.73908
-6.72897
-6.70792
-6.67853
-6.64373
-6.60876
-6.57849
-6.5564
-6.542
-6.53743
-6.54714
-6.56719
-6.58864
-6.61101
-6.62751
-6.63785
-6.63173
-6.61351
-6.58546
-6.55443
-6.52596
-6.50412
-6.49708
-6.49877
-6.51078
-6.52777
-6.55114
-6.57656
-6.6059
-6.63559
-6.66016
-6.67946
-6.68479
-6.67881
-6.65905
-6.63486
-6.60981
-6.58525
-6.56485
-6.5545
-6.55135
-6.55974
-6.57007
-6.57835
-6.58178
-6.58271
-6.57517
-6.56055
-6.54677
-6.53912
-6.53538
-6.53612
-6.53798
-6.53836
-6.53821
-6.53617
-6.53471
-6.53266
-6.53354
-6.53821
-6.54878
-6.55797
-6.56561
-6.57365
-6.57739
-6.57529
-6.56681
-6.5485
-6.52653
-6.50221
-6.482
-6.46916
-6.46654
-6.47008
-6.47539
-6.48232
-6.49348
-6.50709
-6.51837
-6.53039
-6.53947
-6.54015
-6.53345
-6.5235
-6.51408
-6.50928
-6.51203
-6.51568
-6.52139
-6.52473
-6.52368
-6.52194
-6.51917
-6.51572
-6.51977
-6.52947
-6.54572
-6.57049
-6.59875
-6.62296
-6.65061
-6.676
-6.7006
-6.71951
-6.73254
-6.73793
-6.7366
-6.72915
-6.71834
-6.70994
-6.69974
-6.68897
-6.67443
-6.6605
-6.64599
-6.6296
-6.61355
-6.59289
-6.57092
-6.54777
-6.52755
-6.50808
-6.49436
-6.48479
-6.48462
-6.49141
-6.50417
-6.5248
-6.54884
-6.57088
-6.59154
-6.60096
-6.60659
-6.608
-6.60851
-6.61136
-6.61733
-6.62643
-6.63277
-6.63586
-6.63656
-6.63488
-6.63321
-6.6318
-6.63025
-6.62428
-6.61231
-6.59443
-6.56718
-6.53359
-6.49713
-6.46442
-6.44048
-6.42378
-6.41461
-6.41215
-6.41206
-6.41632
-6.4253
-6.44011
-6.45408
-6.47269
-6.49014
-6.51267
-6.53338
-6.55355
-6.57086
-6.58564
-6.5944
-6.5997
-6.59757
-6.5927
-6.5837
-6.5686
-6.55282
-6.54072
-6.53231
-6.53089
-6.53242
-6.53681
-6.54261
-6.54566
-6.54594
-6.54791
-6.55304
-6.55867
-6.56889
-6.58501
-6.60741
-6.62561
-6.64673
-6.66496
-6.68058
-6.68716
-6.69014
-6.68373
-6.66773
-6.64412
-6.61653
-6.58476
-6.55663
-6.53448
-6.51562
-6.50498
-6.50019
-6.49879
-6.50396
-6.51332
-6.52395
-6.53416
-6.54412
-6.55068
-6.55639
-6.56538
-6.58133
-6.60148
-6.6243
-6.65187
-6.67624
-6.70136
-6.72309
-6.73645
-6.73965
-6.73353
-6.71743
-6.69355
-6.66459
-6.62909
-6.59362
-6.55895
-6.52602
-6.49871
-6.4778
-6.45799
-6.44808
-6.44447
-6.44554
-6.45016
-6.45583
-6.46432
-6.47652
-6.4917
-6.51045
-6.53331
-6.56285
-6.58997
-6.61728
-6.6384
-6.65191
-6.65799
-6.65626
-6.64858
-6.63579
-6.61648
-6.59751
-6.57969
-6.56667
-6.55842
-6.55686
-6.56302
-6.57416
-6.586
-6.59701
-6.6026
-6.60618
-6.61066
-6.61139
-6.61138
-6.6157
-6.61945
-6.62666
-6.63592
-6.64361
-6.65008
-6.65617
-6.65703
-6.65509
-6.64615
-6.63425
-6.62008
-6.60913
-6.59938
-6.59332
-6.58688
-6.58073
-6.57702
-6.57488
-6.57119
-6.56909
-6.57086
-6.57263
-6.57291
-6.56893
-6.56245
-6.55954
-6.55984
-6.56039
-6.56196
-6.56604
-6.568
-6.5733
-6.57357
-6.57301
-6.56757
-6.55834
-6.54319
-6.52458
-6.50493
-6.48859
-6.47893
-6.47967
-6.48692
-6.50037
-6.51622
-6.53097
-6.54113
-6.54906
-6.55684
-6.56086
-6.56087
-6.5586
-6.5548
-6.54971
-6.54734
-6.54586
-6.5497
-6.56184
-6.57645
-6.59287
-6.60652
-6.61544
-6.61736
-6.61263
-6.59841
-6.57634
-6.54929
-6.52517
-6.50777
-6.50282
-6.50569
-6.51154
-6.51719
-6.51622
-6.50936
-6.4953
-6.48119
-6.4692
-6.46914
-6.48368
-6.51127
-6.54708
-6.58156
-6.61243
-6.63619
-6.65323
-6.66323
-6.66346
-6.65292
-6.63505
-6.61316
-6.59172
-6.57227
-6.55813
-6.54953
-6.55142
-6.5581
-6.57004
-6.58858
-6.60513
-6.62073
-6.62418
-6.61928
-6.60534
-6.58394
-6.56356
-6.54525
-6.53308
-6.52884
-6.53226
-6.54188
-6.55398
-6.56626
-6.57432
-6.58144
-6.58834
-6.59529
-6.60099
-6.6057
-6.60854
-6.61265
-6.61937
-6.6325
-6.64798
-6.66083
-6.67009
-6.67095
-6.66434
-6.65531
-6.64447
-6.62679
-6.60925
-6.5909
-6.57339
-6.55321
-6.53131
-6.50619
-6.48376
-6.46224
-6.44452
-6.43469
-6.4344
-6.44842
-6.47125
-6.50083
-6.5292
-6.55137
-6.56667
-6.57159
-6.57138
-6.56088
-6.5501
-6.53937
-6.52558
-6.5179
-6.51191
-6.5137
-6.51835
-6.52881
-6.54269
-6.56318
-6.58678
-6.60571
-6.62235
-6.63147
-6.63253
-6.62602
-6.61153
-6.59616
-6.57961
-6.55944
-6.53916
-6.51874
-6.49456
-6.47304
-6.4524
-6.43452
-6.42077
-6.41128
-6.41004
-6.41502
-6.43279
-6.46121
-6.49929
-6.54957
-6.59915
-6.64839
-6.68889
-6.71521
-6.72779
-6.71995
-6.70064
-6.66894
-6.63079
-6.59303
-6.56562
-6.54246
-6.53349
-6.53359
-6.54033
-6.55427
-6.57134
-6.59091
-6.61081
-6.62492
-6.63284
-6.63217
-6.61988
-6.60094
-6.57601
-6.54916
-6.52417
-6.50211
-6.49155
-6.49146
-6.50345
-6.52657
-6.55821
-6.59304
-6.62687
-6.65613
-6.67676
-6.68664
-6.69105
-6.6889
-6.68043
-6.66898
-6.65634
-6.63573
-6.61324
-6.59036
-6.56879
-6.54863
-6.53447
-6.52711
-6.52604
-6.53025
-6.53601
-6.54192
-6.54881
-6.55494
-6.55593
-6.55428
-6.55387
-6.55088
-6.55093
-6.55259
-6.551
-6.54773
-6.54128
-6.53577
-6.53113
-6.53118
-6.54337
-6.55922
-6.58139
-6.60664
-6.62533
-6.63395
-6.63793
-6.63026
-6.61324
-6.59148
-6.56747
-6.54997
-6.54266
-6.54699
-6.56267
-6.5886
-6.61665
-6.63954
-6.65151
-6.65176
-6.63931
-6.61756
-6.59183
-6.56537
-6.54121
-6.52387
-6.51803
-6.52007
-6.5286
-6.54274
-6.55875
-6.57483
-6.58596
-6.59707
-6.6068
-6.61588
-6.6224
-6.62123
-6.61876
-6.61468
-6.60565
-6.60196
-6.60103
-6.60189
-6.60324
-6.60699
-6.60891
-6.61185
-6.61565
-6.62207
-6.62899
-6.63454
-6.63519
-6.62933
-6.61215
-6.58567
-6.55214
-6.51701
-6.48488
-6.45521
-6.43385
-6.41833
-6.41349
-6.41922
-6.43243
-6.45581
-6.48197
-6.50988
-6.53506
-6.55553
-6.57139
-6.58304
-6.58917
-6.59709
-6.60578
-6.6151
-6.62318
-6.63318
-6.64515
-6.65604
-6.66375
-6.66721
-6.66772
-6.66102
-6.64717
-6.63287
-6.61332
-6.59677
-6.5839
-6.57728
-6.57769
-6.57673
-6.57783
-6.57911
-6.57703
-6.57513
-6.57069
-6.56661
-6.56144
-6.55613
-6.547
-6.54235
-6.53784
-6.53706
-6.53303
-6.52647
-6.51485
-6.49755
-6.48003
-6.46658
-6.45822
-6.4571
-6.46739
-6.48036
-6.4976
-6.52013
-6.53996
-6.5616
-6.58405
-6.60573
-6.62548
-6.6466
-6.66628
-6.6834
-6.69511
-6.70141
-6.70124
-6.69473
-6.67854
-6.64973
-6.61682
-6.57753
-6.53908
-6.50544
-6.48495
-6.47911
-6.4879
-6.50533
-6.52633
-6.55209
-6.57297
-6.5866
-6.59754
-6.61424
-6.63467
-6.65972
-6.68216
-6.69979
-6.71355
-6.72179
-6.72116
-6.70719
-6.6789
-6.643
-6.60394
-6.56553
-6.53054
-6.50531
-6.48965
-6.48595
-6.4913
-6.50543
-6.52261
-6.54312
-6.55937
-6.56968
-6.57314
-6.5701
-6.56567
-6.56091
-6.56137
-6.56498
-6.57105
-6.57797
-6.58468
-6.58528
-6.58243
-6.57654
-6.5692
-6.56041
-6.55491
-6.54845
-6.54585
-6.54504
-6.55014
-6.55877
-6.56458
-6.57222
-6.57986
-6.58229
-6.58231
-6.58629
-6.5889
-6.58971
-6.58866
-6.58313
-6.57541
-6.56374
-6.54906
-6.53256
-6.51399
-6.49188
-6.47176
-6.45812
-6.45495
-6.46749
-6.49907
-6.54388
-6.59738
-6.65096
-6.69802
-6.72957
-6.74823
-6.74836
-6.73356
-6.70599
-6.67432
-6.64191
-6.61477
-6.59681
-6.58809
-6.5868
-6.59113
-6.59326
-6.5945
-6.59305
-6.58664
-6.57468
-6.55466
-6.53549
-6.51706
-6.49995
-6.49006
-6.48689
-6.49431
-6.50733
-6.52618
-6.54686
-6.56454
-6.57576
-6.58288
-6.58547
-6.57988
-6.57066
-6.55612
-6.53991
-6.52485
-6.51719
-6.51483
-6.52278
-6.53621
-6.55042
-6.56529
-6.5776
-6.58539
-6.59048
-6.59373
-6.59971
-6.60531
-6.61554
-6.62356
-6.63329
-6.63788
-6.63679
-6.6292
-6.61613
-6.59966
-6.57905
-6.55972
-6.53965
-6.52568
-6.5176
-6.51432
-6.51731
-6.52878
-6.54647
-6.57585
-6.6092
-6.6419
-6.66754
-6.67911
-6.6796
-6.66856
-6.65254
-6.63126
-6.61195
-6.59493
-6.57948
-6.57008
-6.5649
-6.56083
-6.56209
-6.56427
-6.57113
-6.57771
-6.58292
-6.59008
-6.59923
-6.60983
-6.61902
-6.62889
-6.63605
-6.63784
-6.63001
-6.61682
-6.60042
-6.58241
-6.56784
-6.55727
-6.54865
-6.54435
-6.54371
-6.54576
-6.55116
-6.55848
-6.56851
-6.57956
-6.58812
-6.59981
-6.60711
-6.61897
-6.631
-6.64161
-6.65488
-6.66513
-6.67
-6.66994
-6.6672
-6.65521
-6.63902
-6.61771
-6.59769
-6.57574
-6.55749
-6.53898
-6.5263
-6.51611
-6.50489
-6.49364
-6.48271
-6.46785
-6.45311
-6.4419
-6.43734
-6.44054
-6.45322
-6.47513
-6.50389
-6.53625
-6.56471
-6.58175
-6.5856
-6.57569
-6.55338
-6.52543
-6.49957
-6.4845
-6.48499
-6.5008
-6.52713
-6.5572
-6.59393
-6.62536
-6.65194
-6.6741
-6.68739
-6.69444
-6.69384
-6.68695
-6.67287
-6.65426
-6.63123
-6.60572
-6.58575
-6.57449
-6.56715
-6.56612
-6.56327
-6.55931
-6.55003
-6.53779
-6.52149
-6.50871
-6.49929
-6.49716
-6.49715
-6.49824
-6.50116
-6.50831
-6.51679
-6.52672
-6.54083
-6.55546
-6.56963
-6.58425
-6.59926
-6.60912
-6.61259
-6.60942
-6.60166
-6.59259
-6.58206
-6.57481
-6.56911
-6.56804
-6.56315
-6.55419
-6.54087
-6.53088
-6.5248
-6.52953
-6.54694
-6.57358
-6.60126
-6.62648
-6.64553
-6.65878
-6.66491
-6.65889
-6.64342
-6.62413
-6.60105
-6.58175
-6.57023
-6.56932
-6.58033
-6.59591
-6.61385
-6.62928
-6.63718
-6.64059
-6.64195
-6.63463
-6.62206
-6.60405
-6.58035
-6.55339
-6.5271
-6.50984
-6.49768
-6.49179
-6.48972
-6.4901
-6.49046
-6.49177
-6.49562
-6.50329
-6.51704
-6.53243
-6.55195
-6.57726
-6.60401
-6.63359
-6.66132
-6.68282
-6.69394
-6.6992
-6.68811
-6.66626
-6.63661
-6.60158
-6.56975
-6.54079
-6.52196
-6.51398
-6.51966
-6.53105
-6.54782
-6.56403
-6.57972
-6.59127
-6.59485
-6.59788
-6.59493
-6.58969
-6.58298
-6.57736
-6.57314
-6.57488
-6.58077
-6.58734
-6.59167
-6.58985
-6.58544
-6.5781
-6.57371
-6.57283
-6.5751
-6.58262
-6.59074
-6.59459
-6.59138
-6.58298
-6.56366
-6.53977
-6.50969
-6.4825
-6.45894
-6.44242
-6.43766
-6.43804
-6.44238
-6.45344
-6.46807
-6.487
-6.51261
-6.54225
-6.57554
-6.60828
-6.63877
-6.66364
-6.68552
-6.69878
-6.70359
-6.69952
-6.68573
-6.66715
-6.64501
-6.6213
-6.60105
-6.58223
-6.56725
-6.55704
-6.54605
-6.53581
-6.52865
-6.52364
-6.51904
-6.51397
-6.51058
-6.50637
-6.49966
-6.48651
-6.47074
-6.45584
-6.4416
-6.43135
-6.42997
-6.43622
-6.44735
-6.46664
-6.48585
-6.50594
-6.5212
-6.52779
-6.52565
-6.51757
-6.50123
-6.48662
-6.47678
-6.4765
-6.48375
-6.50491
-6.54053
-6.5809
-6.62429
-6.66542
-6.69897
-6.72525
-6.74635
-6.76582
-6.77345
-6.77612
-6.77141
-6.75732
-6.73665
-6.70462
-6.66667
-6.62442
-6.58646
-6.55433
-6.52904
-6.51213
-6.5051
-6.50754
-6.51319
-6.52269
-6.53401
-6.54525
-6.55748
-6.5671
-6.57554
-6.57958
-6.57991
-6.57548
-6.56639
-6.55466
-6.5425
-6.53776
-6.53902
-6.54917
-6.56481
-6.5851
-6.60262
-6.61675
-6.62911
-6.63752
-6.64005
-6.63922
-6.63781
-6.63426
-6.63052
-6.62593
-6.62061
-6.61847
-6.61401
-6.61112
-6.60956
-6.60777
-6.60264
-6.59319
-6.57882
-6.56278
-6.54394
-6.52489
-6.50831
-6.49507
-6.48196
-6.47204
-6.47035
-6.47204
-6.48312
-6.50024
-6.52596
-6.5541
-6.58144
-6.60474
-6.61961
-6.62474
-6.62027
-6.60875
-6.59084
-6.56913
-6.54894
-6.53531
-6.52701
-6.52821
-6.53834
-6.55448
-6.57473
-6.59614
-6.61388
-6.6242
-6.62601
-6.61767
-6.60271
-6.58302
-6.56449
-6.55427
-6.55469
-6.56904
-6.59111
-6.62117
-6.6514
-6.67304
-6.68458
-6.68425
-6.67043
-6.64646
-6.61367
-6.57304
-6.53536
-6.51117
-6.50657
-6.52428
-6.55379
-6.58749
-6.61494
-6.63165
-6.63668
-6.62729
-6.61118
-6.58662
-6.56034
-6.53326
-6.51058
-6.49516
-6.4871
-6.49182
-6.50502
-6.52636
-6.55311
-6.57815
-6.60078
-6.61996
-6.63218
-6.63845
-6.63937
-6.63637
-6.62903
-6.61323
-6.59659
-6.57755
-6.56122
-6.54453
-6.53125
-6.52402
-6.52765
-6.5341
-6.54259
-6.55158
-6.56192
-6.5677
-6.57111
-6.57051
-6.56746
-6.56419
-6.55701
-6.54873
-6.54324
-6.54298
-6.54986
-6.55932
-6.57099
-6.58139
-6.59
-6.60072
-6.6079
-6.61533
-6.62335
-6.62982
-6.63498
-6.63145
-6.62329
-6.61157
-6.59551
-6.57702
-6.56373
-6.55342
-6.5472
-6.54787
-6.55281
-6.56374
-6.58172
-6.6047
-6.62306
-6.63597
-6.64119
-6.63975
-6.63127
-6.61868
-6.59784
-6.57637
-6.54844
-6.51772
-6.4945
-6.47533
-6.46348
-6.46168
-6.46968
-6.48177
-6.49772
-6.51021
-6.51913
-6.5245
-6.52196
-6.52114
-6.51736
-6.51971
-6.52619
-6.53648
-6.55039
-6.56948
-6.58857
-6.60299
-6.61708
-6.62428
-6.63322
-6.64187
-6.64948
-6.65442
-6.66476
-6.67324
-6.68537
-6.69169
-6.69536
-6.69646
-6.68731
-6.67153
-6.64993
-6.62438
-6.59748
-6.57206
-6.55473
-6.54568
-6.54703
-6.55701
-6.57108
-6.58576
-6.59287
-6.59375
-6.58909
-6.57202
-6.55362
-6.53085
-6.51107
-6.49535
-6.48139
-6.47401
-6.47649
-6.48462
-6.49859
-6.51589
-6.53599
-6.54717
-6.55746
-6.56038
-6.55978
-6.5579
-6.55334
-6.55208
-6.55382
-6.55351
-6.55596
-6.56043
-6.56803
-6.57758
-6.59151
-6.60786
-6.624
-6.63448
-6.64437
-6.64366
-6.63403
-6.61304
-6.58251
-6.54799
-6.50956
-6.47332
-6.44268
-6.42157
-6.41467
-6.4228
-6.44367
-6.47409
-6.51084
-6.54271
-6.56864
-6.58795
-6.59611
-6.59698
-6.59087
-6.58282
-6.57624
-6.57239
-6.57392
-6.58879
-6.60544
-6.6268
-6.65213
-6.67564
-6.69829
-6.7143
-6.7206
-6.7177
-6.70431
-6.68088
-6.64707
-6.60752
-6.57029
-6.53531
-6.50673
-6.48944
-6.48363
-6.48137
-6.48604
-6.49344
-6.50219
-6.51208
-6.52315
-6.53601
-6.54995
-6.56442
-6.58042
-6.59194
-6.59615
-6.59352
-6.58814
-6.58217
-6.57612
-6.57185
-6.57234
-6.57345
-6.57731
-6.58268
-6.58909
-6.59153
-6.59037
-6.58421
-6.57312
-6.56092
-6.54886
-6.54135
-6.53738
-6.54249
-6.55503
-6.57166
-6.59483
-6.61726
-6.63719
-6.64952
-6.6554
-6.65193
-6.64517
-6.63373
-6.62219
-6.60995
-6.60048
-6.5915
-6.58439
-6.57868
-6.57517
-6.57241
-6.56983
-6.56837
-6.56696
-6.56783
-6.57276
-6.58009
-6.59266
-6.60742
-6.62117
-6.62934
-6.63004
-6.62425
-6.6115
-6.58723
-6.55663
-6.52297
-6.49072
-6.46067
-6.43916
-6.42729
-6.42617
-6.43796
-6.45897
-6.48496
-6.51144
-6.53165
-6.54255
-6.55056
-6.55237
-6.55617
-6.56236
-6.56952
-6.57412
-6.57332
-6.57643
-6.57811
-6.58522
-6.59817
-6.61858
-6.64506
-6.67477
-6.70189
-6.72128
-6.73049
-6.73158
-6.72289
-6.70473
-6.67923
-6.65313
-6.6237
-6.58982
-6.55438
-6.5194
-6.4884
-6.46502
-6.45107
-6.44879
-6.46185
-6.4877
-6.52158
-6.55851
-6.59298
-6.61821
-6.63727
-6.6459
-6.64139
-6.62897
-6.607
-6.58668
-6.5643
-6.54658
-6.53911
-6.53531
-6.53682
-6.53822
-6.54154
-6.54214
-6.54442
-6.54772
-6.55111
-6.55898
-6.57272
-6.591
-6.61101
-6.62975
-6.64607
-6.65572
-6.65613
-6.65125
-6.63502
-6.61902
-6.59639
-6.57394
-6.55393
-6.53975
-6.53068
-6.52594
-6.52923
-6.53726
-6.55335
-6.57194
-6.59502
-6.61835
-6.64209
-6.661
-6.67342
-6.67554
-6.67303
-6.66207
-6.64798
-6.6344
-6.62657
-6.62633
-6.62945
-6.63757
-6.64312
-6.64277
-6.63756
-6.62083
-6.6025
-6.57986
-6.55982
-6.54642
-6.53476
-6.52691
-6.51789
-6.50842
-6.50011
-6.49344
-6.49271
-6.49677
-6.50667
-6.51756
-6.53136
-6.54387
-6.54993
-6.55348
-6.55254
-6.54737
-6.5403
-6.52926
-6.51691
-6.50727
-6.50154
-6.50399
-6.51604
-6.53921
-6.5722
-6.61005
-6.65063
-6.68559
-6.71057
-6.72179
-6.71886
-6.70608
-6.67858
-6.64584
-6.61536
-6.58692
-6.56922
-6.55968
-6.5544
-6.55632
-6.56141
-6.56505
-6.56876
-6.56946
-6.57115
-6.56774
-6.56512
-6.56019
-6.55599
-6.55101
-6.54876
-6.54974
-6.55122
-6.55142
-6.55321
-6.55201
-6.55292
-6.555
-6.55737
-6.55974
-6.56381
-6.56803
-6.57329
-6.57938
-6.58373
-6.58941
-6.59725
-6.60222
-6.60001
-6.59677
-6.58534
-6.5697
-6.55584
-6.5423
-6.53468
-6.53203
-6.53353
-6.53972
-6.54909
-6.56259
-6.58033
-6.60161
-6.62115
-6.64663
-6.6669
-6.68012
-6.68514
-6.68116
-6.66527
-6.63706
-6.6004
-6.56115
-6.52414
-6.49513
-6.47804
-6.47563
-6.48329
-6.50101
-6.52162
-6.54074
-6.56058
-6.58191
-6.59975
-6.61886
-6.63416
-6.64661
-6.65684
-6.66302
-6.65922
-6.64946
-6.62861
-6.60357
-6.57908
-6.5552
-6.52954
-6.50974
-6.49062
-6.47619
-6.46388
-6.45225
-6.44394
-6.43819
-6.43434
-6.43429
-6.44255
-6.45561
-6.47219
-6.49991
-6.53107
-6.56825
-6.60579
-6.64059
-6.66809
-6.6836
-6.68472
-6.67136
-6.64752
-6.61807
-6.58784
-6.56105
-6.53667
-6.51992
-6.50749
-6.50392
-6.50843
-6.5194
-6.53672
-6.56151
-6.58327
-6.60267
-6.61841
-6.62596
-6.62839
-6.62771
-6.62218
-6.61567
-6.60943
-6.60125
-6.596
-6.59053
-6.58446
-6.57628
-6.56607
-6.55453
-6.54054
-6.52907
-6.52508
-6.53097
-6.54767
-6.57013
-6.60066
-6.62871
-6.65381
-6.66897
-6.6758
-6.67526
-6.66944
-6.66296
-6.65145
-6.64055
-6.63214
-6.62492
-6.62219
-6.62207
-6.62453
-6.6301
-6.63306
-6.62952
-6.62013
-6.60716
-6.59053
-6.57493
-6.55883
-6.54671
-6.53728
-6.53143
-6.52757
-6.52379
-6.52257
-6.52308
-6.52815
-6.53579
-6.54277
-6.54971
-6.5549
-6.55521
-6.55028
-6.54261
-6.52902
-6.51655
-6.50794
-6.50629
-6.51386
-6.5278
-6.54248
-6.56088
-6.57792
-6.5978
-6.6147
-6.63645
-6.6593
-6.68214
-6.70584
-6.7216
-6.73252
-6.73458
-6.72354
-6.7026
-6.67276
-6.63713
-6.59873
-6.56046
-6.52638
-6.49996
-6.48916
-6.49045
-6.50114
-6.52628
-6.55762
-6.59856
-6.63857
-6.67237
-6.69628
-6.70769
-6.70734
-6.69045
-6.66782
-6.63801
-6.60679
-6.57885
-6.5564
-6.53817
-6.52656
-6.52075
-6.51995
-6.5238
-6.5326
-6.54499
-6.55976
-6.57289
-6.58231
-6.58971
-6.59333
-6.59329
-6.59
-6.58856
-6.5884
-6.58802
-6.58391
-6.58033
-6.57139
-6.55655
-6.53845
-6.52104
-6.50385
-6.48703
-6.47436
-6.46809
-6.4692
-6.47689
-6.48767
-6.50594
-6.53146
-6.55904
-6.58739
-6.61553
-6.6374
-6.65678
-6.67093
-6.67813
-6.67771
-6.67144
-6.66201
-6.6451
-6.6232
-6.60326
-6.58224
-6.56652
-6.55259
-6.54274
-6.53792
-6.53621
-6.5368
-6.53743
-6.54225
-6.5486
-6.56417
-6.58439
-6.60779
-6.62804
-6.64891
-6.66595
-6.68237
-6.69107
-6.69129
-6.68563
-6.67353
-6.65251
-6.62674
-6.59843
-6.5681
-6.5407
-6.52287
-6.51356
-6.5085
-6.51096
-6.51365
-6.51464
-6.51658
-6.51737
-6.51602
-6.51728
-6.52277
-6.52897
-6.53407
-6.53814
-6.53995
-6.54353
-6.54673
-6.55451
-6.56535
-6.57535
-6.58585
-6.59241
-6.59786
-6.60297
-6.60865
-6.6153
-6.62196
-6.62633
-6.62639
-6.6276
-6.62828
-6.62761
-6.62694
-6.62619
-6.62248
-6.61759
-6.60628
-6.59668
-6.58828
-6.58085
-6.57623
-6.57479
-6.57221
-6.56906
-6.56017
-6.55
-6.54054
-6.52929
-6.52186
-6.51913
-6.52163
-6.52608
-6.53238
-6.5391
-6.54871
-6.56026
-6.5735
-6.58824
-6.60174
-6.61348
-6.6191
-6.61792
-6.60963
-6.59603
-6.57859
-6.56394
-6.5523
-6.54414
-6.54295
-6.54185
-6.54147
-6.54543
-6.55137
-6.56037
-6.57435
-6.59077
-6.60479
-6.61993
-6.63365
-6.64498
-6.65434
-6.65805
-6.66218
-6.6641
-6.65974
-6.65256
-6.63967
-6.62214
-6.60288
-6.57687
-6.54495
-6.51286
-6.48131
-6.45805
-6.44503
-6.44643
-6.46129
-6.48607
-6.51465
-6.54644
-6.5723
-6.59597
-6.61397
-6.62189
-6.6225
-6.61252
-6.59649
-6.57863
-6.56219
-6.55608
-6.5549
-6.56103
-6.574
-6.58574
-6.60454
-6.62092
-6.63715
-6.6482
-6.65667
-6.65789
-6.65709
-6.65128
-6.63816
-6.61827
-6.59422
-6.56457
-6.53764
-6.51366
-6.4977
-6.48862
-6.48419
-6.48912
-6.49596
-6.50388
-6.51447
-6.52657
-6.53472
-6.5406
-6.54548
-6.55088
-6.5525
-6.55081
-6.54613
-6.53972
-6.53323
-6.52749
-6.52349
-6.52064
-6.52349
-6.53063
-6.53399
-6.53893
-6.54132
-6.54441
-6.54617
-6.55032
-6.55717
-6.56489
-6.57172
-6.58092
-6.58942
-6.59923
-6.61298
-6.62835
-6.64331
-6.65746
-6.6657
-6.6704
-6.67344
-6.67205
-6.66959
-6.65966
-6.6448
-6.62936
-6.61329
-6.60072
-6.58797
-6.5814
-6.57861
-6.57819
-6.57856
-6.57864
-6.57361
-6.57166
-6.57133
-6.57257
-6.5768
-6.58159
-6.58438
-6.58653
-6.58645
-6.58178
-6.57699
-6.56985
-6.56293
-6.55502
-6.5514
-6.55493
-6.55757
-6.56609
-6.57229
-6.57771
-6.58064
-6.58291
-6.5823
-6.58319
-6.58624
-6.58725
-6.59128
-6.59508
-6.59484
-6.59106
-6.58422
-6.57671
-6.56728
-6.5576
-6.54767
-6.54028
-6.53495
-6.53275
-6.53192
-6.53296
-6.53371
-6.53942
-6.55175
-6.5726
-6.59709
-6.62119
-6.64062
-6.65234
-6.65203
-6.64231
-6.62696
-6.60551
-6.58291
-6.56506
-6.54973
-6.5416
-6.54297
-6.54917
-6.56845
-6.59673
-6.62993
-6.66279
-6.69021
-6.70905
-6.71599
-6.7108
-6.69828
-6.67557
-6.65489
-6.63777
-6.62273
-6.61149
-6.60343
-6.59572
-6.58551
-6.57385
-6.56242
-6.55136
-6.54057
-6.53185
-6.52469
-6.51517
-6.50647
-6.50309
-6.50697
-6.51789
-6.53391
-6.55791
-6.5777
-6.59489
-6.60882
-6.61781
-6.62106
-6.6251
-6.62965
-6.63406
-6.63985
-6.64144
-6.6404
-6.63877
-6.63479
-6.62951
-6.6197
-6.60658
-6.59201
-6.57812
-6.56305
-6.5489
-6.53178
-6.51212
-6.49213
-6.4751
-6.45984
-6.45206
-6.44738
-6.45142
-6.46359
-6.48679
-6.51393
-6.5407
-6.56515
-6.58372
-6.59566
-6.59913
-6.59953
-6.59672
-6.58959
-6.58389
-6.57942
-6.57651
-6.57362
-6.57189
-6.5702
-6.57182
-6.5754
-6.5809
-6.58775
-6.59477
-6.60794
-6.62615
-6.64837
-6.66899
-6.68682
-6.69864
-6.69986
-6.69541
-6.68684
-6.67692
-6.66606
-6.65657
-6.64599
-6.63067
-6.61005
-6.58428
-6.55302
-6.51372
-6.47281
-6.42975
-6.395
-6.37501
-6.3697
-6.38253
-6.40962
-6.44527
-6.48802
-6.5314
-6.57205
-6.60595
-6.63569
-6.65576
-6.66671
-6.66918
-6.662
-6.65048
-6.63214
-6.61638
-6.59749
-6.58226
-6.56459
-6.55272
-6.54269
-6.54675
-6.55647
-6.57801
-6.61
-6.64457
-6.67802
-6.70287
-6.71918
-6.72523
-6.72268
-6.71055
-6.68704
-6.65799
-6.62758
-6.59523
-6.56612
-6.53702
-6.51156
-6.49201
-6.47418
-6.46204
-6.45735
-6.46145
-6.47406
-6.49484
-6.51769
-6.54022
-6.56185
-6.58232
-6.59686
-6.60233
-6.60517
-6.60612
-6.60893
-6.614
-6.62023
-6.62286
-6.62106
-6.60915
-6.59006
-6.56762
-6.54014
-6.51408
-6.4915
-6.47387
-6.46931
-6.47842
-6.5071
-6.54023
-6.57741
-6.61035
-6.63339
-6.64367
-6.6436
-6.63568
-6.61915
-6.60687
-6.59513
-6.59706
-6.60479
-6.61962
-6.64067
-6.65967
-6.68023
-6.6956
-6.71003
-6.71866
-6.72733
-6.73657
-6.74197
-6.74465
-6.73445
-6.71699
-6.68891
-6.64964
-6.60166
-6.55247
-6.50664
-6.46456
-6.43316
-6.40968
-6.39972
-6.40257
-6.41602
-6.43301
-6.45079
-6.46794
-6.4791
-6.487
-6.49938
-6.51704
-6.54004
-6.56388
-6.58505
-6.60033
-6.60763
-6.60785
-6.60495
-6.5986
-6.58759
-6.57731
-6.56937
-6.56721
-6.56805
-6.57874
-6.59421
-6.61352
-6.63205
-6.64519
-6.65392
-6.65058
-6.64078
-6.62425
-6.59993
-6.57821
-6.55737
-6.53901
-6.5264
-6.51831
-6.51688
-6.51571
-6.51512
-6.51581
-6.51711
-6.51545
-6.51644
-6.52157
-6.53071
-6.5435
-6.55897
-6.57515
-6.58674
-6.59368
-6.58879
-6.57541
-6.55112
-6.52609
-6.50347
-6.48936
-6.48866
-6.49934
-6.51944
-6.5453
-6.57363
-6.59755
-6.61787
-6.63241
-6.63626
-6.63207
-6.62405
-6.60652
-6.5878
-6.56801
-6.55082
-6.5419
-6.53939
-6.54582
-6.56004
-6.57668
-6.58935
-6.60227
-6.60794
-6.60921
-6.60573
-6.60067
-6.59316
-6.58448
-6.58045
-6.57886
-6.57968
-6.58781
-6.59617
-6.60573
-6.61437
-6.62721
-6.63662
-6.64172
-6.64336
-6.64312
-6.64149
-6.63803
-6.63309
-6.62684
-6.61205
-6.59686
-6.57695
-6.55551
-6.54016
-6.53
-6.52127
-6.51635
-6.51617
-6.52255
-6.5331
-6.54479
-6.56429
-6.58315
-6.60218
-6.61846
-6.62892
-6.6362
-6.64054
-6.63932
-6.62997
-6.6144
-6.59161
-6.56296
-6.52771
-6.49504
-6.47026
-6.46007
-6.46561
-6.48572
-6.51468
-6.54814
-6.57875
-6.60554
-6.62441
-6.63354
-6.63325
-6.62282
-6.60173
-6.57874
-6.55493
-6.5355
-6.51967
-6.5171
-6.5249
-6.54377
-6.57244
-6.60825
-6.64093
-6.66836
-6.68578
-6.70164
-6.70701
-6.70292
-6.69388
-6.67835
-6.65467
-6.62773
-6.59778
-6.56635
-6.53649
-6.50956
-6.48373
-6.46219
-6.44638
-6.43494
-6.43255
-6.4315
-6.4294
-6.42983
-6.43111
-6.43648
-6.44571
-6.46273
-6.4841
-6.50922
-6.5339
-6.55571
-6.57068
-6.58078
-6.58101
-6.56999
-6.55437
-6.53817
-6.52479
-6.51388
-6.51163
-6.51491
-6.52563
-6.5436
-6.5665
-6.59003
-6.61955
-6.64733
-6.67156
-6.6924
-6.7031
-6.70511
-6.70052
-6.68276
-6.66135
-6.63474
-6.61012
-6.58775
-6.56908
-6.55731
-6.55205
-6.55179
-6.55374
-6.5559
-6.55614
-6.55468
-6.55554
-6.55835
-6.56218
-6.56456
-6.56637
-6.56888
-6.56608
-6.55702
-6.54352
-6.52742
-6.51043
-6.50059
-6.49556
-6.49732
-6.50848
-6.52891
-6.55566
-6.58659
-6.62104
-6.65615
-6.68863
-6.71239
-6.72593
-6.7272
-6.7159
-6.69025
-6.65862
-6.61938
-6.58021
-6.54591
-6.52005
-6.50676
-6.50272
-6.50868
-6.51732
-6.53101
-6.54249
-6.55387
-6.56165
-6.56768
-6.56603
-6.56159
-6.55076
-6.53397
-6.51521
-6.49262
-6.4735
-6.45906
-6.45056
-6.4484
-6.45447
-6.46267
-6.47741
-6.49488
-6.51239
-6.53188
-6.55126
-6.57332
-6.5947
-6.61638
-6.63755
-6.6584
-6.67172
-6.68081
-6.67886
-6.66986
-6.65257
-6.63037
-6.60307
-6.57758
-6.5605
-6.55288
-6.55243
-6.56045
-6.56841
-6.574
-6.57032
-6.56141
-6.55001
-6.54401
-6.54397
-6.54738
-6.55651
-6.56903
-6.58177
-6.59103
-6.59746
-6.59954
-6.5997
-6.5983
-6.59978
-6.60157
-6.6073
-6.60903
-6.61159
-6.61428
-6.61567
-6.61467
-6.61121
-6.61017
-6.60429
-6.59485
-6.58023
-6.56532
-6.54426
-6.52732
-6.51291
-6.50484
-6.50773
-6.51895
-6.53443
-6.55392
-6.57627
-6.60352
-6.62787
-6.64522
-6.66207
-6.673
-6.67598
-6.66959
-6.6572
-6.63587
-6.60906
-6.57386
-6.54318
-6.5141
-6.48791
-6.46927
-6.45177
-6.43885
-6.42637
-6.41889
-6.41677
-6.42378
-6.43982
-6.46418
-6.49569
-6.52991
-6.56775
-6.60484
-6.63583
-6.66153
-6.68242
-6.69526
-6.70305
-6.70291
-6.69514
-6.67816
-6.65715
-6.63327
-6.60709
-6.59063
-6.58313
-6.58936
-6.60353
-6.62073
-6.63878
-6.64845
-6.64922
-6.6404
-6.62043
-6.59628
-6.56342
-6.53018
-6.50251
-6.48754
-6.48517
-6.49684
-6.51705
-6.53999
-6.56757
-6.59104
-6.60964
-6.62327
-6.62677
-6.62364
-6.61526
-6.59855
-6.57437
-6.54604
-6.51568
-6.48644
-6.46527
-6.44931
-6.4429
-6.44703
-6.45673
-6.47527
-6.49831
-6.52011
-6.54061
-6.56021
-6.57299
-6.57906
-6.57824
-6.56901
-6.55236
-6.53047
-6.50838
-6.48664
-6.46693
-6.45678
-6.45803
-6.48045
-6.51664
-6.57044
-6.6325
-6.69422
-6.74554
-6.78486
-6.80521
-6.80865
-6.79299
-6.76664
-6.73052
-6.69359
-6.65476
-6.61872
-6.58836
-6.56248
-6.54881
-6.54251
-6.54786
-6.5632
-6.58431
-6.60636
-6.62463
-6.63905
-6.64129
-6.63343
-6.61618
-6.58498
-6.54786
-6.50943
-6.47685
-6.45144
-6.43421
-6.4225
-6.41401
-6.40719
-6.40522
-6.41357
-6.43358
-6.46354
-6.50162
-6.54246
-6.57876
-6.60727
-6.62643
-6.63773
-6.64356
-6.64218
-6.6366
-6.62958
-6.62272
-6.61059
-6.59698
-6.58203
-6.56758
-6.55736
-6.54994
-6.54459
-6.54693
-6.54852
-6.55513
-6.56378
-6.57306
-6.58749
-6.60138
-6.61314
-6.6217
-6.62917
-6.63079
-6.63082
-6.63126
-6.63256
-6.63695
-6.64024
-6.64449
-6.64127
-6.63586
-6.61771
-6.59376
-6.56525
-6.53722
-6.51233
-6.49321
-6.48422
-6.48385
-6.49023
-6.5075
-6.53061
-6.55743
-6.58751
-6.61682
-6.64
-6.6553
-6.66138
-6.65717
-6.64284
-6.61487
-6.57851
-6.54
-6.50331
-6.47194
-6.44461
-6.42441
-6.41238
-6.40901
-6.41747
-6.44022
-6.47703
-6.51996
-6.56745
-6.60983
-6.64522
-6.66993
-6.6822
-6.68393
-6.67768
-6.65902
-6.63051
-6.59727
-6.56862
-6.54815
-6.53654
-6.54211
-6.5584
-6.58352
-6.60973
-6.63251
-6.64731
-6.65917
-6.66609
-6.66856
-6.66927
-6.66707
-6.66047
-6.65215
-6.64766
-6.64179
-6.63749
-6.63372
-6.62605
-6.61506
-6.59901
-6.57749
-6.54935
-6.51731
-6.48576
-6.45994
-6.43917
-6.42845
-6.43111
-6.44342
-6.46606
-6.48849
-6.51141
-6.52788
-6.53939
-6.54491
-6.54823
-6.54834
-6.5504
-6.55566
-6.5626
-6.57321
-6.58737
-6.6022
-6.61676
-6.6298
-6.64312
-6.65311
-6.66343
-6.66805
-6.67125
-6.66875
-6.66126
-6.64873
-6.62911
-6.60748
-6.5844
-6.56035
-6.53984
-6.52216
-6.50778
-6.49467
-6.48479
-6.47579
-6.47347
-6.47579
-6.48314
-6.5
-6.52088
-6.54627
-6.57413
-6.60419
-6.62799
-6.6496
-6.66211
-6.66745
-6.65987
-6.6442
-6.62612
-6.60536
-6.59035
-6.58488
-6.5888
-6.59552
-6.60033
-6.60557
-6.60541
-6.60124
-6.59929
-6.59673
-6.60202
-6.60975
-6.61764
-6.63033
-6.64199
-6.64641
-6.64533
-6.64129
-6.6386
-6.63869
-6.63755
-6.64238
-6.64978
-6.65719
-6.66376
-6.66273
-6.6534
-6.63703
-6.61566
-6.59356
-6.56879
-6.54475
-6.52274
-6.50244
-6.484
-6.46594
-6.45535
-6.45114
-6.45375
-6.46246
-6.47699
-6.49529
-6.51447
-6.53683
-6.55951
-6.57747
-6.59258
-6.60547
-6.61198
-6.6179
-6.61883
-6.61648
-6.60201
-6.5821
-6.55435
-6.51906
-6.48325
-6.44511
-6.41475
-6.39122
-6.37768
-6.38028
-6.39474
-6.4176
-6.44754
-6.48025
-6.51184
-6.54017
-6.57127
-6.60126
-6.63094
-6.6615
-6.69066
-6.71753
-6.73899
-6.75422
-6.75666
-6.7464
-6.72744
-6.69556
-6.6608
-6.62514
-6.58594
-6.55369
-6.52433
-6.50589
-6.49835
-6.49869
-6.50298
-6.51356
-6.52484
-6.53922
-6.55154
-6.56421
-6.57646
-6.5866
-6.59571
-6.602
-6.60077
-6.59612
-6.58411
-6.57015
-6.55492
-6.53969
-6.52657
-6.51759
-6.51224
-6.50986
-6.50884
-6.51397
-6.51289
-6.51446
-6.51817
-6.52623
-6.54188
-6.56353
-6.59041
-6.61417
-6.62847
-6.63645
-6.63492
-6.62475
-6.61123
-6.59546
-6.58467
-6.58128
-6.5832
-6.589
-6.59775
-6.60489
-6.61037
-6.61255
-6.60683
-6.59714
-6.58072
-6.56215
-6.54093
-6.51969
-6.50397
-6.49762
-6.49967
-6.50978
-6.52515
-6.53843
-6.55363
-6.5677
-6.58331
-6.59941
-6.62054
-6.64023
-6.65237
-6.65792
-6.6535
-6.63798
-6.61651
-6.59245
-6.57354
-6.56164
-6.56446
-6.57708
-6.59594
-6.6133
-6.6272
-6.6292
-6.62558
-6.6139
-6.59544
-6.5778
-6.56585
-6.56012
-6.56024
-6.56462
-6.57081
-6.57925
-6.58832
-6.59417
-6.59978
-6.60389
-6.6054
-6.60585
-6.60502
-6.60034
-6.5941
-6.58869
-6.58207
-6.57627
-6.57374
-6.57983
-6.58939
-6.6027
-6.61748
-6.633
-6.6392
-6.63536
-6.61898
-6.59002
-6.55343
-6.51314
-6.47761
-6.4506
-6.43515
-6.4335
-6.44249
-6.46262
-6.48739
-6.51316
-6.53687
-6.55934
-6.57529
-6.58738
-6.59838
-6.61341
-6.63336
-6.6543
-6.67706
-6.69948
-6.71612
-6.72122
-6.7203
-6.70824
-6.68653
-6.6595
-6.63102
-6.59944
-6.56738
-6.5349
-6.50717
-6.48508
-6.46736
-6.458
-6.45832
-6.46651
-6.48632
-6.51473
-6.54906
-6.58488
-6.61552
-6.63455
-6.64628
-6.64694
-6.63804
-6.621
-6.60399
-6.58634
-6.57498
-6.5693
-6.56865
-6.57114
-6.57656
-6.58162
-6.58406
-6.58169
-6.57794
-6.56976
-6.56167
-6.55576
-6.55136
-6.55478
-6.55953
-6.56848
-6.58075
-6.59025
-6.5923
-6.59351
-6.59139
-6.58858
-6.58444
-6.58198
-6.58366
-6.58348
-6.58615
-6.5884
-6.59567
-6.60572
-6.61956
-6.63337
-6.64408
-6.64523
-6.63917
-6.62579
-6.60719
-6.5815
-6.55623
-6.53423
-6.51591
-6.5045
-6.50076
-6.50451
-6.51586
-6.5322
-6.55135
-6.57206
-6.59201
-6.60655
-6.61572
-6.62579
-6.63054
-6.63481
-6.63767
-6.64078
-6.64088
-6.64371
-6.64786
-6.64938
-6.64543
-6.63181
-6.60887
-6.57874
-6.54428
-6.50842
-6.47677
-6.45323
-6.44223
-6.4478
-6.46132
-6.48558
-6.51868
-6.5553
-6.59117
-6.62043
-6.6439
-6.65718
-6.66372
-6.66004
-6.65241
-6.644
-6.6309
-6.61689
-6.60603
-6.59669
-6.58871
-6.57827
-6.56721
-6.55552
-6.54155
-6.52924
-6.51479
-6.50234
-6.49222
-6.48775
-6.4873
-6.49274
-6.50366
-6.51757
-6.53523
-6.55202
-6.57373
-6.58993
-6.60788
-6.62796
-6.64676
-6.66332
-6.67924
-6.68874
-6.69533
-6.68842
-6.67143
-6.64014
-6.60372
-6.56289
-6.52767
-6.50593
-6.49646
-6.49782
-6.50278
-6.51061
-6.5205
-6.53267
-6.5433
-6.55414
-6.56414
-6.5734
-6.58342
-6.59444
-6.60341
-6.60829
-6.6126
-6.61655
-6.61529
-6.61251
-6.60141
-6.58697
-6.56403
-6.54008
-6.51623
-6.4963
-6.48033
-6.47391
-6.47543
-6.48197
-6.49019
-6.50501
-6.51941
-6.53604
-6.55372
-6.57152
-6.585
-6.59876
-6.60907
-6.61544
-6.6174
-6.61871
-6.62356
-6.63008
-6.63574
-6.64669
-6.66323
-6.67739
-6.69229
-6.70202
-6.70163
-6.69929
-6.69183
-6.67706
-6.65233
-6.61883
-6.57787
-6.53129
-6.4846
-6.44212
-6.41438
-6.404
-6.41132
-6.43926
-6.47791
-6.52391
-6.56677
-6.60372
-6.6332
-6.64599
-6.65059
-6.64819
-6.64587
-6.64715
-6.65025
-6.65519
-6.65697
-6.65936
-6.65949
-6.65602
-6.65312
-6.6435
-6.63548
-6.62955
-6.62197
-6.61686
-6.60964
-6.59662
-6.58061
-6.56501
-6.54314
-6.52128
-6.50651
-6.50224
-6.51131
-6.53201
-6.56231
-6.59357
-6.62584
-6.651
-6.66495
-6.66638
-6.65193
-6.62788
-6.59932
-6.56526
-6.53541
-6.50742
-6.48298
-6.46584
-6.45512
-6.45224
-6.45735
-6.47159
-6.49088
-6.51354
-6.53787
-6.56267
-6.58088
-6.59853
-6.61719
-6.63002
-6.64092
-6.64985
-6.6551
-6.65736
-6.65573
-6.65398
-6.65035
-6.64759
-6.64255
-6.64252
-6.6359
-6.62823
-6.61349
-6.59637
-6.57339
-6.55233
-6.53964
-6.53405
-6.5339
-6.53988
-6.54569
-6.54938
-6.54844
-6.54699
-6.54602
-6.55024
-6.56073
-6.57676
-6.59667
-6.6176
-6.63967
-6.65805
-6.66813
-6.67278
-6.6668
-6.65485
-6.63374
-6.60558
-6.57574
-6.5468
-6.52253
-6.50873
-6.5111
-6.51897
-6.53247
-6.54327
-6.55187
-6.55427
-6.55
-6.54402
-6.5379
-6.53683
-6.54089
-6.55406
-6.57024
-6.58543
-6.60312
-6.61371
-6.62158
-6.62707
-6.6244
-6.61734
-6.60428
-6.58627
-6.56503
-6.54866
-6.53674
-6.53386
-6.54714
-6.57059
-6.60302
-6.63669
-6.67356
-6.70458
-6.72519
-6.73207
-6.72427
-6.70539
-6.67656
-6.64575
-6.61351
-6.58313
-6.5587
-6.5403
-6.52829
-6.5296
-6.53689
-6.55065
-6.5625
-6.57111
-6.57519
-6.57158
-6.56314
-6.5518
-6.53624
-6.52036
-6.50596
-6.49019
-6.48038
-6.47045
-6.46963
-6.47681
-6.49123
-6.50978
-6.5304
-6.54873
-6.56516
-6.57037
-6.56685
-6.55737
-6.54643
-6.53993
-6.5433
-6.55798
-6.58487
-6.61482
-6.64486
-6.67012
-6.68313
-6.68778
-6.67838
-6.65639
-6.624
-6.58214
-6.53345
-6.48426
-6.43967
-6.4067
-6.38981
-6.3923
-6.41237
-6.44096
-6.47154
-6.49859
-6.52352
-6.53805
-6.54452
-6.54416
-6.54528
-6.54715
-6.5514
-6.55919
-6.56693
-6.57434
-6.58053
-6.58209
-6.58157
-6.58171
-6.58594
-6.5969
-6.61269
-6.63334
-6.65117
-6.6673
-6.68103
-6.68951
-6.6972
-6.70031
-6.70169
-6.69647
-6.68687
-6.67557
-6.65897
-6.64411
-6.62949
-6.61103
-6.5928
-6.57164
-6.55485
-6.54049
-6.53485
-6.53307
-6.53651
-6.545
-6.55337
-6.56376
-6.56852
-6.57088
-6.57026
-6.569
-6.56584
-6.56194
-6.56007
-6.55955
-6.56109
-6.56564
-6.56894
-6.5724
-6.57441
-6.57412
-6.57073
-6.56527
-6.5624
-6.56652
-6.57446
-6.58768
-6.60423
-6.62074
-6.63292
-6.64399
-6.65143
-6.65516
-6.65226
-6.64826
-6.64249
-6.63147
-6.61422
-6.59438
-6.57253
-6.55094
-6.53366
-6.52333
-6.52233
-6.52922
-6.54602
-6.56641
-6.58839
-6.60648
-6.61769
-6.6184
-6.61288
-6.60175
-6.58414
-6.56149
-6.53538
-6.50449
-6.47293
-6.43981
-6.41339
-6.39367
-6.38826
-6.3994
-6.4295
-6.47547
-6.53538
-6.60334
-6.6678
-6.72728
-6.77323
-6.80351
-6.81684
-6.80944
-6.78053
-6.73429
-6.67965
-6.62066
-6.56498
-6.51514
-6.47604
-6.44521
-6.42554
-6.41925
-6.42401
-6.44542
-6.47669
-6.51689
-6.55599
-6.59246
-6.6199
-6.63541
-6.64548
-6.64523
-6.64431
-6.64682
-6.64789
-6.64978
-6.64837
-6.64424
-6.63605
-6.62309
-6.6107
-6.60268
-6.60216
-6.60853
-6.62606
-6.64933
-6.67344
-6.69042
-6.70121
-6.70256
-6.69178
-6.67067
-6.64137
-6.60841
-6.56904
-6.52959
-6.49218
-6.46053
-6.43757
-6.42453
-6.41805
-6.42009
-6.42836
-6.44285
-6.46275
-6.48786
-6.51357
-6.54051
-6.56275
-6.58264
-6.59677
-6.60337
-6.6054
-6.60516
-6.60679
-6.6102
-6.61041
-6.60652
-6.5998
-6.59217
-6.58172
-6.56842
-6.55818
-6.55005
-6.54382
-6.53942
-6.53419
-6.52999
-6.52388
-6.5196
-6.51684
-6.51662
-6.51813
-6.52234
-6.53082
-6.53879
-6.54561
-6.54991
-6.5466
-6.53851
-6.52275
-6.50267
-6.47895
-6.45864
-6.44295
-6.43646
-6.44277
-6.45749
-6.48153
-6.51595
-6.55461
-6.58956
-6.62683
-6.659
-6.68883
-6.71299
-6.73048
-6.74001
-6.74332
-6.73594
-6.71881
-6.69337
-6.66534
-6.6388
-6.61421
-6.59379
-6.5803
-6.57097
-6.56491
-6.55919
-6.55551
-6.5582
-6.56268
-6.5738
-6.58512
-6.59564
-6.6074
-6.61712
-6.62059
-6.61922
-6.61557
-6.61111
-6.60237
-6.59264
-6.58362
-6.57768
-6.56496
-6.55311
-6.53743
-6.52373
-6.51469
-6.51265
-6.51427
-6.52383
-6.53739
-6.5551
-6.57375
-6.59105
-6.60987
-6.62329
-6.63171
-6.63304
-6.62752
-6.61524
-6.60248
-6.58831
-6.57875
-6.57379
-6.57012
-6.56937
-6.5683
-6.56677
-6.56465
-6.56366
-6.56102
-6.55623
-6.54814
-6.53579
-6.51832
-6.49909
-6.48051
-6.46188
-6.44819
-6.44315
-6.44453
-6.45913
-6.48514
-6.52282
-6.56999
-6.62046
-6.66525
-6.70011
-6.72155
-6.72743
-6.71762
-6.69531
-6.66671
-6.63984
-6.61675
-6.60336
-6.59592
-6.59752
-6.60424
-6.61681
-6.62881
-6.64096
-6.64285
-6.63531
-6.61957
-6.5925
-6.56301
-6.53172
-6.49838
-6.47134
-6.44979
-6.43601
-6.43405
-6.44519
-6.46809
-6.50317
-6.5412
-6.58149
-6.61866
-6.64925
-6.66946
-6.68118
-6.682
-6.67334
-6.65899
-6.64309
-6.62785
-6.6184
-6.61272
-6.60836
-6.60819
-6.60637
-6.60239
-6.60314
-6.60419
-6.60534
-6.61002
-6.61192
-6.61
-6.60337
-6.58862
-6.56786
-6.53973
-6.50732
-6.47017
-6.4352
-6.40388
-6.38045
-6.36901
-6.36556
-6.37345
-6.38697
-6.40888
-6.43048
-6.45526
-6.47701
-6.49922
-6.52307
-6.54326
-6.5625
-6.57831
-6.59096
-6.59878
-6.59944
-6.59283
-6.58436
-6.57161
-6.55373
-6.53419
-6.51913
-6.51206
-6.51469
-6.52802
-6.54885
-6.57177
-6.59482
-6.61624
-6.63143
-6.63941
-6.63591
-6.6247
-6.60523
-6.58089
-6.55182
-6.52932
-6.5106
-6.50209
-6.50043
-6.50438
-6.51795
-6.53523
-6.55053
-6.57046
-6.59031
-6.60914
-6.62892
-6.64717
-6.66583
-6.68138
-6.68835
-6.68738
-6.68195
-6.66958
-6.65551
-6.63603
-6.61863
-6.59932
-6.58148
-6.5629
-6.54213
-6.52068
-6.50183
-6.48914
-6.4878
-6.49591
-6.50768
-6.52165
-6.53582
-6.54783
-6.55393
-6.55512
-6.55712
-6.5539
-6.55304
-6.5499
-6.54466
-6.53972
-6.53341
-6.52906
-6.5278
-6.53042
-6.5376
-6.54722
-6.5611
-6.57892
-6.59678
-6.61627
-6.63846
-6.65748
-6.67072
-6.68115
-6.68994
-6.69401
-6.69392
-6.69123
-6.68592
-6.67591
-6.66131
-6.64519
-6.63037
-6.61632
-6.60308
-6.58372
-6.56538
-6.54184
-6.52024
-6.505
-6.49596
-6.49653
-6.50314
-6.51723
-6.53555
-6.55086
-6.56448
-6.57428
-6.57664
-6.57422
-6.56809
-6.5569
-6.54333
-6.53228
-6.52262
-6.51916
-6.52111
-6.52918
-6.54458
-6.56041
-6.57827
-6.59071
-6.60022
-6.60623
-6.60497
-6.6011
-6.59542
-6.58771
-6.58015
-6.57461
-6.56707
-6.56174
-6.55564
-6.54997
-6.54736
-6.55002
-6.55978
-6.57281
-6.58817
-6.602
-6.61376
-6.62068
-6.61954
-6.61228
-6.60355
-6.59082
-6.57542
-6.55784
-6.53608
-6.51507
-6.49528
-6.47552
-6.45872
-6.44286
-6.43383
-6.43109
-6.4353
-6.45113
-6.47944
-6.51772
-6.56458
-6.61314
-6.65813
-6.69512
-6.72303
-6.73781
-6.74109
-6.73156
-6.71808
-6.7001
-6.68199
-6.66557
-6.64631
-6.62992
-6.61073
-6.59352
-6.57424
-6.55663
-6.54279
-6.52824
-6.52268
-6.52298
-6.52936
-6.53778
-6.55256
-6.56985
-6.58937
-6.6081
-6.62206
-6.62756
-6.62539
-6.61248
-6.59044
-6.5663
-6.5431
-6.52401
-6.51431
-6.51001
-6.51606
-6.53249
-6.54916
-6.56844
-6.58728
-6.60361
-6.61462
-6.61997
-6.6218
-6.61718
-6.61081
-6.60141
-6.59064
-6.57949
-6.56661
-6.55477
-6.53955
-6.52213
-6.50557
-6.48779
-6.47635
-6.47472
-6.48354
-6.50078
-6.51624
-6.52956
-6.54612
-6.56094
-6.57869
-6.60034
-6.62371
-6.65171
-6.67913
-6.7077
-6.7342
-6.75522
-6.76674
-6.76837
-6.7616
-6.7417
-6.71586
-6.68901
-6.66611
-6.64663
-6.63064
-6.61802
-6.60994
-6.59474
-6.57602
-6.55625
-6.53411
-6.51608
-6.50784
-6.50702
-6.5097
-6.51277
-6.51963
-6.52284
-6.52046
-6.514
-6.50334
-6.48737
-6.46819
-6.45177
-6.44445
-6.44563
-6.45853
-6.47957
-6.51101
-6.54697
-6.58669
-6.62156
-6.65283
-6.68087
-6.70198
-6.71549
-6.71963
-6.7186
-6.71257
-6.69948
-6.68001
-6.66383
-6.64352
-6.62359
-6.5983
-6.57086
-6.53681
-6.4954
-6.45297
-6.41397
-6.38565
-6.3684
-6.37095
-6.39636
-6.43748
-6.49297
-6.55464
-6.61592
-6.66835
-6.70755
-6.73225
-6.7424
-6.74101
-6.72949
-6.71415
-6.69419
-6.67037
-6.64381
-6.61757
-6.59864
-6.58732
-6.59052
-6.60791
-6.6288
-6.65028
-6.66609
-6.67174
-6.66284
-6.64701
-6.61639
-6.58072
-6.54077
-6.50142
-6.46767
-6.44616
-6.43861
-6.44431
-6.45969
-6.47871
-6.4926
-6.50206
-6.50063
-6.49977
-6.49758
-6.49899
-6.50751
-6.51832
-6.53732
-6.56119
-6.58743
-6.61483
-6.64062
-6.65787
-6.669
-6.66849
-6.65724
-6.63519
-6.60593
-6.57408
-6.5402
-6.51732
-6.50345
-6.49885
-6.50445
-6.51602
-6.52942
-6.54118
-6.55008
-6.5563
-6.55768
-6.55319
-6.54657
-6.53544
-6.52534
-6.5242
-6.52988
-6.54106
-6.56197
-6.58397
-6.61076
-6.63294
-6.65368
-6.66956
-6.68069
-6.68888
-6.69015
-6.68462
-6.67714
-6.67116
-6.66656
-6.66651
-6.67052
-6.67766
-6.68597
-6.69081
-6.69394
-6.69011
-6.67551
-6.65211
-6.62328
-6.59435
-6.56521
-6.54188
-6.51913
-6.50656
-6.49622
-6.49129
-6.4927
-6.49719
-6.50364
-6.50725
-6.50867
-6.50492
-6.50417
-6.5039
-6.50598
-6.51674
-6.53605
-6.561
-6.58955
-6.61565
-6.634
-6.6479
-6.64933
-6.64462
-6.63184
-6.61818
-6.60368
-6.59811
-6.59808
-6.60309
-6.60579
-6.60643
-6.60515
-6.59795
-6.58821
-6.58246
-6.57837
-6.58108
-6.59203
-6.59912
-6.59605
-6.58396
-6.5617
-6.53714
-6.50888
-6.4859
-6.47204
-6.46209
-6.46179
-6.46782
-6.47524
-6.48812
-6.50683
-6.52855
-6.55179
-6.57998
-6.60709
-6.62772
-6.64402
-6.65217
-6.66025
-6.6658
-6.67227
-6.67885
-6.68385
-6.68596
-6.68119
-6.6662
-6.64492
-6.61492
-6.57982
-6.55186
-6.53277
-6.52725
-6.53542
-6.55592
-6.57762
-6.59939
-6.61715
-6.63078
-6.63563
-6.63551
-6.62654
-6.61551
-6.60515
-6.59883
-6.59424
-6.58887
-6.58141
-6.57065
-6.55995
-6.54604
-6.53737
-6.52975
-6.52417
-6.51957
-6.51527
-6.50982
-6.50431
-6.49682
-6.49024
-6.49074
-6.49712
-6.5125
-6.53036
-6.54866
-6.56678
-6.5843
-6.5988
-6.61419
-6.62727
-6.64326
-6.6542
-6.66143
-6.66245
-6.6573
-6.64847
-6.63694
-6.62552
-6.61735
-6.61492
-6.61526
-6.61698
-6.61891
-6.61586
-6.60616
-6.59267
-6.57516
-6.55634
-6.53943
-6.52606
-6.51543
-6.51295
-6.51263
-6.51649
-6.5258
-6.5377
-6.54963
-6.56321
-6.57694
-6.58277
-6.58604
-6.58061
-6.57193
-6.55949
-6.54955
-6.54593
-6.55371
-6.57074
-6.59377
-6.6196
-6.64514
-6.66493
-6.67905
-6.68457
-6.68525
-6.67883
-6.6598
-6.63443
-6.59763
-6.55703
-6.51182
-6.47099
-6.43586
-6.4098
-6.39864
-6.3973
-6.40529
-6.42072
-6.44387
-6.47199
-6.50818
-6.54745
-6.58677
-6.61541
-6.63369
-6.63955
-6.63221
-6.61443
-6.59168
-6.57199
-6.55852
-6.55063
-6.55522
-6.56394
-6.57784
-6.59124
-6.60864
-6.62104
-6.63006
-6.63091
-6.62682
-6.62008
-6.60974
-6.5987
-6.58909
-6.58465
-6.58638
-6.59154
-6.59775
-6.60116
-6.60091
-6.59629
-6.58971
-6.57842
-6.56827
-6.56066
-6.55652
-6.55581
-6.56195
-6.57079
-6.58241
-6.59105
-6.59278
-6.58627
-6.57113
-6.54696
-6.51833
-6.48621
-6.46112
-6.44501
-6.44451
-6.45484
-6.47942
-6.5163
-6.55557
-6.59667
-6.63647
-6.66874
-6.6926
-6.70864
-6.71692
-6.72151
-6.72043
-6.71761
-6.70616
-6.68832
-6.66625
-6.63981
-6.61132
-6.58159
-6.55458
-6.52903
-6.51072
-6.49919
-6.49835
-6.50231
-6.51253
-6.52296
-6.53383
-6.54133
-6.5445
-6.54547
-6.54497
-6.54036
-6.53944
-6.53617
-6.53717
-6.54072
-6.54401
-6.54811
-6.55515
-6.55895
-6.55879
-6.55255
-6.5459
-6.53668
-6.52595
-6.52089
-6.52028
-6.52656
-6.53605
-6.55584
-6.57551
-6.5953
-6.6112
-6.62172
-6.62995
-6.63453
-6.63931
-6.64007
-6.63345
-6.62281
-6.60911
-6.59168
-6.58688
-6.58814
-6.59462
-6.60359
-6.61594
-6.62907
-6.64052
-6.64924
-6.65339
-6.64949
-6.64091
-6.63161
-6.62194
-6.6111
-6.60099
-6.59475
-6.59104
-6.58905
-6.58628
-6.58228
-6.5752
-6.56072
-6.54011
-6.51599
-6.48792
-6.46143
-6.44017
-6.42982
-6.43283
-6.44313
-6.46094
-6.48635
-6.50996
-6.5331
-6.5525
-6.5749
-6.59965
-6.62495
-6.64978
-6.67148
-6.68597
-6.69018
-6.68101
-6.66261
-6.6418
-6.61883
-6.59685
-6.57952
-6.56865
-6.56054
-6.55626
-6.55409
-6.55089
-6.55113
-6.55277
-6.55476
-6.55775
-6.56521
-6.57425
-6.58122
-6.58587
-6.58834
-6.58628
-6.58289
-6.57635
-6.57172
-6.56676
-6.56174
-6.55516
-6.54762
-6.5378
-6.52586
-6.51398
-6.5043
-6.49679
-6.48998
-6.49021
-6.49633
-6.50821
-6.52831
-6.5508
-6.57225
-6.5902
-6.5989
-6.60136
-6.59563
-6.58156
-6.56144
-6.53558
-6.51171
-6.49094
-6.48469
-6.49121
-6.51095
-6.54341
-6.58495
-6.62826
-6.66554
-6.69586
-6.7177
-6.72868
-6.73014
-6.72561
-6.71254
-6.70053
-6.68634
-6.66871
-6.64706
-6.62295
-6.5992
-6.57834
-6.561
-6.55355
-6.54939
-6.55246
-6.55649
-6.56191
-6.56654
-6.56819
-6.5659
-6.56038
-6.55193
-6.54131
-6.52616
-6.51022
-6.49501
-6.47613
-6.45676
-6.43845
-6.42549
-6.41597
-6.41431
-6.42955
-6.4588
-6.49801
-6.5431
-6.58873
-6.63436
-6.67434
-6.71068
-6.73501
-6.74332
-6.73937
-6.72517
-6.69765
-6.66187
-6.61668
-6.56949
-6.5254
-6.49386
-6.47173
-6.46487
-6.47014
-6.48858
-6.50599
-6.52193
-6.53306
-6.54029
