-0.176834   0.449022   -0.0721455
-0.138218   -0.253303   0.210249
-0.487506   -0.148707   -0.219285
-0.0682584   -0.404861   0.34641
-0.465079   0.0992314   0.28126
0.0909543   -0.345517   0.454003
-0.187931   -0.376941   -0.222282
-0.388116   -0.163262   -0.0487706
0.268734   -0.322895   0.0846987
-0.030989   -0.242942   -0.19963
0.212604   -0.0430605   -0.387098
-0.046083   -0.322222   -0.0100865
0.133727   0.350208   -0.352067
0.371943   0.409249   -0.247845
-0.410293   -0.000570848   -0.483581
-0.04533   0.256045   -0.334111
0.416205   -0.440735   0.449649
-0.412916   0.347176   -0.417591
-0.0922109   0.239331   -0.103352
0.341768   0.0702726   0.497004
-0.296888   -0.137614   0.121615
0.386215   0.242282   -0.320887
0.140154   0.415237   -0.152729
0.324512   0.389355   -0.430851
-0.0467541   -0.0554227   -0.409632
0.252166   -0.320419   -0.409133
0.492463   -0.313787   0.0290346
-0.187593   -0.460216   -0.495923
-0.277101   0.0934529   0.272926
-0.382565   -0.386038   0.450013
-0.127597   0.443382   -0.30344
0.469049   -0.0834161   0.386891
-0.342783   0.260081   0.40633
-0.219617   -0.186808   -0.321197
0.198104   -0.131459   0.0734102
-0.300251   0.142324   0.0028434
-0.12289   0.414892   0.156759
0.486068   -0.0474099   0.0801193
0.118429   -0.467338   -0.36873
-0.185103   0.30457   -0.454806
-0.0177098   0.390569   0.456124
0.297471   0.0224365   0.221208
-0.358296   -0.35327   -0.367987
-0.373465   0.299138   0.229972
0.0359574   0.170051   0.477755
-0.26922   0.246147   -0.240208
0.461136   0.224074   0.482277
0.289888   -0.322994   0.33018
-0.247656   0.41812   0.349756
-0.37708   0.155628   -0.390252
-0.122216   0.0530787   -0.239922
0.303641   0.300061   0.0578451
0.49835   0.0276083   -0.117835
0.463194   0.382423   0.345897
-0.333408   0.43894   -0.246526
0.163801   -0.388192   -0.0724919
0.189753   0.129105   0.0510387
-0.408056   -0.19678   -0.477169
0.457782   0.451773   -0.00610931
0.2812   -0.421867   -0.254644
-0.357097   -0.449738   0.0761273
0.415044   -0.0945486   -0.435025
0.306897   -0.0307648   -0.0584804
-0.108164   0.0073122   0.361363
0.00459444   0.207749   0.264391
0.109811   0.0530868   -0.246141
0.243002   0.240922   0.242277
-0.473179   0.311408   -0.166539
-0.0486804   -0.0800504   0.137445
-0.119895   0.107304   0.133847
0.436254   -0.215474   0.212744
0.00682928   0.463301   -0.00978858
-0.136839   -0.120407   -0.062531
0.356589   -0.327924   -0.0990275
0.262385   -0.138465   0.406601
0.102977   -0.202255   -0.35809
0.260424   0.256944   0.434444
0.135225   -0.161984   -0.123813
-0.204553   0.0789228   -0.460044
-0.0661288   -0.313148   -0.41131
0.217459   0.173311   -0.385993
-0.327207   -0.0965055   0.385578
0.296263   -0.170359   -0.225576
-0.378725   0.490666   0.24604
0.178321   0.104316   0.384718
0.305121   0.184806   -0.110403
0.449553   -0.323054   -0.369517
-0.356072   -0.0163578   -0.275895
-0.175394   -0.211235   0.45171
0.0951016   0.217114   -0.145702
0.0554386   -0.246031   0.150306
0.0531281   0.400437   0.258852
0.292911   0.486096   0.30438
0.0045198   -0.427396   -0.185129
0.208283   0.46507   0.0876715
0.171341   0.472363   0.444904
-0.155148   0.254581   0.354932
-0.373644   0.357185   0.0223341
0.334653   0.0459681   -0.280754
0.0673516   -0.106425   0.423986
-0.462554   -0.451955   -0.163031
-0.495586   0.177751   0.0678046
0.0573231   0.266863   0.0353326
0.0857023   -0.423399   0.180251
-0.361167   -0.270111   0.250946
0.101487   0.0367952   0.205772
0.032072   0.0342563   -0.061513
-0.245274   -0.314148   -0.0174233
