-0.176875   0.449123   -0.0722207
-0.138331   -0.253257   0.210325
-0.487371   -0.14866   -0.21914
-0.0682129   -0.404959   0.346448
-0.465124   0.0993754   0.281481
0.0907111   -0.345548   0.454223
-0.18776   -0.376729   -0.222422
-0.388259   -0.163033   -0.0487084
0.268601   -0.322769   0.0846041
-0.0310468   -0.242934   -0.199708
0.212619   -0.042924   -0.386943
-0.0460217   -0.322356   -0.0101971
0.133825   0.350265   -0.352005
0.372101   0.40944   -0.247596
-0.410263   -0.000860821   -0.48373
-0.0455084   0.255998   -0.334133
0.41638   -0.440954   0.449859
-0.413021   0.347038   -0.417595
-0.0920246   0.239245   -0.103317
0.3418   0.070457   0.49692
-0.297168   -0.137723   0.121672
0.386213   0.242134   -0.320947
0.140361   0.415413   -0.152531
0.324533   0.389467   -0.431025
-0.0468482   -0.0555443   -0.409583
0.252361   -0.320342   -0.409244
0.492392   -0.313982   0.0290192
-0.187758   -0.460432   -0.49574
-0.277228   0.0933938   0.272818
-0.382566   -0.385953   0.449934
-0.127541   0.443295   -0.303677
0.468808   -0.0832591   0.386835
-0.342881   0.260154   0.406347
-0.219541   -0.186966   -0.321008
0.198249   -0.131373   0.073303
-0.300226   0.14223   0.00282081
-0.122873   0.414977   0.156793
0.486046   -0.0473904   0.0798453
0.11847   -0.467256   -0.368733
-0.185101   0.304764   -0.454631
-0.0176228   0.39047   0.45626
0.297789   0.0223205   0.22128
-0.358327   -0.353183   -0.367901
-0.373259   0.299287   0.230036
0.0359666   0.169975   0.477701
-0.269243   0.246064   -0.240312
0.461098   0.223966   0.482227
0.290059   -0.323118   0.329932
-0.247622   0.418136   0.349318
-0.377147   0.155465   -0.390271
-0.122329   0.0530223   -0.240147
0.303774   0.300175   0.0578189
0.498398   0.0277295   -0.118129
0.46327   0.382624   0.346253
-0.333225   0.439012   -0.246655
0.163669   -0.388073   -0.0724566
0.189716   0.129246   0.0507203
-0.407908   -0.196968   -0.476937
0.457684   0.451629   -0.00595012
0.281275   -0.421761   -0.254556
-0.356915   -0.44977   0.076221
0.414934   -0.0946959   -0.435207
0.306663   -0.0306841   -0.0587017
-0.108277   0.00736124   0.361422
0.00459169   0.207709   0.264157
0.109767   0.0530065   -0.246242
0.242929   0.240925   0.242164
-0.473085   0.311442   -0.166377
-0.048593   -0.0801318   0.137609
-0.119896   0.10736   0.133827
0.436178   -0.215409   0.212631
0.0069662   0.463219   -0.00972676
-0.136886   -0.120542   -0.0623095
0.356506   -0.327781   -0.0989119
0.262323   -0.138532   0.406475
0.102919   -0.202231   -0.35814
0.260592   0.257114   0.434413
0.135337   -0.161978   -0.124166
-0.204588   0.0786816   -0.459926
-0.0661409   -0.313101   -0.411318
0.217526   0.173198   -0.386103
-0.327281   -0.0965944   0.385677
0.295998   -0.170317   -0.225504
-0.37878   0.490415   0.246123
0.178177   0.104143   0.384761
0.305085   0.184968   -0.11054
0.44967   -0.323151   -0.369229
-0.355961   -0.0163925   -0.275711
-0.175628   -0.21128   0.451997
0.0949612   0.217098   -0.145656
0.0554246   -0.246093   0.150527
0.0532246   0.400124   0.258797
0.292947   0.486256   0.304323
0.00432447   -0.427562   -0.185045
0.208329   0.465332   0.0876911
0.171324   0.472706   0.445024
-0.155116   0.254677   0.354983
-0.373574   0.357033   0.0224487
0.334523   0.0461692   -0.28076
0.0673608   -0.106431   0.423951
-0.462635   -0.452092   -0.163134
-0.495438   0.177752   0.0678364
0.0572413   0.266694   0.0352899
0.0858278   -0.423136   0.180166
-0.361058   -0.270071   0.250956
0.101465   0.0367742   0.205766
0.0321787   0.0344048   -0.0617544
-0.24537   -0.31416   -0.0174272
