2.85094
2.83423
2.81204
2.79556
2.78748
2.78426
2.78025
2.76857
2.7434
2.70486
2.66073
2.62416
2.60801
2.61797
2.64958
2.69222
2.7358
2.77455
2.80757
2.83774
2.86878
2.90143
2.9318
2.95394
2.96378
2.96164
2.95189
2.93981
2.92741
2.91164
2.8879
2.85604
2.82204
2.79304
2.77232
2.76105
2.76234
2.78026
2.81517
2.86126
2.90854
2.94581
2.96278
2.95286
2.91829
2.87341
2.83959
2.83277
2.85515
2.89761
2.94609
2.98678
3.00939
3.00811
2.98203
2.93764
2.89234
2.86804
2.87288
2.89674
2.92749
2.95919
2.98723
3.00485
3.00482
2.98291
2.93972
2.88058
2.81464
2.75377
2.71056
2.69297
2.69893
2.71756
2.73669
2.7489
2.75288
2.75223
2.75227
2.75644
2.76553
2.78041
2.8037
2.83793
2.88345
2.93781
2.99584
3.05046
3.09421
3.12067
3.12503
3.10427
3.05773
2.9879
2.90087
2.80617
2.71491
2.63704
2.58033
2.5515
2.55664
2.59808
2.67006
2.75774
2.84232
2.90956
2.95447
2.98039
2.99542
3.00789
3.02268
3.03962
3.05456
3.0624
3.05996
3.04701
3.02543
2.99745
2.96456
2.9277
2.88795
2.8463
2.80314
2.75851
2.71345
2.67093
2.63545
2.61186
2.60493
2.61769
2.6485
2.68975
2.73068
2.76254
2.7824
2.79374
2.80349
2.81694
2.83525
2.85728
2.88173
2.90661
2.92826
2.94175
2.94283
2.93011
2.90612
2.87654
2.84848
2.82826
2.81987
2.82401
2.83731
2.85192
2.85764
2.84599
2.81329
2.76259
2.70568
2.66208
2.6494
2.66997
2.70961
2.75046
2.78186
2.80095
2.80845
2.80514
2.79123
2.76843
2.74415
2.73238
2.74537
2.78171
2.8268
2.86497
2.88714
2.89124
2.88224
2.87218
2.87413
2.89265
2.9212
2.94857
2.96573
2.9683
2.95635
2.9337
2.90685
2.88294
2.86738
2.86248
2.86683
2.87591
2.88365
2.88504
2.8788
2.86797
2.85774
2.85194
2.85087
2.85114
2.84699
2.83235
2.80336
2.76101
2.71215
2.667
2.63436
2.61812
2.61789
2.6327
2.66302
2.70915
2.768
2.83201
2.89108
2.93602
2.96149
2.96678
2.95478
2.93065
2.90098
2.87318
2.85424
2.84857
2.85596
2.87168
2.88932
2.90407
2.9145
2.92183
2.92756
2.93107
2.92891
2.91589
2.88725
2.84114
2.78114
2.71682
2.6596
2.61696
2.5905
2.57811
2.57689
2.58407
2.59614
2.60926
2.62088
2.63031
2.63749
2.64191
2.64352
2.64411
2.64699
2.65589
2.67362
2.69969
2.72895
2.75481
2.77369
2.78488
2.78761
2.78064
2.76474
2.74403
2.72505
2.71416
2.71455
2.72479
2.7405
2.75767
2.7749
2.79296
2.81288
2.83436
2.85563
2.87415
2.8877
2.89464
2.89378
2.88482
2.86929
2.8505
2.83135
2.8118
2.78876
2.7591
2.72341
2.68923
2.6694
2.67333
2.69791
2.72867
2.75061
2.7568
2.74964
2.73674
2.7255
2.71956
2.71815
2.71752
2.7141
2.7081
2.70453
2.70987
2.72737
2.75583
2.79026
2.82269
2.84394
2.84762
2.83522
2.81827
2.81297
2.82773
2.8561
2.88289
2.89403
2.88191
2.8475
2.79852
2.74391
2.68967
2.64024
2.59979
2.57046
2.5523
2.54631
2.55576
2.58209
2.61897
2.65239
2.66995
2.67246
2.67556
2.69229
2.7173
2.73509
2.7352
2.71684
2.68785
2.66251
2.6568
2.67859
2.71967
2.75987
2.77893
2.76466
2.7155
2.64085
2.55975
2.49503
2.46301
2.46642
2.49775
2.54718
2.60661
2.66936
2.73012
2.78601
2.83641
2.88162
2.92109
2.953
2.97455
2.98274
2.97413
2.94362
2.88443
2.79181
2.67005
2.53805
2.4258
2.36059
2.35409
2.40187
2.4884
2.58992
2.68188
2.74897
2.7876
2.80167
2.79782
2.78315
2.76422
2.74634
2.73357
2.72952
2.73787
2.76122
2.79863
2.84441
2.89012
2.92845
2.95561
2.97092
2.97455
2.96593
2.94376
2.90771
2.86014
2.80678
2.75561
2.71384
2.68515
2.66897
2.66175
2.65835
2.65379
2.64603
2.63767
2.63519
2.64556
2.67261
2.71469
2.76425
2.8108
2.84605
2.86729
2.87685
2.87875
2.8758
2.86916
2.8591
2.84502
2.82514
2.79707
2.7591
2.71089
2.65385
2.59305
2.53932
2.5092
2.51885
2.56639
2.6266
2.67436
2.70011
2.70469
2.69225
2.66814
2.63908
2.61358
2.5982
2.59112
2.58491
2.57686
2.57154
2.57466
2.58797
2.60886
2.63137
2.64672
2.6468
2.63008
2.60382
2.58081
2.57202
2.57958
2.59571
2.60949
2.61439
2.61068
2.60361
2.59984
2.60424
2.61831
2.64052
2.66781
2.69692
2.72525
2.75087
2.77252
2.78997
2.80435
2.81755
2.83125
2.84637
2.86253
2.87739
2.88675
2.88518
2.86691
2.82788
2.77006
2.70627
2.65726
2.63809
2.648
2.67575
2.71047
2.74536
2.77589
2.79813
2.80835
2.80324
2.7805
2.74054
2.68848
2.6344
2.5903
2.56486
2.56009
2.57189
2.59383
2.62206
2.65816
2.70725
2.77019
2.83695
2.89111
2.92079
2.92485
2.91143
2.89265
2.8782
2.87114
2.86805
2.86267
2.84957
2.82617
2.79311
2.75405
2.71517
2.68415
2.66848
2.67334
2.69864
2.73847
2.78424
2.82857
2.86628
2.89406
2.90975
2.91217
2.90165
2.88086
2.85458
2.82826
2.80633
2.79129
2.78338
2.78076
2.77994
2.77711
2.76939
2.75628
2.74062
2.72764
2.72115
2.72054
2.72088
2.71532
2.69945
2.67776
2.6622
2.65743
2.65668
2.65542
2.65479
2.65502
2.65584
2.65975
2.66958
2.68395
2.69768
2.7056
2.7057
2.69966
2.69218
2.69
2.70053
2.7286
2.77245
2.82417
2.87509
2.91984
2.95678
2.98604
3.00739
3.0195
3.02021
3.00739
2.98022
2.94027
2.89158
2.83932
2.78754
2.73792
2.68981
2.64114
2.59112
2.54443
2.51265
2.51127
2.55025
2.6222
2.70566
2.78174
2.842
2.88427
2.90743
2.91072
2.89653
2.87251
2.85062
2.84126
2.84301
2.84032
2.81623
2.76546
2.69808
2.63752
2.61132
2.63488
2.70216
2.79038
2.87137
2.92322
2.93561
2.90822
2.84922
2.77638
2.7156
2.68983
2.70472
2.74677
2.79306
2.82064
2.81235
2.76031
2.66913
2.55903
2.46367
2.41285
2.41152
2.44415
2.49649
2.56121
2.62862
2.6849
2.71977
2.73126
2.72445
2.70847
2.69286
2.68405
2.68464
2.69541
2.71506
2.7377
2.75369
2.75502
2.74117
2.71943
2.69894
2.68421
2.67538
2.67214
2.67455
2.68191
2.69279
2.70606
2.72138
2.73876
2.75746
2.77532
2.78914
2.79641
2.79747
2.79772
2.80756
2.83586
2.88014
2.92637
2.96101
2.97994
2.9869
2.98755
2.98535
2.98062
2.97152
2.9552
2.92958
2.89526
2.85571
2.81557
2.77893
2.7491
2.7288
2.71874
2.71589
2.71455
2.71046
2.70524
2.70684
2.72417
2.75963
2.80673
2.85384
2.88937
2.90482
2.89596
2.86272
2.80853
2.73983
2.66573
2.59827
2.55186
2.53892
2.56131
2.60588
2.65156
2.68393
2.7055
2.72841
2.75299
2.76498
2.75331
2.71818
2.66683
2.60778
2.54729
2.49124
2.45005
2.43717
2.45951
2.50973
2.57037
2.62649
2.67441
2.72055
2.7738
2.83798
2.90924
2.97895
3.03894
3.08478
3.11576
3.13243
3.1346
3.12143
3.09286
3.05061
2.99762
2.93696
2.87172
2.80597
2.74532
2.69666
2.66654
2.65833
2.66901
2.68972
2.71077
2.72664
2.73649
2.74144
2.74194
2.73724
2.72652
2.71019
2.69069
2.67244
2.66094
2.66081
2.6744
2.70143
2.73826
2.77784
2.81191
2.83374
2.83944
2.8285
2.80496
2.77736
2.75541
2.74447
2.74196
2.73916
2.72777
2.70784
2.6905
2.689
2.70488
2.72767
2.74697
2.75911
2.76541
2.76822
2.76825
2.76377
2.75172
2.73043
2.70288
2.67889
2.6733
2.6961
2.74108
2.78954
2.82563
2.8452
2.85298
2.85643
2.86141
2.87035
2.88171
2.89086
2.89251
2.88355
2.86527
2.84397
2.8286
2.82638
2.83826
2.85747
2.873
2.87597
2.86557
2.85109
2.84618
2.85782
2.88037
2.89955
2.90067
2.87553
2.82595
2.76516
2.71444
2.69185
2.70019
2.72824
2.76228
2.79318
2.81586
2.82772
2.82897
2.82299
2.81454
2.80584
2.79402
2.77533
2.75223
2.73314
2.725
2.72813
2.73659
2.74251
2.74302
2.74385
2.75501
2.78219
2.82318
2.87123
2.91892
2.95947
2.98722
2.99854
2.99315
2.97544
2.95336
2.93409
2.91936
2.90512
2.88526
2.85503
2.81183
2.75519
2.68706
2.61208
2.5381
2.47702
2.44396
2.45045
2.49576
2.56677
2.64546
2.71479
2.76098
2.77554
2.75778
2.71577
2.66333
2.61314
2.57099
2.53657
2.50867
2.48807
2.47675
2.47663
2.48959
2.51666
2.55612
2.60255
2.6492
2.69149
2.7291
2.76499
2.80267
2.84383
2.88746
2.92993
2.96624
2.99169
3.00325
2.99952
2.9785
2.93624
2.86924
2.78121
2.6903
2.62622
2.60847
2.62944
2.66805
2.70901
2.74542
2.77343
2.79065
2.79824
2.80122
2.80497
2.81172
2.82046
2.82905
2.83554
2.83822
2.83571
2.82862
2.82113
2.82053
2.83406
2.8654
2.9136
2.97337
3.03576
3.0891
3.12142
3.1244
3.09648
3.04342
2.97661
2.91019
2.85727
2.82449
2.80868
2.80124
2.79521
2.78653
2.77279
2.75445
2.73578
2.72228
2.71679
2.71742
2.71986
2.72182
2.72428
2.72831
2.73226
2.73286
2.72828
2.7195
2.7093
2.69976
2.69098
2.68212
2.67355
2.66778
2.66879
2.67991
2.70178
2.73144
2.76367
2.79337
2.81718
2.83324
2.84014
2.83668
2.82221
2.79683
2.76126
2.71651
2.6638
2.60479
2.54288
2.48587
2.44769
2.44389
2.48044
2.54735
2.62643
2.70403
2.77547
2.84065
2.89803
2.94353
2.97325
2.98507
