1.90063
1.88949
1.87469
1.8637
1.85832
1.85617
1.8535
1.84571
1.82894
1.80324
1.77382
1.74944
1.73868
1.74532
1.76638
1.79481
1.82387
1.8497
1.87171
1.89183
1.91252
1.93428
1.95453
1.96929
1.97585
1.97443
1.96793
1.95987
1.95161
1.94109
1.92527
1.90403
1.88136
1.86203
1.84822
1.8407
1.84156
1.8535
1.87678
1.90751
1.93902
1.96388
1.97519
1.96857
1.94553
1.9156
1.89306
1.88851
1.90344
1.93174
1.96406
1.99119
2.00626
2.00541
1.98802
1.95843
1.92822
1.91203
1.91525
1.93116
1.95166
1.97279
1.99149
2.00323
2.00321
1.98861
1.95981
1.92039
1.87643
1.83585
1.80704
1.79531
1.79929
1.81171
1.82446
1.8326
1.83526
1.83482
1.83485
1.83763
1.84368
1.85361
1.86913
1.89195
1.9223
1.95854
1.99723
2.03364
2.06281
2.08045
2.08335
2.06951
2.03849
1.99193
1.93391
1.87078
1.80994
1.75802
1.72022
1.701
1.70442
1.73205
1.78004
1.83849
1.89488
1.93971
1.96965
1.98693
1.99695
2.00526
2.01512
2.02641
2.03638
2.0416
2.03997
2.03134
2.01695
1.9983
1.97637
1.9518
1.9253
1.89753
1.86876
1.83901
1.80897
1.78062
1.75697
1.74124
1.73662
1.74513
1.76567
1.79316
1.82045
1.84169
1.85493
1.8625
1.86899
1.87796
1.89017
1.90486
1.92115
1.93774
1.95217
1.96117
1.96189
1.9534
1.93741
1.9177
1.89899
1.8855
1.87991
1.88267
1.89154
1.90128
1.90509
1.89733
1.87553
1.84172
1.80379
1.77472
1.76627
1.77998
1.80641
1.83364
1.85457
1.8673
1.8723
1.87009
1.86082
1.84562
1.82943
1.82159
1.83025
1.85447
1.88453
1.90998
1.92476
1.92749
1.92149
1.91479
1.91609
1.92844
1.94747
1.96572
1.97715
1.97887
1.9709
1.9558
1.9379
1.92196
1.91159
1.90832
1.91122
1.91727
1.92243
1.92336
1.9192
1.91198
1.90516
1.9013
1.90058
1.90076
1.89799
1.88823
1.86891
1.84067
1.8081
1.778
1.75624
1.74541
1.74526
1.75513
1.77535
1.8061
1.84533
1.88801
1.92739
1.95734
1.97433
1.97786
1.96985
1.95377
1.93399
1.91546
1.90283
1.89904
1.90397
1.91445
1.92621
1.93604
1.943
1.94789
1.95171
1.95404
1.9526
1.94392
1.92483
1.89409
1.85409
1.81122
1.77307
1.74464
1.727
1.71874
1.71793
1.72271
1.73076
1.73951
1.74725
1.75354
1.75833
1.76127
1.76234
1.76274
1.76466
1.77059
1.78241
1.79979
1.8193
1.83654
1.84912
1.85659
1.85841
1.85376
1.84316
1.82935
1.8167
1.80944
1.8097
1.81653
1.827
1.83845
1.84993
1.86197
1.87525
1.88957
1.90375
1.9161
1.92513
1.92976
1.92919
1.92321
1.91286
1.90033
1.88757
1.87453
1.85917
1.8394
1.81561
1.79282
1.7796
1.78222
1.79861
1.81911
1.83374
1.83787
1.83309
1.82449
1.817
1.81304
1.8121
1.81168
1.8094
1.8054
1.80302
1.80658
1.81825
1.83722
1.86017
1.88179
1.89596
1.89841
1.89015
1.87885
1.87531
1.88516
1.90407
1.92193
1.92935
1.92127
1.89833
1.86568
1.82928
1.79312
1.76016
1.7332
1.71364
1.70154
1.69754
1.70384
1.7214
1.74598
1.76826
1.77996
1.78164
1.78371
1.79486
1.81153
1.82339
1.82347
1.81123
1.7919
1.77501
1.7712
1.78573
1.81311
1.83991
1.85262
1.84311
1.81033
1.76057
1.7065
1.66336
1.64201
1.64428
1.66517
1.69812
1.73774
1.77957
1.82008
1.85734
1.89094
1.92108
1.94739
1.96867
1.98303
1.98849
1.98275
1.96241
1.92295
1.8612
1.78003
1.69203
1.6172
1.57373
1.56939
1.60125
1.65893
1.72661
1.78792
1.83265
1.8584
1.86778
1.86521
1.85543
1.84282
1.83089
1.82238
1.81968
1.82524
1.84082
1.86576
1.89627
1.92675
1.9523
1.97041
1.98061
1.98303
1.97728
1.9625
1.93848
1.90676
1.87119
1.83707
1.80923
1.7901
1.77931
1.7745
1.77223
1.7692
1.76402
1.75845
1.7568
1.76371
1.78174
1.80979
1.84283
1.87386
1.89737
1.91152
1.9179
1.91917
1.9172
1.91277
1.90606
1.89668
1.88343
1.86471
1.8394
1.80726
1.76923
1.7287
1.69288
1.6728
1.67924
1.71093
1.75107
1.78291
1.80007
1.80313
1.79483
1.77876
1.75938
1.74238
1.73214
1.72741
1.72327
1.7179
1.71436
1.71644
1.72531
1.73924
1.75425
1.76448
1.76454
1.75339
1.73588
1.72054
1.71468
1.71972
1.73047
1.73966
1.74293
1.74045
1.73574
1.73323
1.73616
1.74554
1.76035
1.77854
1.79795
1.81683
1.83391
1.84835
1.85998
1.86957
1.87836
1.8875
1.89758
1.90835
1.91826
1.9245
1.92345
1.91127
1.88526
1.84671
1.80418
1.77151
1.75873
1.76533
1.78383
1.80698
1.83024
1.85059
1.86542
1.87223
1.86882
1.85367
1.82703
1.79232
1.75627
1.72687
1.70991
1.70673
1.71459
1.72922
1.74804
1.77211
1.80483
1.8468
1.8913
1.92741
1.94719
1.9499
1.94096
1.92843
1.9188
1.91409
1.91204
1.90844
1.89971
1.88412
1.86207
1.83603
1.81011
1.78944
1.77899
1.78222
1.79909
1.82565
1.85616
1.88571
1.91085
1.92937
1.93983
1.94145
1.93444
1.92057
1.90305
1.88551
1.87088
1.86086
1.85559
1.85384
1.8533
1.85141
1.84626
1.83752
1.82708
1.81843
1.8141
1.8137
1.81392
1.81021
1.79963
1.78518
1.7748
1.77162
1.77112
1.77028
1.76986
1.77001
1.77056
1.77317
1.77972
1.7893
1.79845
1.80373
1.8038
1.79977
1.79479
1.79333
1.80035
1.81907
1.8483
1.88278
1.91673
1.94656
1.97119
1.99069
2.00493
2.013
2.01347
2.00493
1.98681
1.96018
1.92772
1.89288
1.85836
1.82528
1.79321
1.76076
1.72741
1.69629
1.6751
1.67418
1.70017
1.74813
1.80377
1.85449
1.89467
1.92285
1.93829
1.94048
1.93102
1.91501
1.90041
1.89417
1.89534
1.89354
1.87748
1.84364
1.79872
1.75835
1.74088
1.75659
1.80144
1.86026
1.91425
1.94881
1.95707
1.93881
1.89948
1.85092
1.8104
1.79322
1.80315
1.83118
1.86204
1.88043
1.8749
1.84021
1.77942
1.70602
1.64244
1.60857
1.60768
1.62943
1.66433
1.70747
1.75241
1.78993
1.81318
1.82084
1.8163
1.80565
1.79524
1.78937
1.78976
1.79694
1.81004
1.82513
1.83579
1.83668
1.82745
1.81295
1.7993
1.78947
1.78359
1.78143
1.78303
1.78794
1.79519
1.80404
1.81425
1.82584
1.83831
1.85022
1.85943
1.86427
1.86498
1.86515
1.87171
1.89058
1.92009
1.95092
1.974
1.98662
1.99127
1.9917
1.99023
1.98708
1.98101
1.97013
1.95305
1.93018
1.9038
1.87705
1.85262
1.83273
1.8192
1.81249
1.81059
1.8097
1.80698
1.80349
1.80456
1.81612
1.83975
1.87115
1.90256
1.92624
1.93655
1.93064
1.90848
1.87236
1.82655
1.77715
1.73218
1.70124
1.69261
1.70754
1.73725
1.76771
1.78928
1.80366
1.81894
1.83533
1.84332
1.83554
1.81212
1.77789
1.73852
1.69819
1.66083
1.63336
1.62478
1.63968
1.67315
1.71358
1.75099
1.78294
1.8137
1.8492
1.89199
1.93949
1.98597
2.02596
2.05652
2.07717
2.08829
2.08973
2.08095
2.06191
2.03374
1.99841
1.95798
1.91448
1.87065
1.83022
1.79777
1.77769
1.77222
1.77934
1.79315
1.80718
1.81776
1.82432
1.82762
1.82796
1.82483
1.81768
1.8068
1.79379
1.78163
1.77396
1.77387
1.78294
1.80095
1.8255
1.8519
1.8746
1.88916
1.89296
1.88566
1.86997
1.85157
1.83694
1.82965
1.82797
1.8261
1.81851
1.80523
1.79366
1.79267
1.80325
1.81845
1.83132
1.83941
1.84361
1.84548
1.8455
1.84252
1.83448
1.82028
1.80192
1.78592
1.7822
1.7974
1.82739
1.85969
1.88376
1.8968
1.90199
1.90429
1.90761
1.91357
1.92114
1.92724
1.92834
1.92236
1.91018
1.89598
1.88573
1.88426
1.89217
1.90498
1.91533
1.91731
1.91038
1.90073
1.89746
1.90521
1.92025
1.93304
1.93378
1.91702
1.88397
1.84344
1.80963
1.79456
1.80013
1.81882
1.84152
1.86212
1.87724
1.88515
1.88598
1.88199
1.87636
1.87056
1.86268
1.85022
1.83482
1.82209
1.81667
1.81875
1.82439
1.82834
1.82868
1.82923
1.83668
1.85479
1.88212
1.91415
1.94595
1.97298
1.99148
1.99902
1.99544
1.98363
1.96891
1.95606
1.94624
1.93675
1.92351
1.90335
1.87455
1.83679
1.79137
1.74138
1.69207
1.65134
1.62931
1.63364
1.66384
1.71118
1.76364
1.80986
1.84065
1.85036
1.83852
1.81052
1.77556
1.74209
1.71399
1.69105
1.67244
1.65871
1.65117
1.65109
1.65973
1.67778
1.70408
1.73503
1.76613
1.79433
1.8194
1.84333
1.86844
1.89589
1.92498
1.95329
1.9775
1.99446
2.00216
1.99968
1.98567
1.95749
1.91282
1.85414
1.79353
1.75081
1.73898
1.75296
1.7787
1.80601
1.83028
1.84895
1.86043
1.86549
1.86748
1.86998
1.87448
1.88031
1.88604
1.89036
1.89214
1.89048
1.88574
1.88075
1.88035
1.88937
1.91027
1.9424
1.98224
2.02384
2.0594
2.08094
2.08294
2.06432
2.02894
1.98441
1.94013
1.90485
1.883
1.87246
1.86749
1.86348
1.85769
1.84853
1.8363
1.82385
1.81486
1.81119
1.81161
1.81324
1.81455
1.81619
1.81888
1.82151
1.82191
1.81885
1.813
1.8062
1.79984
1.79399
1.78808
1.78236
1.77852
1.77919
1.78661
1.80118
1.82096
1.84245
1.86225
1.87812
1.88883
1.89343
1.89112
1.88147
1.86455
1.84084
1.81101
1.77587
1.73652
1.69525
1.65725
1.63179
1.62926
1.65362
1.69823
1.75095
1.80269
1.85031
1.89377
1.93202
1.96236
1.98217
1.99005
