-1.63736
-1.63526
-1.63649
-1.63706
-1.63851
-1.63811
-1.63616
-1.63622
-1.63445
-1.63372
-1.63262
-1.63429
-1.63681
-1.63888
-1.6399
-1.64055
-1.64085
-1.63994
-1.64039
-1.64138
-1.64174
-1.64221
-1.6409
-1.6401
-1.63865
-1.63764
-1.63764
-1.6367
-1.63658
-1.63611
-1.63625
-1.63554
-1.63606
-1.63681
-1.63845
-1.63982
-1.64071
-1.64386
-1.64518
-1.64519
-1.64425
-1.64266
-1.64123
-1.63771
-1.63538
-1.63625
-1.63781
-1.64056
-1.64237
-1.64394
-1.6442
-1.64158
-1.63727
-1.63519
-1.63366
-1.6326
-1.63362
-1.63713
-1.64074
-1.64248
-1.64126
-1.64219
-1.64119
-1.64109
-1.64038
-1.63738
-1.63502
-1.63372
-1.6341
-1.63698
-1.64007
-1.6427
-1.64426
-1.64451
-1.64405
-1.64304
-1.64084
-1.64052
-1.64038
-1.63995
-1.63986
-1.6401
-1.6402
-1.64136
-1.6421
-1.64244
-1.64169
-1.64214
-1.64128
-1.64002
-1.63852
-1.63456
-1.63222
-1.63046
-1.62997
-1.62965
-1.63118
-1.63161
-1.6335
-1.63695
-1.64027
-1.6445
-1.64582
-1.64575
-1.64392
-1.64191
-1.6402
-1.6384
-1.63825
-1.63879
-1.64076
-1.64215
-1.64196
-1.64118
-1.64054
-1.63942
-1.63929
-1.6392
-1.63786
-1.63781
-1.63668
-1.63682
-1.63547
-1.63474
-1.63453
-1.63456
-1.63613
-1.63728
-1.63932
-1.64266
-1.64535
-1.64566
-1.64568
-1.64556
-1.64491
-1.64261
-1.64235
-1.64224
-1.64222
-1.64207
-1.64193
-1.64225
-1.64227
-1.64059
-1.6383
-1.63835
-1.63614
-1.63596
-1.63649
-1.63723
-1.63837
-1.63951
-1.64022
-1.6404
-1.6399
-1.63757
-1.63504
-1.63343
-1.6347
-1.63594
-1.64008
-1.64328
-1.64475
-1.64459
-1.64264
-1.64157
-1.64138
-1.64076
-1.63732
-1.63686
-1.6371
-1.63872
-1.64185
-1.64488
-1.64436
-1.6426
-1.63942
-1.63896
-1.63746
-1.63965
-1.641
-1.64214
-1.64239
-1.64216
-1.64097
-1.6393
-1.6392
-1.63876
-1.63889
-1.63922
-1.63979
-1.64129
-1.64277
-1.64261
-1.64096
-1.63972
-1.63922
-1.63828
-1.6386
-1.63837
-1.6378
-1.63674
-1.63671
-1.6369
-1.63573
-1.63392
-1.63456
-1.63472
-1.63628
-1.63884
-1.64083
-1.64234
-1.64514
-1.64633
-1.64695
-1.64678
-1.64665
-1.64517
-1.64296
-1.64045
-1.63882
-1.63855
-1.63794
-1.63808
-1.64002
-1.64127
-1.64253
-1.64392
-1.64455
-1.64398
-1.64404
-1.64323
-1.64263
-1.64181
-1.64067
-1.6387
-1.63666
-1.63424
-1.6336
-1.63472
-1.63534
-1.63788
-1.6382
-1.63975
-1.63951
-1.63957
-1.63954
-1.63932
-1.63896
-1.63965
-1.63894
-1.63864
-1.63827
-1.63879
-1.63953
-1.64077
-1.64276
-1.64278
-1.64317
-1.64166
-1.64135
-1.64131
-1.64009
-1.6385
-1.63853
-1.64005
-1.63924
-1.63878
-1.63975
-1.64113
-1.64051
-1.63993
-1.64026
-1.64102
-1.63986
-1.64008
-1.63993
-1.63877
-1.63787
-1.63774
-1.63768
-1.63692
-1.63672
-1.63629
-1.63661
-1.63659
-1.63679
-1.63622
-1.63575
-1.63596
-1.63882
-1.64142
-1.6419
-1.64176
-1.64079
-1.63936
-1.63795
-1.63857
-1.63857
-1.63897
-1.63894
-1.63864
-1.63813
-1.63869
-1.63795
-1.6403
-1.64197
-1.64255
-1.64336
-1.6425
-1.64034
-1.6382
-1.63615
-1.63736
-1.63861
-1.64064
-1.64002
-1.63857
-1.636
-1.63222
-1.6308
-1.63047
-1.63164
-1.63313
-1.63385
-1.63537
-1.63589
-1.63702
-1.6384
-1.64086
-1.64025
-1.64077
-1.63931
-1.63808
-1.63697
-1.63874
-1.64073
-1.64012
-1.63897
-1.63806
-1.63606
-1.63645
-1.63818
-1.64155
-1.64459
-1.64446
-1.64303
-1.63948
-1.63633
-1.63272
-1.63017
-1.63139
-1.63532
-1.63776
-1.64069
-1.64233
-1.64321
-1.64353
-1.64475
-1.64299
-1.64379
-1.64221
-1.64002
-1.64012
-1.63907
-1.63772
-1.63682
-1.6352
-1.63144
-1.62823
-1.62491
-1.62262
-1.62224
-1.62679
-1.63199
-1.63813
-1.64272
-1.64646
-1.64699
-1.64529
-1.64289
-1.64109
-1.63943
-1.63818
-1.63746
-1.63856
-1.63965
-1.64082
-1.64219
-1.64376
-1.64468
-1.6457
-1.64609
-1.64594
-1.64418
-1.64208
-1.64061
-1.63958
-1.63768
-1.63658
-1.63602
-1.63543
-1.63466
-1.63516
-1.63532
-1.63651
-1.63625
-1.63657
-1.63651
-1.63667
-1.63641
-1.63817
-1.64007
-1.64285
-1.64378
-1.64541
-1.64498
-1.64431
-1.64368
-1.64159
-1.6399
-1.64113
-1.64133
-1.64114
-1.64063
-1.64076
-1.64035
-1.64048
-1.63839
-1.6371
-1.63581
-1.63592
-1.63746
-1.63992
-1.6438
-1.646
-1.64552
-1.64275
-1.6408
-1.63782
-1.63715
-1.63753
-1.63642
-1.63602
-1.6377
-1.63631
-1.63626
-1.63655
-1.63717
-1.63834
-1.63928
-1.63992
-1.63873
-1.63751
-1.6356
-1.63312
-1.63328
-1.6346
-1.63542
-1.63645
-1.63714
-1.6378
-1.63757
-1.6371
-1.63698
-1.63747
-1.63767
-1.6395
-1.64152
-1.64124
-1.64112
-1.64183
-1.64163
-1.64075
-1.64097
-1.63956
-1.63999
-1.64117
-1.64132
-1.64208
-1.64115
-1.64107
-1.64072
-1.63908
-1.63771
-1.63634
-1.63668
-1.638
-1.64106
-1.64417
-1.645
-1.64556
-1.64516
-1.64375
-1.64211
-1.64223
-1.63979
-1.63783
-1.6363
-1.63451
-1.63589
-1.63549
-1.63773
-1.63965
-1.64231
-1.64244
-1.64245
-1.6426
-1.64365
-1.64392
-1.64387
-1.64271
-1.64077
-1.63809
-1.63653
-1.63631
-1.63688
-1.63812
-1.63683
-1.63763
-1.63561
-1.63426
-1.63344
-1.63435
-1.63478
-1.63644
-1.63847
-1.64033
-1.64062
-1.64221
-1.64191
-1.6416
-1.63998
-1.639
-1.63726
-1.63622
-1.63457
-1.63423
-1.63293
-1.63471
-1.63486
-1.63606
-1.63685
-1.63676
-1.63687
-1.63619
-1.63607
-1.63594
-1.63701
-1.63906
-1.64127
-1.63998
-1.64001
-1.64029
-1.63872
-1.63786
-1.63927
-1.64022
-1.63963
-1.63886
-1.63867
-1.63841
-1.63856
-1.63937
-1.63967
-1.64123
-1.64085
-1.63843
-1.63618
-1.63563
-1.63597
-1.63737
-1.63959
-1.64092
-1.64198
-1.64272
-1.64242
-1.64182
-1.64194
-1.64148
-1.64124
-1.63945
-1.63667
-1.6363
-1.63445
-1.63261
-1.63156
-1.63388
-1.63376
-1.63337
-1.63297
-1.63356
-1.63327
-1.63367
-1.6366
-1.6413
-1.64467
-1.64749
-1.64775
-1.647
-1.6448
-1.6434
-1.64127
-1.64009
-1.63851
-1.63965
-1.63979
-1.64169
-1.64242
-1.64093
-1.63765
-1.63483
-1.63517
-1.63666
-1.64142
-1.64506
-1.64944
-1.65028
-1.64758
-1.64406
-1.6395
-1.63598
-1.63301
-1.6322
-1.635
-1.63917
-1.64184
-1.64292
-1.64037
-1.63759
-1.63218
-1.62843
-1.62398
-1.62546
-1.62838
-1.63405
-1.63829
-1.64076
-1.64214
-1.64446
-1.64369
-1.6434
-1.64116
-1.63795
-1.63748
-1.63892
-1.64014
-1.64086
-1.64231
-1.64377
-1.64457
-1.64362
-1.64167
-1.64003
-1.63881
-1.63826
-1.63843
-1.63965
-1.64051
-1.64017
-1.64162
-1.64144
-1.64293
-1.64449
-1.6441
-1.64413
-1.64342
-1.64392
-1.64501
-1.64386
-1.64404
-1.64507
-1.64648
-1.64859
-1.64802
-1.64735
-1.64474
-1.64405
-1.64408
-1.64278
-1.6418
-1.63997
-1.63787
-1.63776
-1.63666
-1.63639
-1.63537
-1.63525
-1.63548
-1.63572
-1.63752
-1.63935
-1.64069
-1.64009
-1.63917
-1.64138
-1.64185
-1.64385
-1.64363
-1.64555
-1.64429
-1.64305
-1.64195
-1.64036
-1.63806
-1.63853
-1.63783
-1.63835
-1.64069
-1.64387
-1.64802
-1.65137
-1.65261
-1.65155
-1.65036
-1.65072
-1.65015
-1.64782
-1.64457
-1.6428
-1.64094
-1.6398
-1.63926
-1.63985
-1.63986
-1.643
-1.64536
-1.64782
-1.65017
-1.65207
-1.6503
-1.64911
-1.64824
-1.64838
-1.64968
-1.6504
-1.64991
-1.64892
-1.64818
-1.64582
-1.64455
-1.6426
-1.64028
-1.63745
-1.63623
-1.63487
-1.63306
-1.63235
-1.63212
-1.63254
-1.63382
-1.637
-1.64005
-1.64122
-1.64195
-1.64114
-1.6378
-1.6371
-1.63711
-1.6371
-1.63713
-1.63682
-1.63711
-1.63671
-1.63683
-1.63763
-1.64
-1.64019
-1.6417
-1.64159
-1.64141
-1.64045
-1.63942
-1.6362
-1.63603
-1.63608
-1.63472
-1.63615
-1.6377
-1.63903
-1.63968
-1.63848
-1.63899
-1.64037
-1.64109
-1.64281
-1.64269
-1.64218
-1.64058
-1.6412
-1.64077
-1.63999
-1.63847
-1.63696
-1.63686
-1.63543
-1.63808
-1.63931
-1.64317
-1.64445
-1.64271
-1.64045
-1.6379
-1.63682
-1.63661
-1.6362
-1.63748
-1.63781
-1.63819
-1.63707
-1.63554
-1.63502
-1.63475
-1.63671
-1.63746
-1.63695
-1.6368
-1.63525
-1.63438
-1.63401
-1.63648
-1.63771
-1.64017
-1.63965
-1.63875
-1.63696
-1.63531
-1.63446
-1.63413
-1.63811
-1.64047
-1.64189
-1.64306
-1.64186
-1.64153
-1.64068
-1.6397
-1.63984
-1.63862
-1.63873
-1.63832
-1.63805
-1.63781
-1.63749
-1.63866
-1.64019
-1.64123
-1.64146
-1.64091
-1.6407
-1.64098
-1.64351
-1.64465
-1.646
-1.6475
-1.64723
-1.64634
-1.64482
-1.64097
-1.64052
-1.64014
-1.64091
-1.64034
-1.64004
-1.63839
-1.63527
-1.63466
-1.633
-1.63172
-1.63153
-1.63136
-1.63219
-1.63399
-1.63635
-1.63991
-1.64337
-1.64498
-1.64508
-1.64333
-1.63999
-1.63694
-1.63386
-1.63456
-1.63505
-1.63572
-1.63672
-1.63816
-1.63882
-1.6401
-1.64069
-1.64282
-1.64421
-1.64438
-1.64492
-1.64539
-1.64495
-1.64367
-1.64514
-1.64668
-1.64775
-1.64764
-1.64772
-1.64734
-1.64539
-1.64335
-1.64248
-1.64103
-1.63957
-1.63659
-1.63413
-1.63319
-1.63492
-1.63877
-1.64326
-1.64569
-1.64569
-1.64561
-1.64523
-1.64286
-1.64192
-1.64134
-1.64166
-1.64237
-1.6419
-1.64259
-1.6414
-1.64079
-1.63927
-1.63918
-1.63828
-1.6377
-1.63928
-1.64051
-1.64337
-1.64544
-1.64602
-1.64537
-1.64409
-1.64068
-1.63784
-1.63465
-1.63299
-1.63146
-1.63227
-1.6349
-1.6378
-1.6398
-1.64095
-1.6413
-1.64011
-1.63881
-1.63959
-1.64093
-1.64197
-1.64305
-1.64312
-1.64327
-1.64414
-1.64414
-1.6447
-1.64436
-1.64464
-1.64428
-1.64234
-1.64189
-1.64199
-1.64111
-1.64094
-1.64031
-1.63959
-1.64003
-1.64294
-1.64436
-1.64503
-1.64514
-1.64406
-1.64351
-1.64341
-1.64197
-1.64149
-1.64069
-1.63978
-1.63881
-1.63735
-1.63679
-1.63614
-1.63618
-1.63673
-1.64013
-1.64445
-1.64803
-1.65069
-1.64996
-1.64836
-1.64622
-1.64722
-1.64655
-1.64451
-1.64325
-1.64061
