-4.4883
-4.46949
-4.44854
-4.43261
-4.42599
-4.42237
-4.41641
-4.40479
-4.37785
-4.33858
-4.29335
-4.25845
-4.24482
-4.25685
-4.28948
-4.33277
-4.37665
-4.41449
-4.44796
-4.47913
-4.51052
-4.54363
-4.5727
-4.59404
-4.60243
-4.59928
-4.58954
-4.57651
-4.56399
-4.54775
-4.52416
-4.49158
-4.4581
-4.42985
-4.41077
-4.40087
-4.40306
-4.42411
-4.46035
-4.50645
-4.55278
-4.58847
-4.60401
-4.59057
-4.55367
-4.50965
-4.47741
-4.47333
-4.49752
-4.54155
-4.59029
-4.62837
-4.64666
-4.6433
-4.61569
-4.57024
-4.52595
-4.50517
-4.51361
-4.53922
-4.56875
-4.60137
-4.62842
-4.64594
-4.6452
-4.62029
-4.57474
-4.5143
-4.44874
-4.39076
-4.35063
-4.33567
-4.34318
-4.36207
-4.38075
-4.39194
-4.39373
-4.39275
-4.39265
-4.39639
-4.40539
-4.42052
-4.4439
-4.47928
-4.52555
-4.58025
-4.63752
-4.6926
-4.73549
-4.76069
-4.76354
-4.73883
-4.68995
-4.61836
-4.53084
-4.43583
-4.34609
-4.26865
-4.21383
-4.18845
-4.19691
-4.24258
-4.31588
-4.40349
-4.48625
-4.55147
-4.59467
-4.61879
-4.63367
-4.64668
-4.66344
-4.68177
-4.69652
-4.70357
-4.7005
-4.68643
-4.66472
-4.63665
-4.60241
-4.56551
-4.52463
-4.48312
-4.4386
-4.39325
-4.34797
-4.30549
-4.27158
-4.24915
-4.24425
-4.26035
-4.29385
-4.33541
-4.37636
-4.4081
-4.42731
-4.43635
-4.44584
-4.45918
-4.47747
-4.49935
-4.52366
-4.54887
-4.57053
-4.58234
-4.58113
-4.56846
-4.54226
-4.5125
-4.48496
-4.46549
-4.45824
-4.46352
-4.47753
-4.49232
-4.49754
-4.48356
-4.44833
-4.39601
-4.34037
-4.29802
-4.28949
-4.31325
-4.35436
-4.39505
-4.4245
-4.44252
-4.44983
-4.44591
-4.42856
-4.40529
-4.38125
-4.3711
-4.38722
-4.42659
-4.47117
-4.50757
-4.52656
-4.5302
-4.5197
-4.51183
-4.51513
-4.5348
-4.56359
-4.59073
-4.6067
-4.6076
-4.59555
-4.57247
-4.54574
-4.52216
-4.50717
-4.50377
-4.5096
-4.51852
-4.5246
-4.52476
-4.51802
-4.50626
-4.49634
-4.49031
-4.48868
-4.48788
-4.4837
-4.46925
-4.43908
-4.39493
-4.34671
-4.30172
-4.27064
-4.25696
-4.25872
-4.27504
-4.30816
-4.35548
-4.41495
-4.4788
-4.53773
-4.58119
-4.60445
-4.60723
-4.5936
-4.5692
-4.53892
-4.51126
-4.49426
-4.48984
-4.49849
-4.5156
-4.53387
-4.54805
-4.55854
-4.56506
-4.57019
-4.57288
-4.56958
-4.55458
-4.52391
-4.47538
-4.41474
-4.35155
-4.29493
-4.25484
-4.2287
-4.21786
-4.2164
-4.22364
-4.23568
-4.24858
-4.25983
-4.26996
-4.27644
-4.28055
-4.28179
-4.2829
-4.28652
-4.29666
-4.31638
-4.34246
-4.37212
-4.39647
-4.41504
-4.42619
-4.4277
-4.41914
-4.40328
-4.38407
-4.36428
-4.35294
-4.35431
-4.36592
-4.38101
-4.3976
-4.41516
-4.43398
-4.45274
-4.47445
-4.49556
-4.51292
-4.52557
-4.53238
-4.53146
-4.52174
-4.50602
-4.48679
-4.46797
-4.44839
-4.42555
-4.39531
-4.35916
-4.32519
-4.30822
-4.31475
-4.33981
-4.37043
-4.3914
-4.39616
-4.38759
-4.37531
-4.36406
-4.35853
-4.35709
-4.35616
-4.35223
-4.34678
-4.34248
-4.35016
-4.36934
-4.39838
-4.43362
-4.46519
-4.48427
-4.48582
-4.47137
-4.45563
-4.45158
-4.46838
-4.49612
-4.52146
-4.53003
-4.51413
-4.4783
-4.42899
-4.37556
-4.3228
-4.27409
-4.23516
-4.20636
-4.18932
-4.18471
-4.19662
-4.22235
-4.25974
-4.2917
-4.30803
-4.30943
-4.31431
-4.33302
-4.35741
-4.37406
-4.37326
-4.35291
-4.3243
-4.30069
-4.29835
-4.32318
-4.36413
-4.4029
-4.41841
-4.401
-4.34822
-4.27102
-4.19114
-4.13036
-4.10077
-4.10711
-4.14008
-4.19039
-4.25014
-4.31411
-4.37311
-4.4298
-4.47862
-4.52164
-4.56121
-4.59207
-4.61226
-4.61955
-4.60933
-4.57506
-4.51266
-4.41672
-4.29267
-4.16029
-4.0526
-3.99257
-3.99222
-4.04459
-4.13486
-4.23691
-4.32717
-4.39186
-4.42869
-4.4411
-4.436
-4.42061
-4.40278
-4.38599
-4.37439
-4.37171
-4.38163
-4.40591
-4.44433
-4.4905
-4.53607
-4.57263
-4.5977
-4.61153
-4.61413
-4.60361
-4.58034
-4.54373
-4.49557
-4.44145
-4.39077
-4.34916
-4.32166
-4.30521
-4.29833
-4.29486
-4.29046
-4.28244
-4.27584
-4.27527
-4.28841
-4.31638
-4.36009
-4.40923
-4.4551
-4.48974
-4.50888
-4.51674
-4.51988
-4.51713
-4.5103
-4.49973
-4.48577
-4.46549
-4.43755
-4.39749
-4.348
-4.28966
-4.22897
-4.17677
-4.14912
-4.16265
-4.21238
-4.27212
-4.31711
-4.34091
-4.34252
-4.3294
-4.30567
-4.27549
-4.2496
-4.2359
-4.22743
-4.22116
-4.21341
-4.20871
-4.21301
-4.22725
-4.24878
-4.2701
-4.28422
-4.2824
-4.2632
-4.2371
-4.21541
-4.20744
-4.21603
-4.23285
-4.24729
-4.25196
-4.24778
-4.24059
-4.23731
-4.24192
-4.25781
-4.28204
-4.30905
-4.33804
-4.36708
-4.3925
-4.41326
-4.43094
-4.44391
-4.45754
-4.47242
-4.48769
-4.50461
-4.51854
-4.52783
-4.52589
-4.50598
-4.4656
-4.4064
-4.34295
-4.29526
-4.27915
-4.29217
-4.32075
-4.35604
-4.39052
-4.41964
-4.44025
-4.45058
-4.44302
-4.41833
-4.37685
-4.32299
-4.27029
-4.22579
-4.2026
-4.19975
-4.21421
-4.23627
-4.26451
-4.30076
-4.3509
-4.41411
-4.48082
-4.53382
-4.56156
-4.56294
-4.54797
-4.52896
-4.51508
-4.50926
-4.50489
-4.50029
-4.48518
-4.46043
-4.42655
-4.3884
-4.34995
-4.3206
-4.30695
-4.31367
-4.33926
-4.38068
-4.42615
-4.47017
-4.50626
-4.53306
-4.54701
-4.54839
-4.53623
-4.51509
-4.48751
-4.46297
-4.44119
-4.42734
-4.42023
-4.41752
-4.41682
-4.4133
-4.40547
-4.39221
-4.37763
-4.3667
-4.36242
-4.36052
-4.36089
-4.35562
-4.33817
-4.31562
-4.30147
-4.29765
-4.29631
-4.29428
-4.29347
-4.29343
-4.29439
-4.29912
-4.30924
-4.32518
-4.33853
-4.34403
-4.34188
-4.33529
-4.32816
-4.32736
-4.34012
-4.36952
-4.41443
-4.46689
-4.51751
-4.56165
-4.59872
-4.62752
-4.64863
-4.65895
-4.65688
-4.64369
-4.61467
-4.57287
-4.52314
-4.4732
-4.4213
-4.37129
-4.32278
-4.2747
-4.22438
-4.17811
-4.14925
-4.15257
-4.19492
-4.26969
-4.35341
-4.42874
-4.4868
-4.52767
-4.5487
-4.55081
-4.53504
-4.51216
-4.4904
-4.48295
-4.48543
-4.48125
-4.45388
-4.40029
-4.33325
-4.27418
-4.25274
-4.27994
-4.3516
-4.44066
-4.51895
-4.56728
-4.57511
-4.54419
-4.48223
-4.40858
-4.35059
-4.32899
-4.34656
-4.38969
-4.43343
-4.45823
-4.44454
-4.38874
-4.29311
-4.18449
-4.09205
-4.0469
-4.04982
-4.08491
-4.13863
-4.20567
-4.27231
-4.3283
-4.36093
-4.36921
-4.36194
-4.34739
-4.333
-4.32491
-4.32695
-4.33918
-4.35963
-4.38132
-4.39536
-4.39505
-4.37998
-4.35769
-4.33737
-4.32386
-4.31589
-4.31231
-4.31617
-4.32335
-4.33571
-4.35055
-4.36548
-4.38289
-4.40088
-4.41925
-4.43415
-4.44026
-4.44151
-4.44279
-4.45405
-4.48445
-4.52816
-4.57373
-4.60575
-4.62398
-4.63099
-4.63034
-4.62715
-4.62059
-4.60939
-4.59296
-4.56624
-4.53166
-4.49107
-4.45081
-4.41441
-4.38483
-4.36632
-4.35809
-4.35658
-4.35464
-4.34964
-4.34662
-4.34869
-4.36803
-4.40326
-4.45228
-4.49813
-4.53242
-4.54677
-4.53632
-4.50077
-4.44707
-4.37766
-4.30408
-4.23895
-4.19573
-4.18694
-4.21268
-4.25848
-4.30311
-4.33429
-4.35622
-4.37856
-4.40081
-4.40955
-4.39611
-4.35912
-4.30663
-4.24704
-4.18714
-4.1311
-4.09305
-4.08253
-4.10733
-4.1599
-4.22244
-4.27679
-4.32352
-4.36879
-4.42218
-4.48766
-4.55964
-4.62886
-4.68786
-4.73296
-4.76158
-4.77698
-4.7772
-4.76171
-4.73031
-4.68684
-4.63249
-4.57002
-4.50407
-4.43809
-4.37786
-4.33048
-4.30354
-4.29838
-4.31023
-4.33167
-4.35191
-4.36444
-4.37359
-4.37855
-4.37904
-4.37437
-4.36333
-4.34731
-4.3274
-4.30926
-4.29857
-4.30081
-4.3146
-4.34313
-4.37985
-4.41925
-4.45235
-4.47315
-4.47564
-4.46453
-4.44104
-4.41208
-4.39156
-4.38217
-4.38099
-4.37883
-4.36625
-4.34683
-4.33087
-4.3301
-4.34769
-4.37037
-4.38915
-4.3997
-4.40661
-4.40899
-4.40824
-4.40224
-4.38868
-4.36728
-4.33832
-4.31697
-4.31261
-4.33927
-4.38553
-4.43225
-4.46608
-4.4831
-4.4898
-4.49303
-4.49761
-4.50783
-4.51952
-4.52905
-4.52957
-4.51908
-4.5003
-4.47871
-4.46531
-4.46384
-4.4752
-4.49426
-4.50825
-4.51035
-4.49958
-4.48757
-4.4839
-4.49799
-4.52002
-4.53831
-4.53764
-4.51084
-4.46041
-4.39929
-4.35255
-4.33232
-4.34208
-4.37129
-4.40414
-4.43471
-4.45654
-4.46742
-4.46881
-4.46161
-4.45327
-4.44416
-4.43207
-4.41314
-4.38972
-4.3718
-4.3652
-4.36936
-4.37805
-4.38342
-4.38371
-4.38483
-4.39852
-4.42684
-4.46918
-4.51873
-4.56615
-4.6058
-4.63204
-4.63951
-4.63367
-4.61559
-4.59427
-4.57443
-4.5594
-4.54351
-4.52053
-4.48969
-4.44483
-4.38691
-4.31859
-4.24344
-4.17029
-4.111
-4.08031
-4.09036
-4.13914
-4.21175
-4.29054
-4.35811
-4.40097
-4.41248
-4.39165
-4.35034
-4.29838
-4.24886
-4.20771
-4.17473
-4.14748
-4.12817
-4.11744
-4.11945
-4.1338
-4.16104
-4.20104
-4.24794
-4.29415
-4.33516
-4.37424
-4.41167
-4.45042
-4.49147
-4.53518
-4.57727
-4.61164
-4.63504
-4.64573
-4.64054
-4.61807
-4.57283
-4.50337
-4.41441
-4.32522
-4.26499
-4.25173
-4.27513
-4.31374
-4.35463
-4.39065
-4.41629
-4.43257
-4.43958
-4.44287
-4.44734
-4.45361
-4.46305
-4.47045
-4.47633
-4.47748
-4.4749
-4.4669
-4.45883
-4.45981
-4.47457
-4.50878
-4.55904
-4.61938
-4.68114
-4.73319
-4.7621
-4.76225
-4.73113
-4.67641
-4.60808
-4.54246
-4.49216
-4.46229
-4.44848
-4.44219
-4.43651
-4.42665
-4.4116
-4.39404
-4.3767
-4.36426
-4.35983
-4.36054
-4.36313
-4.36596
-4.36842
-4.37301
-4.37663
-4.3775
-4.37256
-4.36184
-4.35119
-4.34175
-4.33209
-4.32305
-4.31386
-4.30737
-4.30881
-4.32286
-4.34614
-4.37647
-4.40881
-4.43743
-4.46068
-4.47665
-4.48211
-4.47817
-4.46289
-4.43661
-4.40008
-4.35386
-4.30058
-4.24093
-4.17906
-4.1226
-4.08782
-4.08834
-4.12846
-4.19803
-4.27639
-4.35239
-4.42168
-4.48787
-4.54458
-4.58804
-4.61651
-4.62568
