-4.9875 0 0
-4.9625 0 0
-4.9375 0 0
-4.9125 0 0
-4.8875 0 0
-4.8625 0 0
-4.8375 0 0
-4.8125 0 0
-4.7875 0 0
-4.7625 0 0
-4.7375 0 0
-4.7125 0 0
-4.6875 0 0
-4.6625 0 0
-4.6375 0 0
-4.6125 0 0
-4.5875 0 0
-4.5625 0 0
-4.5375 0 0
-4.5125 0 0
-4.4875 0 0
-4.4625 0 0
-4.4375 0 0
-4.4125 0 0
-4.3875 0 0
-4.3625 0 0
-4.3375 0 0
-4.3125 0 0
-4.2875 0 0
-4.2625 0 0
-4.2375 0 0
-4.2125 0 0
-4.1875 0 0
-4.1625 0 0
-4.1375 0 0
-4.1125 0 0
-4.0875 0 0
-4.0625 0 0
-4.0375 0 0
-4.0125 0 0
-3.9875 0 0
-3.9625 0 0
-3.9375 0 0
-3.9125 0 0
-3.8875 0 0
-3.8625 0 0
-3.8375 0 0
-3.8125 0 0
-3.7875 0 0
-3.7625 0 0
-3.7375 0 0
-3.7125 0 0
-3.6875 0 0
-3.6625 0 0
-3.6375 0 0
-3.6125 0 0
-3.5875 0 0
-3.5625 0 0
-3.5375 0 0
-3.5125 0 0
-3.4875 0 0
-3.4625 0 0
-3.4375 0 0
-3.4125 0 0
-3.3875 0 0
-3.3625 0 0
-3.3375 0 0
-3.3125 0 0
-3.2875 0 0
-3.2625 0 0
-3.2375 0 0
-3.2125 0 0
-3.1875 1.63934e-05 1.59784e-05
-3.1625 8.19672e-06 7.98918e-06
-3.1375 3.27869e-05 3.19567e-05
-3.1125 9.83607e-05 9.58701e-05
-3.0875 2.45902e-05 2.39675e-05
-3.0625 9.83607e-05 5.60742e-05
-3.0375 0.000114754 6.25319e-05
-3.0125 0.000163934 0.000101719
-2.9875 0.000155738 0.00010717
-2.9625 0.000172131 0.000105909
-2.9375 0.000180328 0.000110519
-2.9125 0.000131148 7.38615e-05
-2.8875 9.01639e-05 4.41026e-05
-2.8625 0.000106557 6.05393e-05
-2.8375 0.000303279 7.88548e-05
-2.8125 0.000737705 0.000241351
-2.7875 0.00107377 0.000358127
-2.7625 0.00148361 0.000415449
-2.7375 0.00170492 0.000433947
-2.7125 0.00208197 0.000502092
-2.6875 0.00278689 0.000596955
-2.6625 0.00309016 0.000496193
-2.6375 0.00407377 0.000586083
-2.6125 0.00489344 0.000798268
-2.5875 0.00571311 0.000824353
-2.5625 0.00666393 0.000737001
-2.5375 0.00838525 0.000935739
-2.5125 0.00990164 0.00124441
-2.4875 0.0123852 0.00144008
-2.4625 0.0124262 0.00137376
-2.4375 0.0147541 0.00109603
-2.4125 0.016377 0.000953564
-2.3875 0.019877 0.00108661
-2.3625 0.0207541 0.00141195
-2.3375 0.0248033 0.00186565
-2.3125 0.026877 0.00190779
-2.2875 0.0311066 0.00169682
-2.2625 0.0341393 0.00143931
-2.2375 0.0402377 0.00152694
-2.2125 0.0443361 0.00214013
-2.1875 0.0491639 0.00262033
-2.1625 0.0532213 0.00277319
-2.1375 0.0604016 0.00267111
-2.1125 0.0660738 0.00268721
-2.0875 0.0710574 0.00356205
-2.0625 0.076 0.00352711
-2.0375 0.0815656 0.00234671
-2.0125 0.0883852 0.00302352
-1.9875 0.0972295 0.00304468
-1.9625 0.106303 0.00357203
-1.9375 0.111664 0.00379835
-1.9125 0.116762 0.00330396
-1.8875 0.129754 0.00354704
-1.8625 0.136402 0.00460833
-1.8375 0.146393 0.00468756
-1.8125 0.156467 0.00510074
-1.7875 0.165377 0.00463719
-1.7625 0.173451 0.00413634
-1.7375 0.181549 0.00455064
-1.7125 0.183754 0.0042736
-1.6875 0.189393 0.00389575
-1.6625 0.196197 0.00420762
-1.6375 0.207172 0.00361848
-1.6125 0.210287 0.00299118
-1.5875 0.218844 0.00344431
-1.5625 0.227631 0.00462778
-1.5375 0.237049 0.00514848
-1.5125 0.243008 0.0062857
-1.4875 0.248279 0.00661153
-1.4625 0.253426 0.005946
-1.4375 0.256803 0.0055661
-1.4125 0.259648 0.00506971
-1.3875 0.26127 0.00542043
-1.3625 0.263172 0.00527378
-1.3375 0.265869 0.00499381
-1.3125 0.271713 0.00471247
-1.2875 0.274008 0.00399251
-1.2625 0.279754 0.00406745
-1.2375 0.28282 0.00494673
-1.2125 0.286074 0.00514079
-1.1875 0.286631 0.0049716
-1.1625 0.288959 0.0048895
-1.1375 0.288975 0.00556501
-1.1125 0.289492 0.00556286
-1.0875 0.291328 0.0056663
-1.0625 0.290607 0.00632028
-1.0375 0.295369 0.00572786
-1.0125 0.292197 0.00653723
-0.9875 0.289451 0.00519604
-0.9625 0.284951 0.0055201
-0.9375 0.284451 0.00559299
-0.9125 0.280148 0.00551227
-0.8875 0.28059 0.00566066
-0.8625 0.276828 0.00498966
-0.8375 0.278967 0.00462087
-0.8125 0.276598 0.00505036
-0.7875 0.273443 0.0048575
-0.7625 0.267025 0.00463784
-0.7375 0.265861 0.00455034
-0.7125 0.264352 0.00526755
-0.6875 0.268197 0.00510047
-0.6625 0.26523 0.00423473
-0.6375 0.256123 0.00462824
-0.6125 0.252861 0.00477378
-0.5875 0.255361 0.0041455
-0.5625 0.255115 0.00400541
-0.5375 0.253861 0.00361116
-0.5125 0.252385 0.00330639
-0.4875 0.24632 0.00415876
-0.4625 0.241156 0.00362353
-0.4375 0.240648 0.00421908
-0.4125 0.243549 0.00473934
-0.3875 0.242221 0.00516731
-0.3625 0.241844 0.00542461
-0.3375 0.240238 0.00615528
-0.3125 0.239705 0.00562249
-0.2875 0.238451 0.00450361
-0.2625 0.236967 0.00459367
-0.2375 0.23677 0.00429256
-0.2125 0.234639 0.00437398
-0.1875 0.237246 0.00470457
-0.1625 0.237459 0.00477893
-0.1375 0.232402 0.00420648
-0.1125 0.225344 0.0042264
-0.0875 0.229254 0.00520289
-0.0625 0.231918 0.00419677
-0.0375 0.233648 0.00492622
-0.0125 0.233754 0.00436924
0.0125 0.232672 0.00447367
0.0375 0.235189 0.00431984
0.0625 0.23641 0.00446543
0.0875 0.235713 0.00490779
0.1125 0.235607 0.00421036
0.1375 0.235336 0.00389424
0.1625 0.234025 0.00406804
0.1875 0.23432 0.00506194
0.2125 0.234508 0.00492882
0.2375 0.234713 0.00490735
0.2625 0.236295 0.00432614
0.2875 0.238852 0.00420018
0.3125 0.236615 0.00252712
0.3375 0.239672 0.00302953
0.3625 0.239975 0.00370518
0.3875 0.240598 0.00386384
0.4125 0.242787 0.00339752
0.4375 0.244721 0.00340488
0.4625 0.240287 0.00388535
0.4875 0.242582 0.00368537
0.5125 0.2495 0.00258048
0.5375 0.251893 0.00322052
0.5625 0.253189 0.004144
0.5875 0.250082 0.00407582
0.6125 0.256385 0.00482198
0.6375 0.259648 0.00436352
0.6625 0.260197 0.00517168
0.6875 0.257877 0.00466141
0.7125 0.259434 0.00448784
0.7375 0.263549 0.00410213
0.7625 0.267811 0.00368984
0.7875 0.271066 0.00395565
0.8125 0.26827 0.00447039
0.8375 0.269861 0.00477411
0.8625 0.2705 0.00466373
0.8875 0.273041 0.00574151
0.9125 0.278934 0.00525402
0.9375 0.282492 0.00524266
0.9625 0.288295 0.00507353
0.9875 0.28909 0.00545545
1.0125 0.28927 0.00673605
1.0375 0.291262 0.00629728
1.0625 0.291451 0.0060034
1.0875 0.289 0.00497706
1.1125 0.281328 0.00524888
1.1375 0.278934 0.00516867
1.1625 0.276336 0.00454473
1.1875 0.279221 0.00438367
1.2125 0.278295 0.00386071
1.2375 0.270844 0.00422675
1.2625 0.268893 0.00514145
1.2875 0.263902 0.00539555
1.3125 0.263918 0.00638284
1.3375 0.266639 0.00544543
1.3625 0.271303 0.00595185
1.3875 0.269943 0.00567404
1.4125 0.262115 0.00663507
1.4375 0.256689 0.00630173
1.4625 0.25209 0.00709719
1.4875 0.255738 0.00627179
1.5125 0.247336 0.00578468
1.5375 0.238861 0.00482065
1.5625 0.231754 0.0045688
1.5875 0.22568 0.00481912
1.6125 0.216213 0.00441052
1.6375 0.211049 0.0047018
1.6625 0.204369 0.00486321
1.6875 0.194836 0.00409842
1.7125 0.189074 0.00439681
1.7375 0.182205 0.00436394
1.7625 0.174402 0.00404655
1.7875 0.167844 0.00442666
1.8125 0.158 0.00471877
1.8375 0.148369 0.00409138
1.8625 0.140418 0.00452258
1.8875 0.13023 0.00440605
1.9125 0.126631 0.00377766
1.9375 0.119205 0.00368282
1.9625 0.111459 0.00389886
1.9875 0.10641 0.00413189
2.0125 0.0974836 0.00365203
2.0375 0.0917459 0.00316007
2.0625 0.084959 0.00324058
2.0875 0.0763525 0.00330916
2.1125 0.0674344 0.00285414
2.1375 0.0599918 0.00262767
2.1625 0.0558607 0.00247809
2.1875 0.0513361 0.00245916
2.2125 0.0464836 0.00252431
2.2375 0.0425574 0.00245916
2.2625 0.0381475 0.00203481
2.2875 0.0327295 0.00162602
2.3125 0.0288525 0.00162175
2.3375 0.0256148 0.00160785
2.3625 0.021623 0.00147349
2.3875 0.0201967 0.0011782
2.4125 0.0173689 0.000780066
2.4375 0.015041 0.00102271
2.4625 0.0129098 0.000937002
2.4875 0.0102623 0.000913808
2.5125 0.00807377 0.00102514
2.5375 0.00786885 0.001281
2.5625 0.00733607 0.0015709
2.5875 0.00640164 0.00109894
2.6125 0.00596721 0.000873972
2.6375 0.00568033 0.000830039
2.6625 0.00483607 0.000661603
2.6875 0.00408197 0.000700415
2.7125 0.00321311 0.000628577
2.7375 0.00219672 0.000498506
2.7625 0.00190164 0.000497967
2.7875 0.00163115 0.000511816
2.8125 0.0012623 0.000392091
2.8375 0.000663934 0.000224619
2.8625 0.000565574 0.000256984
2.8875 0.000614754 0.000247502
2.9125 0.000344262 0.000139055
2.9375 0.000434426 0.000204844
2.9625 0.000295082 0.000117416
2.9875 0.00047541 0.000215279
3.0125 0.000360656 0.000251734
3.0375 0.000278689 0.00021409
3.0625 0.000311475 0.000295287
3.0875 0.000106557 0.000103859
3.1125 0 0
3.1375 0 0
3.1625 0 0
3.1875 0 0
3.2125 0 0
3.2375 0 0
3.2625 0 0
3.2875 0 0
3.3125 0 0
3.3375 0 0
3.3625 0 0
3.3875 0 0
3.4125 0 0
3.4375 0 0
3.4625 0 0
3.4875 0 0
3.5125 0 0
3.5375 0 0
3.5625 0 0
3.5875 0 0
3.6125 0 0
3.6375 0 0
3.6625 0 0
3.6875 0 0
3.7125 0 0
3.7375 0 0
3.7625 0 0
3.7875 0 0
3.8125 0 0
3.8375 0 0
3.8625 0 0
3.8875 0 0
3.9125 0 0
3.9375 0 0
3.9625 0 0
3.9875 0 0
4.0125 0 0
4.0375 0 0
4.0625 0 0
4.0875 0 0
4.1125 0 0
4.1375 0 0
4.1625 0 0
4.1875 0 0
4.2125 0 0
4.2375 0 0
4.2625 0 0
4.2875 0 0
4.3125 0 0
4.3375 0 0
4.3625 0 0
4.3875 0 0
4.4125 0 0
4.4375 0 0
4.4625 0 0
4.4875 0 0
4.5125 0 0
4.5375 0 0
4.5625 0 0
4.5875 0 0
4.6125 0 0
4.6375 0 0
4.6625 0 0
4.6875 0 0
4.7125 0 0
4.7375 0 0
4.7625 0 0
4.7875 0 0
4.8125 0 0
4.8375 0 0
4.8625 0 0
4.8875 0 0
4.9125 0 0
4.9375 0 0
4.9625 0 0
4.9875 0 0
