-4.9875 0 0
-4.9625 0 0
-4.9375 0 0
-4.9125 0 0
-4.8875 0 0
-4.8625 0 0
-4.8375 0 0
-4.8125 0 0
-4.7875 0 0
-4.7625 0 0
-4.7375 0 0
-4.7125 0 0
-4.6875 0 0
-4.6625 0 0
-4.6375 0 0
-4.6125 0 0
-4.5875 0 0
-4.5625 0 0
-4.5375 0 0
-4.5125 0 0
-4.4875 0 0
-4.4625 0 0
-4.4375 0 0
-4.4125 0 0
-4.3875 0 0
-4.3625 0 0
-4.3375 0 0
-4.3125 0 0
-4.2875 0 0
-4.2625 0 0
-4.2375 0 0
-4.2125 0 0
-4.1875 0 0
-4.1625 0 0
-4.1375 0 0
-4.1125 0 0
-4.0875 0 0
-4.0625 0 0
-4.0375 0 0
-4.0125 0 0
-3.9875 0 0
-3.9625 0 0
-3.9375 0 0
-3.9125 0 0
-3.8875 0 0
-3.8625 0 0
-3.8375 0 0
-3.8125 0 0
-3.7875 0 0
-3.7625 0 0
-3.7375 0 0
-3.7125 0 0
-3.6875 0 0
-3.6625 0 0
-3.6375 0 0
-3.6125 0 0
-3.5875 0 0
-3.5625 0 0
-3.5375 0 0
-3.5125 0 0
-3.4875 0 0
-3.4625 0 0
-3.4375 0 0
-3.4125 0 0
-3.3875 0 0
-3.3625 0 0
-3.3375 0 0
-3.3125 0 0
-3.2875 0 0
-3.2625 0 0
-3.2375 0 0
-3.2125 0 0
-3.1875 0 0
-3.1625 0 0
-3.1375 0 0
-3.1125 0 0
-3.0875 0 0
-3.0625 0 0
-3.0375 0 0
-3.0125 0 0
-2.9875 0 0
-2.9625 0 0
-2.9375 0 0
-2.9125 0 0
-2.8875 0 0
-2.8625 0 0
-2.8375 0 0
-2.8125 0 0
-2.7875 0 0
-2.7625 0 0
-2.7375 0 0
-2.7125 8.19672e-06 7.98918e-06
-2.6875 0 0
-2.6625 0 0
-2.6375 8.19672e-06 7.98918e-06
-2.6125 8.19672e-06 7.98918e-06
-2.5875 0 0
-2.5625 1.63934e-05 1.09971e-05
-2.5375 0 0
-2.5125 8.19672e-06 7.98918e-06
-2.4875 1.63934e-05 1.09971e-05
-2.4625 6.55738e-05 2.43154e-05
-2.4375 3.27869e-05 1.86914e-05
-2.4125 5.7377e-05 2.66236e-05
-2.3875 3.27869e-05 1.86914e-05
-2.3625 0.000163934 4.3373e-05
-2.3375 0.000114754 2.61782e-05
-2.3125 0.000180328 4.62225e-05
-2.2875 0.000327869 5.18406e-05
-2.2625 0.000434426 6.68674e-05
-2.2375 0.000508197 8.27016e-05
-2.2125 0.000721311 5.84214e-05
-2.1875 0.000909836 0.000100037
-2.1625 0.00121311 0.000127722
-2.1375 0.0015 0.000128181
-2.1125 0.00201639 0.000144365
-2.0875 0.00269672 0.000157443
-2.0625 0.0035 0.00014398
-2.0375 0.004 0.000255391
-2.0125 0.00515574 0.000220391
-1.9875 0.00620492 0.000321929
-1.9625 0.00827869 0.000376425
-1.9375 0.0101721 0.000416902
-1.9125 0.0125328 0.000413829
-1.8875 0.0150246 0.000572161
-1.8625 0.018377 0.000472419
-1.8375 0.0205246 0.000570906
-1.8125 0.025541 0.000745911
-1.7875 0.0302869 0.000600085
-1.7625 0.0342459 0.000729913
-1.7375 0.0396148 0.000812284
-1.7125 0.0447541 0.00102325
-1.6875 0.051959 0.000898764
-1.6625 0.0596475 0.00112879
-1.6375 0.0681557 0.00106557
-1.6125 0.077082 0.00134689
-1.5875 0.0876803 0.00122717
-1.5625 0.0968934 0.00160783
-1.5375 0.107451 0.00114774
-1.5125 0.120943 0.00153052
-1.4875 0.131311 0.00170413
-1.4625 0.144902 0.00218457
-1.4375 0.157852 0.00220316
-1.4125 0.168148 0.00221151
-1.3875 0.182328 0.00192068
-1.3625 0.196787 0.00235408
-1.3375 0.212943 0.00223512
-1.3125 0.226631 0.00312701
-1.2875 0.238721 0.00276949
-1.2625 0.251172 0.00230511
-1.2375 0.264057 0.00234305
-1.2125 0.282025 0.00322654
-1.1875 0.295541 0.00307607
-1.1625 0.3055 0.00340237
-1.1375 0.319246 0.00364267
-1.1125 0.327877 0.00342771
-1.0875 0.336295 0.00390006
-1.0625 0.345631 0.00408169
-1.0375 0.351254 0.00435181
-1.0125 0.367074 0.0038006
-0.9875 0.368623 0.00392982
-0.9625 0.376934 0.00390931
-0.9375 0.382369 0.00264543
-0.9125 0.38573 0.00373448
-0.8875 0.387852 0.00394924
-0.8625 0.387238 0.00373257
-0.8375 0.394238 0.00289346
-0.8125 0.392934 0.00334281
-0.7875 0.393852 0.0031781
-0.7625 0.392516 0.00298685
-0.7375 0.390123 0.0042231
-0.7125 0.386008 0.00327822
-0.6875 0.388049 0.00331739
-0.6625 0.38218 0.00298437
-0.6375 0.378164 0.00266164
-0.6125 0.37741 0.0029545
-0.5875 0.372656 0.00310169
-0.5625 0.369377 0.00316626
-0.5375 0.36609 0.00320219
-0.5125 0.356213 0.00292472
-0.4875 0.35309 0.00330277
-0.4625 0.348082 0.00258464
-0.4375 0.344852 0.00243572
-0.4125 0.338123 0.00275372
-0.3875 0.333279 0.00290747
-0.3625 0.332975 0.00239042
-0.3375 0.327492 0.00234833
-0.3125 0.324311 0.00265356
-0.2875 0.319975 0.00212778
-0.2625 0.317721 0.00212897
-0.2375 0.314967 0.00222166
-0.2125 0.310967 0.00206131
-0.1875 0.307615 0.00188825
-0.1625 0.305861 0.00274491
-0.1375 0.305279 0.0018443
-0.1125 0.304689 0.00240449
-0.0875 0.301664 0.00170477
-0.0625 0.301566 0.00176271
-0.0375 0.299754 0.002065
-0.0125 0.299451 0.00223481
0.0125 0.301025 0.00296148
0.0375 0.301844 0.00217684
0.0625 0.299959 0.00254265
0.0875 0.30423 0.0025754
0.1125 0.301508 0.00191374
0.1375 0.308443 0.00272081
0.1625 0.306139 0.00195015
0.1875 0.309803 0.00191072
0.2125 0.311582 0.0022167
0.2375 0.31168 0.00282341
0.2625 0.317828 0.00171685
0.2875 0.320139 0.00286982
0.3125 0.322525 0.00264952
0.3375 0.332533 0.00196607
0.3625 0.332246 0.00242216
0.3875 0.340303 0.00172277
0.4125 0.341205 0.00180779
0.4375 0.348033 0.00201136
0.4625 0.351361 0.00257917
0.4875 0.354467 0.00246799
0.5125 0.360713 0.00288967
0.5375 0.362746 0.00237809
0.5625 0.365992 0.00335616
0.5875 0.372262 0.00281907
0.6125 0.375369 0.003065
0.6375 0.380918 0.00176393
0.6625 0.380262 0.00313045
0.6875 0.385836 0.00260814
0.7125 0.386164 0.00262534
0.7375 0.391254 0.0024665
0.7625 0.388352 0.0029849
0.7875 0.389 0.00298819
0.8125 0.388451 0.00266514
0.8375 0.387172 0.00306509
0.8625 0.388139 0.00247753
0.8875 0.388311 0.00256504
0.9125 0.377533 0.00357203
0.9375 0.375475 0.00334899
0.9625 0.371943 0.0033572
0.9875 0.362582 0.00337083
1.0125 0.354664 0.00348272
1.0375 0.347574 0.00262814
1.0625 0.343033 0.00351857
1.0875 0.331172 0.00360833
1.1125 0.319393 0.00357135
1.1375 0.309566 0.00345138
1.1625 0.299525 0.00318758
1.1875 0.285566 0.00228568
1.2125 0.27373 0.00292187
1.2375 0.260336 0.00320156
1.2625 0.250992 0.00299903
1.2875 0.237025 0.00327055
1.3125 0.220287 0.00318147
1.3375 0.208197 0.00318702
1.3625 0.194484 0.00267626
1.3875 0.180402 0.00229477
1.4125 0.163795 0.00193659
1.4375 0.153303 0.00194904
1.4625 0.13741 0.00200663
1.4875 0.127697 0.00196982
1.5125 0.114566 0.00204893
1.5375 0.102541 0.00200481
1.5625 0.0916066 0.00176759
1.5875 0.082877 0.00137478
1.6125 0.0751066 0.00141427
1.6375 0.0643525 0.00125013
1.6625 0.058082 0.00136677
1.6875 0.052377 0.00158222
1.7125 0.0437705 0.00119087
1.7375 0.0381803 0.000885238
1.7625 0.0336885 0.000823393
1.7875 0.0284918 0.0008075
1.8125 0.0240738 0.000762011
1.8375 0.019123 0.000525777
1.8625 0.017459 0.000634968
1.8875 0.0139344 0.000562178
1.9125 0.0117787 0.000316031
1.9375 0.00985246 0.00033913
1.9625 0.00843443 0.00038559
1.9875 0.0065082 0.000326246
2.0125 0.00555738 0.000226829
2.0375 0.00440164 0.000203528
2.0625 0.00355738 0.000220886
2.0875 0.00269672 0.000184554
2.1125 0.00221311 0.000139826
2.1375 0.00189344 0.00013739
2.1625 0.00133607 0.000122828
2.1875 0.000967213 0.000103616
2.2125 0.000639344 8.27016e-05
2.2375 0.000459016 7.01287e-05
2.2625 0.000442623 6.76912e-05
2.2875 0.000295082 4.11472e-05
2.3125 0.000188525 3.1266e-05
2.3375 0.000155738 4.2552e-05
2.3625 0.000106557 2.39675e-05
2.3875 4.91803e-05 2.34718e-05
2.4125 4.09836e-05 1.58729e-05
2.4375 4.91803e-05 2.61782e-05
2.4625 1.63934e-05 1.09971e-05
2.4875 1.63934e-05 1.09971e-05
2.5125 8.19672e-06 7.98918e-06
2.5375 0 0
2.5625 0 0
2.5875 0 0
2.6125 0 0
2.6375 0 0
2.6625 0 0
2.6875 0 0
2.7125 0 0
2.7375 0 0
2.7625 0 0
2.7875 0 0
2.8125 0 0
2.8375 0 0
2.8625 0 0
2.8875 0 0
2.9125 0 0
2.9375 0 0
2.9625 0 0
2.9875 0 0
3.0125 0 0
3.0375 0 0
3.0625 0 0
3.0875 0 0
3.1125 0 0
3.1375 0 0
3.1625 0 0
3.1875 0 0
3.2125 0 0
3.2375 0 0
3.2625 0 0
3.2875 0 0
3.3125 0 0
3.3375 0 0
3.3625 0 0
3.3875 0 0
3.4125 0 0
3.4375 0 0
3.4625 0 0
3.4875 0 0
3.5125 0 0
3.5375 0 0
3.5625 0 0
3.5875 0 0
3.6125 0 0
3.6375 0 0
3.6625 0 0
3.6875 0 0
3.7125 0 0
3.7375 0 0
3.7625 0 0
3.7875 0 0
3.8125 0 0
3.8375 0 0
3.8625 0 0
3.8875 0 0
3.9125 0 0
3.9375 0 0
3.9625 0 0
3.9875 0 0
4.0125 0 0
4.0375 0 0
4.0625 0 0
4.0875 0 0
4.1125 0 0
4.1375 0 0
4.1625 0 0
4.1875 0 0
4.2125 0 0
4.2375 0 0
4.2625 0 0
4.2875 0 0
4.3125 0 0
4.3375 0 0
4.3625 0 0
4.3875 0 0
4.4125 0 0
4.4375 0 0
4.4625 0 0
4.4875 0 0
4.5125 0 0
4.5375 0 0
4.5625 0 0
4.5875 0 0
4.6125 0 0
4.6375 0 0
4.6625 0 0
4.6875 0 0
4.7125 0 0
4.7375 0 0
4.7625 0 0
4.7875 0 0
4.8125 0 0
4.8375 0 0
4.8625 0 0
4.8875 0 0
4.9125 0 0
4.9375 0 0
4.9625 0 0
4.9875 0 0
