-4.9875 0 0
-4.9625 0 0
-4.9375 0 0
-4.9125 0 0
-4.8875 0 0
-4.8625 0 0
-4.8375 0 0
-4.8125 0 0
-4.7875 0 0
-4.7625 0 0
-4.7375 0 0
-4.7125 0 0
-4.6875 0 0
-4.6625 0 0
-4.6375 0 0
-4.6125 0 0
-4.5875 0 0
-4.5625 0 0
-4.5375 0 0
-4.5125 0 0
-4.4875 0 0
-4.4625 0 0
-4.4375 0 0
-4.4125 0 0
-4.3875 0 0
-4.3625 0 0
-4.3375 0 0
-4.3125 0 0
-4.2875 0 0
-4.2625 0 0
-4.2375 0 0
-4.2125 0 0
-4.1875 0 0
-4.1625 0 0
-4.1375 0 0
-4.1125 0 0
-4.0875 0 0
-4.0625 0 0
-4.0375 0 0
-4.0125 0 0
-3.9875 0 0
-3.9625 0 0
-3.9375 0 0
-3.9125 0 0
-3.8875 0 0
-3.8625 0 0
-3.8375 0 0
-3.8125 0 0
-3.7875 0 0
-3.7625 0 0
-3.7375 0 0
-3.7125 0 0
-3.6875 0 0
-3.6625 0 0
-3.6375 0 0
-3.6125 0 0
-3.5875 0 0
-3.5625 0 0
-3.5375 0 0
-3.5125 0 0
-3.4875 0 0
-3.4625 0 0
-3.4375 0 0
-3.4125 0 0
-3.3875 1.63934e-05 1.59784e-05
-3.3625 4.09836e-05 3.99459e-05
-3.3375 4.91803e-05 4.79351e-05
-3.3125 4.91803e-05 3.49684e-05
-3.2875 0.000122951 8.02065e-05
-3.2625 0.0005 0.000263948
-3.2375 0.000459016 0.00024824
-3.2125 0.000606557 0.000251868
-3.1875 0.000819672 0.00027651
-3.1625 0.00130328 0.000422664
-3.1375 0.00113115 0.000340514
-3.1125 0.00169672 0.000433617
-3.0875 0.00236066 0.000508117
-3.0625 0.00320492 0.000877124
-3.0375 0.00361475 0.000870203
-3.0125 0.00372131 0.000923585
-2.9875 0.00413115 0.000973486
-2.9625 0.00547541 0.00103184
-2.9375 0.00669672 0.00134037
-2.9125 0.00714754 0.000952472
-2.8875 0.00766393 0.00108784
-2.8625 0.00835246 0.000862681
-2.8375 0.00840164 0.000880747
-2.8125 0.0107623 0.00127381
-2.7875 0.0130164 0.00142691
-2.7625 0.0164016 0.00183345
-2.7375 0.0187623 0.00232953
-2.7125 0.0197213 0.0027179
-2.6875 0.0229426 0.00273602
-2.6625 0.0276066 0.00267724
-2.6375 0.0306967 0.00257554
-2.6125 0.0306311 0.00254157
-2.5875 0.0320738 0.00216195
-2.5625 0.0354836 0.00191998
-2.5375 0.0395574 0.00244249
-2.5125 0.0442295 0.0025205
-2.4875 0.0482787 0.00274487
-2.4625 0.0516311 0.00313058
-2.4375 0.0554672 0.00281419
-2.4125 0.0582295 0.0026721
-2.3875 0.062582 0.0032652
-2.3625 0.068918 0.0029896
-2.3375 0.0726311 0.00262125
-2.3125 0.0788934 0.00320212
-2.2875 0.0816639 0.00330148
-2.2625 0.0859754 0.00391675
-2.2375 0.0926066 0.0043414
-2.2125 0.0989672 0.004739
-2.1875 0.104607 0.00507621
-2.1625 0.106697 0.00394734
-2.1375 0.113066 0.0032784
-2.1125 0.120197 0.00406051
-2.0875 0.12659 0.00433399
-2.0625 0.129246 0.00389165
-2.0375 0.138459 0.00362014
-2.0125 0.144311 0.00306003
-1.9875 0.148902 0.00317968
-1.9625 0.152615 0.00408069
-1.9375 0.156557 0.00489599
-1.9125 0.161172 0.00468088
-1.8875 0.159869 0.00506924
-1.8625 0.164664 0.00505453
-1.8375 0.175074 0.00599241
-1.8125 0.181033 0.00619613
-1.7875 0.190779 0.00589818
-1.7625 0.193352 0.00634914
-1.7375 0.197533 0.00497251
-1.7125 0.198344 0.00442087
-1.6875 0.2025 0.0041909
-1.6625 0.210123 0.00513064
-1.6375 0.216336 0.00572884
-1.6125 0.22009 0.00567851
-1.5875 0.221303 0.00620884
-1.5625 0.226025 0.00633472
-1.5375 0.232762 0.00507587
-1.5125 0.23209 0.00517777
-1.4875 0.232402 0.00406872
-1.4625 0.233828 0.00452036
-1.4375 0.234533 0.00464747
-1.4125 0.235197 0.00454553
-1.3875 0.240459 0.0057586
-1.3625 0.239902 0.00680214
-1.3375 0.240697 0.00649551
-1.3125 0.237156 0.00490464
-1.2875 0.233164 0.00390462
-1.2625 0.233139 0.00451966
-1.2375 0.235123 0.00444784
-1.2125 0.241074 0.00457019
-1.1875 0.241361 0.00592367
-1.1625 0.241828 0.00524729
-1.1375 0.248828 0.00479998
-1.1125 0.245443 0.00570925
-1.0875 0.238156 0.00509871
-1.0625 0.235992 0.00598223
-1.0375 0.235557 0.00548003
-1.0125 0.237361 0.00504307
-0.9875 0.236992 0.00529512
-0.9625 0.235598 0.00624727
-0.9375 0.237041 0.00664415
-0.9125 0.237943 0.00622962
-0.8875 0.237959 0.00561553
-0.8625 0.240697 0.00589078
-0.8375 0.237377 0.00534249
-0.8125 0.238516 0.00670591
-0.7875 0.2315 0.00734365
-0.7625 0.22932 0.00525848
-0.7375 0.234648 0.00487265
-0.7125 0.238074 0.00442556
-0.6875 0.239492 0.00434423
-0.6625 0.232885 0.00412145
-0.6375 0.233689 0.00455467
-0.6125 0.229959 0.00392636
-0.5875 0.225533 0.00439122
-0.5625 0.228967 0.00463416
-0.5375 0.228508 0.00520895
-0.5125 0.22809 0.0047751
-0.4875 0.22609 0.0037589
-0.4625 0.224574 0.00387293
-0.4375 0.223934 0.00505977
-0.4125 0.220877 0.00450759
-0.3875 0.219254 0.00542401
-0.3625 0.222934 0.00640452
-0.3375 0.22032 0.00649613
-0.3125 0.218959 0.00529928
-0.2875 0.216541 0.00573008
-0.2625 0.216393 0.00536701
-0.2375 0.213295 0.00447551
-0.2125 0.21359 0.00433612
-0.1875 0.213148 0.00446329
-0.1625 0.216508 0.00446369
-0.1375 0.218992 0.00440412
-0.1125 0.221828 0.00517465
-0.0875 0.219254 0.00506547
-0.0625 0.224713 0.00453044
-0.0375 0.220705 0.00408129
-0.0125 0.219 0.00449541
0.0125 0.213754 0.00439841
0.0375 0.215098 0.00345598
0.0625 0.216926 0.0038781
0.0875 0.218008 0.00531082
0.1125 0.216959 0.00487147
0.1375 0.217557 0.0040981
0.1625 0.211631 0.00469681
0.1875 0.210934 0.00505963
0.2125 0.209746 0.00406512
0.2375 0.209303 0.00456356
0.2625 0.213287 0.00424944
0.2875 0.214844 0.005077
0.3125 0.212492 0.00471366
0.3375 0.219705 0.00497117
0.3625 0.220828 0.00448759
0.3875 0.22891 0.00495846
0.4125 0.230598 0.00498811
0.4375 0.226885 0.00484263
0.4625 0.225172 0.00553962
0.4875 0.222172 0.00555107
0.5125 0.223492 0.00453921
0.5375 0.226566 0.00523636
0.5625 0.227074 0.00522251
0.5875 0.228557 0.00533502
0.6125 0.223656 0.00567518
0.6375 0.222066 0.00646372
0.6625 0.220238 0.00500977
0.6875 0.227221 0.00456267
0.7125 0.236967 0.00452375
0.7375 0.236402 0.00469908
0.7625 0.240303 0.00408153
0.7875 0.243656 0.00512031
0.8125 0.243 0.0055985
0.8375 0.244041 0.00497657
0.8625 0.245598 0.00550499
0.8875 0.246377 0.00546114
0.9125 0.250779 0.00506654
0.9375 0.248533 0.00530786
0.9625 0.254139 0.00572042
0.9875 0.244082 0.00436993
1.0125 0.242369 0.0049269
1.0375 0.234254 0.00429739
1.0625 0.230434 0.00337652
1.0875 0.23877 0.0052847
1.1125 0.241525 0.00574551
1.1375 0.237131 0.00500951
1.1625 0.238123 0.00567288
1.1875 0.240598 0.00527457
1.2125 0.24532 0.00567584
1.2375 0.246008 0.00553935
1.2625 0.24641 0.00658422
1.2875 0.243631 0.00601096
1.3125 0.237754 0.00576714
1.3375 0.234705 0.00563585
1.3625 0.230779 0.00565431
1.3875 0.231803 0.00538361
1.4125 0.23082 0.00518536
1.4375 0.229025 0.00592116
1.4625 0.233451 0.00393592
1.4875 0.226098 0.0033406
1.5125 0.22823 0.00432986
1.5375 0.226131 0.00456619
1.5625 0.222254 0.00487405
1.5875 0.212451 0.00588293
1.6125 0.210541 0.00484259
1.6375 0.206492 0.00440533
1.6625 0.201139 0.00554113
1.6875 0.197418 0.00578264
1.7125 0.193721 0.00510972
1.7375 0.188402 0.00461722
1.7625 0.183295 0.00524514
1.7875 0.181115 0.00609037
1.8125 0.174016 0.00522563
1.8375 0.168795 0.00485108
1.8625 0.169467 0.00433621
1.8875 0.171049 0.0049823
1.9125 0.164795 0.00498727
1.9375 0.157385 0.00513011
1.9625 0.152549 0.00490548
1.9875 0.148393 0.00493899
2.0125 0.139697 0.00468167
2.0375 0.136344 0.00444852
2.0625 0.137598 0.00521719
2.0875 0.13877 0.00434478
2.1125 0.13268 0.00479689
2.1375 0.130975 0.00448764
2.1625 0.126713 0.00442836
2.1875 0.120336 0.00430437
2.2125 0.116197 0.00401004
2.2375 0.109934 0.00363165
2.2625 0.102074 0.0033436
2.2875 0.0938361 0.00441907
2.3125 0.0888934 0.00440569
2.3375 0.0811393 0.00505104
2.3625 0.0742213 0.00445567
2.3875 0.0707705 0.0043373
2.4125 0.0643934 0.0031697
2.4375 0.0536148 0.00301705
2.4625 0.0507951 0.0031898
2.4875 0.0492541 0.0035751
2.5125 0.0432459 0.00305384
2.5375 0.0405 0.00272098
2.5625 0.037377 0.00282548
2.5875 0.0361721 0.00333604
2.6125 0.0330574 0.00242654
2.6375 0.0312295 0.00201874
2.6625 0.0286885 0.00202756
2.6875 0.0270164 0.00233022
2.7125 0.0231803 0.00187966
2.7375 0.021918 0.00178952
2.7625 0.0187295 0.00182759
2.7875 0.0167541 0.00187096
2.8125 0.0153361 0.0017621
2.8375 0.0133689 0.00169842
2.8625 0.0115738 0.00153423
2.8875 0.0109508 0.00138961
2.9125 0.0100164 0.0011916
2.9375 0.00786066 0.00111321
2.9625 0.00630328 0.00108609
2.9875 0.0052623 0.000894975
3.0125 0.00455738 0.000864558
3.0375 0.00431148 0.00132062
3.0625 0.00436885 0.00104464
3.0875 0.00457377 0.00104172
3.1125 0.00344262 0.000759514
3.1375 0.00251639 0.000619737
3.1625 0.00188525 0.000484855
3.1875 0.00160656 0.00038596
3.2125 0.00168033 0.000553248
3.2375 0.00147541 0.0005947
3.2625 0.00127869 0.000516146
3.2875 0.000959016 0.000338213
3.3125 0.000352459 0.000151706
3.3375 0.000147541 8.82053e-05
3.3625 0.000229508 0.000158686
3.3875 0.000459016 0.00025884
3.4125 0.000163934 9.2008e-05
3.4375 0.000131148 7.38615e-05
3.4625 0.000180328 0.000100322
3.4875 0.000131148 0.000127827
3.5125 4.91803e-05 4.79351e-05
3.5375 3.27869e-05 3.19567e-05
3.5625 0 0
3.5875 0 0
3.6125 0 0
3.6375 0 0
3.6625 0 0
3.6875 0 0
3.7125 0 0
3.7375 0 0
3.7625 0 0
3.7875 0 0
3.8125 0 0
3.8375 0 0
3.8625 0 0
3.8875 0 0
3.9125 0 0
3.9375 0 0
3.9625 0 0
3.9875 0 0
4.0125 0 0
4.0375 0 0
4.0625 0 0
4.0875 0 0
4.1125 0 0
4.1375 0 0
4.1625 0 0
4.1875 0 0
4.2125 0 0
4.2375 0 0
4.2625 0 0
4.2875 0 0
4.3125 0 0
4.3375 0 0
4.3625 0 0
4.3875 0 0
4.4125 0 0
4.4375 0 0
4.4625 0 0
4.4875 0 0
4.5125 0 0
4.5375 0 0
4.5625 0 0
4.5875 0 0
4.6125 0 0
4.6375 0 0
4.6625 0 0
4.6875 0 0
4.7125 0 0
4.7375 0 0
4.7625 0 0
4.7875 0 0
4.8125 0 0
4.8375 0 0
4.8625 0 0
4.8875 0 0
4.9125 0 0
4.9375 0 0
4.9625 0 0
4.9875 0 0
