-4.9875 0 0
-4.9625 0 0
-4.9375 0 0
-4.9125 0 0
-4.8875 0 0
-4.8625 0 0
-4.8375 0 0
-4.8125 0 0
-4.7875 0 0
-4.7625 0 0
-4.7375 0 0
-4.7125 0 0
-4.6875 0 0
-4.6625 0 0
-4.6375 0 0
-4.6125 0 0
-4.5875 0 0
-4.5625 0 0
-4.5375 0 0
-4.5125 0 0
-4.4875 0 0
-4.4625 0 0
-4.4375 0 0
-4.4125 0 0
-4.3875 0 0
-4.3625 0 0
-4.3375 0 0
-4.3125 0 0
-4.2875 0 0
-4.2625 0 0
-4.2375 0 0
-4.2125 0 0
-4.1875 0 0
-4.1625 0 0
-4.1375 0 0
-4.1125 0 0
-4.0875 0 0
-4.0625 0 0
-4.0375 0 0
-4.0125 0 0
-3.9875 0 0
-3.9625 0 0
-3.9375 0 0
-3.9125 0 0
-3.8875 0 0
-3.8625 0 0
-3.8375 0 0
-3.8125 0 0
-3.7875 0 0
-3.7625 0 0
-3.7375 0 0
-3.7125 0 0
-3.6875 0 0
-3.6625 0 0
-3.6375 0 0
-3.6125 0 0
-3.5875 0 0
-3.5625 0 0
-3.5375 0 0
-3.5125 0 0
-3.4875 0 0
-3.4625 0 0
-3.4375 0 0
-3.4125 0 0
-3.3875 0 0
-3.3625 0 0
-3.3375 0 0
-3.3125 0 0
-3.2875 0 0
-3.2625 0 0
-3.2375 0 0
-3.2125 0 0
-3.1875 0 0
-3.1625 0 0
-3.1375 0 0
-3.1125 0 0
-3.0875 0 0
-3.0625 0 0
-3.0375 0 0
-3.0125 0 0
-2.9875 0 0
-2.9625 0 0
-2.9375 0 0
-2.9125 0 0
-2.8875 0 0
-2.8625 1.63934e-05 1.59784e-05
-2.8375 3.27869e-05 3.19567e-05
-2.8125 7.37705e-05 4.9825e-05
-2.7875 0.000114754 7.52136e-05
-2.7625 0.000122951 7.03917e-05
-2.7375 0.000155738 7.46532e-05
-2.7125 0.000229508 9.51667e-05
-2.6875 0.000139344 8.21923e-05
-2.6625 0.000196721 7.56589e-05
-2.6375 0.000188525 8.53995e-05
-2.6125 0.000196721 8.72094e-05
-2.5875 0.000286885 9.47954e-05
-2.5625 0.000344262 0.00011528
-2.5375 0.000401639 0.000107795
-2.5125 0.000409836 9.30969e-05
-2.4875 0.000688525 0.000150516
-2.4625 0.000877049 0.000173985
-2.4375 0.00127049 0.000248585
-2.4125 0.00151639 0.000242289
-2.3875 0.00189344 0.000338054
-2.3625 0.00254918 0.000333653
-2.3375 0.00331967 0.000343847
-2.3125 0.00395902 0.000439007
-2.2875 0.00543443 0.000461392
-2.2625 0.00670492 0.000541592
-2.2375 0.00821311 0.000549352
-2.2125 0.00931148 0.000551756
-2.1875 0.0107295 0.00072609
-2.1625 0.0135164 0.000811722
-2.1375 0.0151639 0.00100386
-2.1125 0.018 0.000814706
-2.0875 0.0217459 0.000998001
-2.0625 0.0252131 0.0011288
-2.0375 0.0293361 0.00120581
-2.0125 0.0356066 0.00179557
-1.9875 0.0418607 0.00179721
-1.9625 0.0465656 0.0019845
-1.9375 0.0511066 0.00170349
-1.9125 0.0608934 0.00187024
-1.8875 0.0665082 0.00177599
-1.8625 0.0773033 0.00192497
-1.8375 0.0849426 0.00230164
-1.8125 0.0949836 0.00292409
-1.7875 0.104467 0.00267923
-1.7625 0.115402 0.00262537
-1.7375 0.12618 0.00213421
-1.7125 0.134459 0.00256914
-1.6875 0.146402 0.00295211
-1.6625 0.15268 0.00315486
-1.6375 0.164016 0.00351974
-1.6125 0.175648 0.00362581
-1.5875 0.188107 0.00409806
-1.5625 0.202934 0.00459281
-1.5375 0.211893 0.0039821
-1.5125 0.226402 0.00388105
-1.4875 0.237295 0.00403596
-1.4625 0.24773 0.00488485
-1.4375 0.256861 0.00451755
-1.4125 0.265934 0.00487616
-1.3875 0.273828 0.0051549
-1.3625 0.28127 0.00530683
-1.3375 0.287926 0.00446366
-1.3125 0.299975 0.00439077
-1.2875 0.30959 0.00421451
-1.2625 0.31182 0.00463481
-1.2375 0.321402 0.00500939
-1.2125 0.32509 0.00430395
-1.1875 0.333713 0.00452312
-1.1625 0.335238 0.00522354
-1.1375 0.339041 0.00478086
-1.1125 0.342533 0.00474062
-1.0875 0.34691 0.00449732
-1.0625 0.342828 0.00476392
-1.0375 0.346984 0.0048973
-1.0125 0.344393 0.00395574
-0.9875 0.346443 0.00448577
-0.9625 0.343541 0.00431989
-0.9375 0.340877 0.00387098
-0.9125 0.333795 0.00388091
-0.8875 0.328746 0.00454259
-0.8625 0.324172 0.00404846
-0.8375 0.322139 0.0048553
-0.8125 0.317377 0.00496338
-0.7875 0.314098 0.00470169
-0.7625 0.315459 0.0051744
-0.7375 0.309131 0.00518036
-0.7125 0.308779 0.00463254
-0.6875 0.305139 0.00517378
-0.6625 0.304631 0.00364132
-0.6375 0.296385 0.0043763
-0.6125 0.290279 0.00384224
-0.5875 0.287762 0.00436765
-0.5625 0.284877 0.00384584
-0.5375 0.281402 0.00318947
-0.5125 0.27473 0.00315143
-0.4875 0.27223 0.0036614
-0.4625 0.268902 0.00388573
-0.4375 0.264697 0.00483236
-0.4125 0.262566 0.00383609
-0.3875 0.253811 0.00378906
-0.3625 0.255025 0.00397539
-0.3375 0.252426 0.00400108
-0.3125 0.253967 0.00390046
-0.2875 0.245443 0.0042407
-0.2625 0.245385 0.0036019
-0.2375 0.240098 0.00445136
-0.2125 0.236361 0.00417572
-0.1875 0.232713 0.0033304
-0.1625 0.231762 0.00359953
-0.1375 0.231008 0.00340231
-0.1125 0.226115 0.00380393
-0.0875 0.22941 0.00389713
-0.0625 0.224074 0.00426318
-0.0375 0.225139 0.00418687
-0.0125 0.225148 0.00411073
0.0125 0.223221 0.00354065
0.0375 0.223459 0.00329673
0.0625 0.227115 0.00256201
0.0875 0.2285 0.002021
0.1125 0.230689 0.00272909
0.1375 0.230795 0.00255565
0.1625 0.230615 0.00277102
0.1875 0.232762 0.00298926
0.2125 0.234172 0.00394916
0.2375 0.237074 0.00387569
0.2625 0.24191 0.00331262
0.2875 0.244885 0.00393158
0.3125 0.247148 0.00389848
0.3375 0.251557 0.00373662
0.3625 0.254279 0.00356045
0.3875 0.255426 0.00323032
0.4125 0.258689 0.00316896
0.4375 0.264492 0.00406098
0.4625 0.264566 0.00373291
0.4875 0.271705 0.00360064
0.5125 0.276508 0.00422446
0.5375 0.280934 0.00475743
0.5625 0.286361 0.00437142
0.5875 0.2885 0.00369628
0.6125 0.289803 0.00391013
0.6375 0.292607 0.00337681
0.6625 0.299074 0.00424798
0.6875 0.300721 0.00490492
0.7125 0.307852 0.0046243
0.7375 0.313123 0.00447948
0.7625 0.315328 0.0042776
0.7875 0.319164 0.00451884
0.8125 0.318631 0.00416153
0.8375 0.323861 0.00493487
0.8625 0.32673 0.00496865
0.8875 0.330287 0.00411013
0.9125 0.335852 0.00394413
0.9375 0.334246 0.00421904
0.9625 0.339393 0.00445695
0.9875 0.3435 0.00560282
1.0125 0.346107 0.00602921
1.0375 0.341426 0.0059816
1.0625 0.340238 0.00531324
1.0875 0.342631 0.00568259
1.1125 0.342656 0.00612072
1.1375 0.341557 0.00640922
1.1625 0.33791 0.00731519
1.1875 0.336475 0.00756748
1.2125 0.331852 0.00669616
1.2375 0.330107 0.00565587
1.2625 0.327221 0.00592314
1.2875 0.314861 0.00490518
1.3125 0.307262 0.00479032
1.3375 0.295131 0.00517204
1.3625 0.288869 0.00443434
1.3875 0.279672 0.0047666
1.4125 0.270066 0.00489896
1.4375 0.2595 0.00520564
1.4625 0.248705 0.00493779
1.4875 0.235861 0.00482492
1.5125 0.224861 0.00529736
1.5375 0.217008 0.00452732
1.5625 0.205459 0.00436141
1.5875 0.199213 0.00437005
1.6125 0.188484 0.0041809
1.6375 0.173582 0.00345124
1.6625 0.162459 0.00301272
1.6875 0.150779 0.00301258
1.7125 0.137951 0.00327765
1.7375 0.12477 0.00386781
1.7625 0.113533 0.00353647
1.7875 0.106008 0.00303771
1.8125 0.0959098 0.00306532
1.8375 0.0843443 0.00233851
1.8625 0.0763443 0.00204905
1.8875 0.068959 0.0020608
1.9125 0.058918 0.00169116
1.9375 0.0533852 0.00164704
1.9625 0.0455164 0.00196504
1.9875 0.0397131 0.00187699
2.0125 0.0352131 0.00181407
2.0375 0.0312049 0.00165952
2.0625 0.0272705 0.00154561
2.0875 0.0234098 0.00127562
2.1125 0.0194016 0.00133187
2.1375 0.0168115 0.0011137
2.1625 0.0142459 0.0010667
2.1875 0.0125246 0.000907907
2.2125 0.0105 0.000661702
2.2375 0.00921311 0.000719409
2.2625 0.00720492 0.000756098
2.2875 0.00569672 0.000503265
2.3125 0.00469672 0.000478828
2.3375 0.00413934 0.00047638
2.3625 0.00286885 0.00032447
2.3875 0.00236066 0.000350337
2.4125 0.00172131 0.000269247
2.4375 0.00120492 0.000261082
2.4625 0.000803279 0.000212452
2.4875 0.00045082 0.000174986
2.5125 0.000336066 0.00013739
2.5375 0.000163934 8.27828e-05
2.5625 0.000180328 7.22986e-05
2.5875 9.83607e-05 5.72598e-05
2.6125 7.37705e-05 5.73478e-05
2.6375 6.55738e-05 4.24334e-05
2.6625 0.000147541 8.82053e-05
2.6875 4.09836e-05 2.28187e-05
2.7125 0 0
2.7375 0 0
2.7625 0 0
2.7875 0 0
2.8125 0 0
2.8375 0 0
2.8625 0 0
2.8875 0 0
2.9125 0 0
2.9375 0 0
2.9625 0 0
2.9875 0 0
3.0125 0 0
3.0375 0 0
3.0625 0 0
3.0875 0 0
3.1125 0 0
3.1375 0 0
3.1625 0 0
3.1875 0 0
3.2125 0 0
3.2375 0 0
3.2625 0 0
3.2875 0 0
3.3125 0 0
3.3375 0 0
3.3625 0 0
3.3875 0 0
3.4125 0 0
3.4375 0 0
3.4625 0 0
3.4875 0 0
3.5125 0 0
3.5375 0 0
3.5625 0 0
3.5875 0 0
3.6125 0 0
3.6375 0 0
3.6625 0 0
3.6875 0 0
3.7125 0 0
3.7375 0 0
3.7625 0 0
3.7875 0 0
3.8125 0 0
3.8375 0 0
3.8625 0 0
3.8875 0 0
3.9125 0 0
3.9375 0 0
3.9625 0 0
3.9875 0 0
4.0125 0 0
4.0375 0 0
4.0625 0 0
4.0875 0 0
4.1125 0 0
4.1375 0 0
4.1625 0 0
4.1875 0 0
4.2125 0 0
4.2375 0 0
4.2625 0 0
4.2875 0 0
4.3125 0 0
4.3375 0 0
4.3625 0 0
4.3875 0 0
4.4125 0 0
4.4375 0 0
4.4625 0 0
4.4875 0 0
4.5125 0 0
4.5375 0 0
4.5625 0 0
4.5875 0 0
4.6125 0 0
4.6375 0 0
4.6625 0 0
4.6875 0 0
4.7125 0 0
4.7375 0 0
4.7625 0 0
4.7875 0 0
4.8125 0 0
4.8375 0 0
4.8625 0 0
4.8875 0 0
4.9125 0 0
4.9375 0 0
4.9625 0 0
4.9875 0 0
