           1     -0.9688     -0.9688           0
           2    -0.96656    -0.96768  0.00079196
           3   -0.975104   -0.970155   0.0020884
           4   -0.978328   -0.972198   0.0023632
           5   -0.971896   -0.972138  0.00189133
           6   -0.973624   -0.972385  0.00159225
           7    -0.97256    -0.97241  0.00136498
           8   -0.973112   -0.972498  0.00119717
           9   -0.964048   -0.971559  0.00138419
          10   -0.976048   -0.972008  0.00131655
          11   -0.975472   -0.972323  0.00123395
          12   -0.971832   -0.972282   0.0011318
          13    -0.97996   -0.972873  0.00118889
          14   -0.977192   -0.973181  0.00114331
          15     -0.9806   -0.973676  0.00116918
          16   -0.978624   -0.973985  0.00113627
          17   -0.978256   -0.974236  0.00109686
          18   -0.979184   -0.974511  0.00106981
          19   -0.969656   -0.974256  0.00104357
          20   -0.971824   -0.974134 0.000998453
          21   -0.972552   -0.974059 0.000953745
          22    -0.97756   -0.974218 0.000923577
          23   -0.963528   -0.973753 0.000993507
          24   -0.973104   -0.973726 0.000952479
          25   -0.985296   -0.974189  0.00102064
          26   -0.975736   -0.974248 0.000983118
          27   -0.981984   -0.974535 0.000987572
          28   -0.982552   -0.974821 0.000992943
          29    -0.97868   -0.974954 0.000967578
          30   -0.962832    -0.97455   0.0010162
          31   -0.970432   -0.974417 0.000992066
          32   -0.978696   -0.974551 0.000970033
          33    -0.97252   -0.974489 0.000942588
          34    -0.97092   -0.974384 0.000920693
          35   -0.970792   -0.974282 0.000900091
          36      -0.976    -0.97433 0.000876353
          37   -0.974448   -0.974333 0.000852673
          38   -0.974672   -0.974342 0.000830281
          39   -0.972376   -0.974291 0.000810521
          40   -0.978992   -0.974409 0.000798732
          41   -0.967072    -0.97423 0.000799044
          42    -0.97888   -0.974341 0.000787653
          43   -0.976856   -0.974399 0.000771505
          44   -0.972232    -0.97435 0.000755541
          45     -0.9638   -0.974115  0.00077427
          46   -0.973568   -0.974103 0.000757529
          47   -0.975352    -0.97413 0.000741877
          48   -0.975272   -0.974154 0.000726803
          49   -0.973552   -0.974142 0.000712074
          50   -0.974832   -0.974155 0.000697966
           1   -0.926712   -0.926712           0
           2   -0.924272   -0.925492  0.00086267
           3   -0.930536   -0.927173   0.0014884
           4   -0.934288   -0.928952  0.00190233
           5   -0.934272   -0.930016  0.00179492
           6   -0.935584   -0.930944  0.00171901
           7   -0.937664   -0.931904  0.00172074
           8   -0.931024   -0.931794  0.00150916
           9   -0.931288   -0.931738  0.00134252
          10   -0.936456    -0.93221  0.00128852
          11   -0.929136    -0.93193  0.00120129
          12   -0.936696   -0.932327  0.00116499
          13      -0.938   -0.932764   0.0011542
          14    -0.94316   -0.933506  0.00128869
          15   -0.935808    -0.93366  0.00121188
          16   -0.930816   -0.933482   0.0011491
          17   -0.927872   -0.933152  0.00112789
          18   -0.936968   -0.933364  0.00108497
          19   -0.935776   -0.933491  0.00103527
          20   -0.934736   -0.933553 0.000985376
          21   -0.940104   -0.933865 0.000986595
          22    -0.93224   -0.933791 0.000944511
          23   -0.930656   -0.933655 0.000913229
          24   -0.927608   -0.933403 0.000909271
          25   -0.934744   -0.933457 0.000874481
          26   -0.937528   -0.933613 0.000854752
          27    -0.94264   -0.933948 0.000886069
          28   -0.932944   -0.933912 0.000855148
          29   -0.936424   -0.933998 0.000830037
          30   -0.928304   -0.933809 0.000823786
          31   -0.934072   -0.933817 0.000797256
          32   -0.938664   -0.933968 0.000786599
          33    -0.93348   -0.933954 0.000762902
          34   -0.939832   -0.934127 0.000759801
          35   -0.935904   -0.934177 0.000739788
          36   -0.942848   -0.934418 0.000757431
          37   -0.925512   -0.934178 0.000774264
          38   -0.935696   -0.934217 0.000754919
          39   -0.937512   -0.934302 0.000740273
          40   -0.930008   -0.934195 0.000729508
          41   -0.928024   -0.934044 0.000727075
          42   -0.934272    -0.93405 0.000709783
          43   -0.935776    -0.93409 0.000694412
          44   -0.939096   -0.934203 0.000687888
          45    -0.93656   -0.934256 0.000674592
          46   -0.929864    -0.93416 0.000666649
          47   -0.934816   -0.934174 0.000652611
          48   -0.941688   -0.934331  0.00065752
          49   -0.935096   -0.934346 0.000644287
          50   -0.936784   -0.934395 0.000633243
           1   -0.887008   -0.887008           0
           2    -0.88352   -0.885264  0.00123319
           3   -0.889448   -0.886659   0.0014045
           4   -0.894376   -0.888588  0.00197518
           5   -0.895448    -0.88996  0.00200069
           6   -0.888376   -0.889696  0.00168457
           7   -0.901352   -0.891361  0.00211223
           8   -0.888808   -0.891042  0.00187215
           9    -0.89044   -0.890975  0.00166533
          10   -0.890968   -0.890974   0.0014988
          11   -0.889744   -0.890863  0.00136671
          12   -0.892288   -0.890981  0.00125797
          13   -0.897688   -0.891497  0.00126256
          14   -0.898232   -0.891978   0.0012607
          15   -0.896976   -0.892311  0.00121989
          16    -0.88864   -0.892082  0.00116502
          17   -0.891608   -0.892054  0.00109683
          18   -0.897568    -0.89236  0.00107782
          19   -0.895832   -0.892543  0.00103646
          20    -0.88612   -0.892222   0.0010332
          21   -0.889784   -0.892106 0.000990501
          22   -0.889664   -0.891995 0.000951677
          23   -0.887312   -0.891791 0.000931825
          24   -0.891104   -0.891763 0.000893439
          25   -0.892544   -0.891794 0.000858248
          26    -0.89004   -0.891726 0.000827885
          27   -0.892672   -0.891761 0.000797963
          28   -0.885216   -0.891528 0.000802977
          29    -0.88956    -0.89146 0.000778149
          30   -0.884296   -0.891221    0.000788
          31   -0.903888    -0.89163 0.000862036
          32   -0.901472   -0.891937 0.000888275
          33   -0.896312    -0.89207 0.000871194
          34   -0.890744   -0.892031 0.000846442
          35   -0.894008   -0.892087 0.000824141
          36   -0.893728   -0.892133 0.000802508
          37   -0.890864   -0.892099 0.000781551
          38   -0.893672    -0.89214  0.00076208
          39    -0.89044   -0.892096 0.000743785
          40   -0.884264   -0.891901 0.000750522
          41   -0.890336   -0.891862 0.000733186
          42   -0.895912   -0.891959 0.000722041
          43   -0.894168    -0.89201 0.000707075
          44   -0.899128   -0.892172 0.000709269
          45   -0.891992   -0.892168 0.000693519
          46   -0.890984   -0.892142  0.00067892
          47   -0.892688   -0.892154 0.000664574
          48   -0.894808   -0.892209 0.000653025
          49    -0.89952   -0.892358 0.000656521
          50   -0.893272   -0.892377 0.000643645
           1   -0.847488   -0.847488           0
           2   -0.849504   -0.848496 0.000712764
           3   -0.853896   -0.850296   0.0015446
           4    -0.85076   -0.850412   0.0011628
           5   -0.850912   -0.850512 0.000934529
           6   -0.846776   -0.849889 0.000964149
           7   -0.857688   -0.851003  0.00132169
           8   -0.850216   -0.850905  0.00116013
           9   -0.849408   -0.850739  0.00104309
          10   -0.843632   -0.850028  0.00115579
          11   -0.851624   -0.850173  0.00105978
          12   -0.847392   -0.849941 0.000996487
          13   -0.845432   -0.849594 0.000978346
          14    -0.84968   -0.849601 0.000908483
          15   -0.848016   -0.849495 0.000854037
          16    -0.84828   -0.849419 0.000804028
          17   -0.852488     -0.8496 0.000776735
          18   -0.849264   -0.849581 0.000733807
          19     -0.8456   -0.849371  0.00072448
          20   -0.849112   -0.849358 0.000688372
          21   -0.849064   -0.849344 0.000655735
          22    -0.84428   -0.849114 0.000665109
          23   -0.847416    -0.84904 0.000640276
          24   -0.850064   -0.849083 0.000615017
          25    -0.84568   -0.848947 0.000605293
          26   -0.849392   -0.848964 0.000582254
          27   -0.851576   -0.849061 0.000568669
          28    -0.84648   -0.848969 0.000555779
          29   -0.849368   -0.848982 0.000536785
          30   -0.848608    -0.84897 0.000519037
          31     -0.8546   -0.849151 0.000533123
          32   -0.849896   -0.849175  0.00051697
          33   -0.848272   -0.849147 0.000502027
          34   -0.850728   -0.849194  0.00048941
          35   -0.848152   -0.849164 0.000476331
          36   -0.849256   -0.849167 0.000463106
          37   -0.843336   -0.849009 0.000476648
          38   -0.845536   -0.848918 0.000472786
          39    -0.84548    -0.84883 0.000468808
          40   -0.842048    -0.84866 0.000486779
          41   -0.847632   -0.848635 0.000475552
          42   -0.845248   -0.848554 0.000471017
          43   -0.847616   -0.848532 0.000460568
          44   -0.854904   -0.848677 0.000472317
          45   -0.844296    -0.84858 0.000471749
          46   -0.845416   -0.848511 0.000466481
          47   -0.849424   -0.848531  0.00045696
          48   -0.849272   -0.848546 0.000447701
          49   -0.849008   -0.848555 0.000438664
          50   -0.849584   -0.848576 0.000430372
           1   -0.804984   -0.804984           0
           2      -0.803   -0.803992  0.00070145
           3     -0.8062   -0.804728 0.000761454
           4   -0.802136    -0.80408  0.00080067
           5   -0.804864   -0.804237  0.00065571
           6   -0.801072   -0.803709 0.000728307
           7   -0.811608   -0.804838  0.00121699
           8   -0.801376   -0.804405   0.0011392
           9    -0.80956   -0.804978  0.00114761
          10    -0.80144   -0.804624  0.00108602
          11   -0.806016   -0.804751 0.000994632
          12   -0.804288   -0.804712 0.000912493
          13   -0.802288   -0.804526 0.000861141
          14   -0.804496   -0.804523 0.000799634
          15   -0.808168   -0.804766 0.000782368
          16   -0.804864   -0.804773 0.000733494
          17   -0.800488    -0.80452 0.000732367
          18    -0.80732   -0.804676 0.000708002
          19   -0.806952   -0.804796 0.000680797
          20   -0.806208   -0.804866 0.000650409
          21   -0.808448   -0.805037 0.000641409
          22   -0.807912   -0.805168 0.000625425
          23    -0.79924    -0.80491 0.000649166
          24   -0.805128   -0.804919 0.000622181
          25   -0.803632   -0.804868 0.000599419
          26   -0.800584   -0.804703 0.000598578
          27   -0.810168   -0.804905 0.000609673
          28   -0.802696   -0.804826 0.000592982
          29   -0.803592   -0.804784  0.00057406
          30   -0.802816   -0.804718 0.000558659
          31   -0.805288   -0.804737  0.00054094
          32    -0.80572   -0.804767 0.000524908
          33   -0.807352   -0.804846 0.000514813
          34   -0.803848   -0.804816 0.000500506
          35   -0.804008   -0.804793 0.000486739
          36   -0.806328   -0.804836 0.000475082
          37   -0.799272   -0.804685 0.000485457
          38   -0.807288   -0.804754 0.000477488
          39   -0.805672   -0.804777 0.000465825
          40    -0.79924   -0.804639 0.000474304
          41   -0.803224   -0.804604  0.00046399
          42   -0.806688   -0.804654 0.000455586
          43   -0.800704   -0.804562 0.000454158
          44   -0.806784   -0.804613 0.000446635
          45   -0.805936   -0.804642 0.000437676
          46   -0.805928    -0.80467 0.000429054
          47    -0.80452   -0.804667 0.000419937
          48   -0.803168   -0.804636 0.000412347
          49   -0.804184   -0.804626 0.000404035
          50   -0.805224   -0.804638 0.000396131
           1   -0.761968   -0.761968           0
           2   -0.763904   -0.762936 0.000684479
           3   -0.763336   -0.763069 0.000469126
           4   -0.762736   -0.762986  0.00035917
           5    -0.76644   -0.763677 0.000681414
           6       -0.76   -0.763064  0.00079711
           7   -0.766448   -0.763547 0.000816781
           8   -0.760056   -0.763111 0.000823063
           9   -0.762944   -0.763092 0.000731821
          10   -0.757408   -0.762524 0.000851247
          11   -0.760352   -0.762327 0.000796432
          12   -0.759672   -0.762105 0.000760164
          13   -0.760264   -0.761964 0.000714764
          14   -0.762152   -0.761977 0.000663836
          15   -0.763608   -0.762086  0.00062842
          16   -0.763184   -0.762155  0.00059288
          17   -0.759424   -0.761994 0.000579353
          18   -0.765856   -0.762208 0.000585552
          19   -0.759496   -0.762066 0.000571871
          20   -0.764936   -0.762209 0.000560997
          21   -0.760776   -0.762141 0.000538418
          22   -0.760376   -0.762061 0.000519887
          23   -0.760728   -0.762003 0.000500502
          24   -0.766992   -0.762211 0.000521035
          25   -0.763152   -0.762248 0.000501552
          26   -0.760864   -0.762195 0.000485079
          27    -0.76752   -0.762392 0.000505618
          28    -0.76036    -0.76232 0.000492743
          29    -0.76076   -0.762266 0.000478678
          30   -0.759888   -0.762187 0.000469239
          31   -0.761992    -0.76218 0.000454144
          32    -0.76388   -0.762234 0.000443047
          33   -0.762136   -0.762231 0.000429631
          34   -0.762256   -0.762231 0.000416995
          35   -0.761056   -0.762198 0.000406431
          36   -0.762032   -0.762193 0.000395167
          37   -0.763208   -0.762221 0.000385438
          38    -0.76736   -0.762356 0.000398318
          39   -0.758936   -0.762268 0.000397639
          40   -0.759304   -0.762194 0.000394543
          41   -0.759904   -0.762138 0.000388853
          42   -0.759088   -0.762066 0.000386317
          43   -0.762408   -0.762073 0.000377415
          44   -0.765496   -0.762151 0.000376767
          45   -0.763808   -0.762188 0.000370189
          46    -0.76208   -0.762186 0.000362149
          47   -0.762256   -0.762187 0.000354447
          48   -0.761104   -0.762165  0.00034778
          49   -0.763232   -0.762186 0.000341364
          50   -0.764088   -0.762224 0.000336649
           1   -0.721792   -0.721792           0
           2    -0.72028   -0.721036 0.000534573
           3   -0.722496   -0.721523 0.000533764
           4   -0.720728   -0.721324 0.000435729
           5   -0.723984   -0.721856 0.000589856
           6   -0.717952   -0.721205 0.000770989
           7   -0.719384   -0.720945 0.000703383
           8   -0.721424   -0.721005 0.000618002
           9     -0.7222   -0.721138 0.000563418
          10   -0.719184   -0.720942  0.00053989
          11   -0.718528   -0.720723 0.000533564
          12   -0.718392   -0.720529 0.000523264
          13   -0.720648   -0.720538 0.000483093
          14   -0.719864    -0.72049 0.000450978
          15   -0.721072   -0.720529  0.00042258
          16   -0.721624   -0.720597 0.000401677
          17   -0.720824    -0.72061 0.000378271
          18   -0.721944   -0.720684  0.00036444
          19   -0.720072   -0.720652 0.000346681
          20   -0.725792   -0.720909 0.000413776
          21   -0.720728   -0.720901 0.000394163
          22   -0.716768   -0.720713  0.00041862
          23   -0.721984   -0.720768 0.000404052
          24   -0.724008   -0.720903 0.000409148
          25   -0.719832    -0.72086 0.000395018
          26    -0.71976   -0.720818 0.000382085
          27   -0.724376    -0.72095 0.000389999
          28   -0.716744   -0.720799  0.00040396
          29    -0.72104   -0.720808 0.000390115
          30   -0.718536   -0.720732  0.00038439
          31    -0.72024   -0.720716 0.000372318
          32    -0.72288   -0.720784 0.000366772
          33    -0.72208   -0.720823 0.000357755
          34   -0.721072    -0.72083 0.000347308
          35   -0.720056   -0.720808 0.000338089
          36   -0.718232   -0.720737 0.000336186
          37   -0.724176    -0.72083 0.000339708
          38   -0.720504   -0.720821 0.000330876
          39   -0.720528   -0.720814 0.000322477
          40   -0.717712   -0.720736 0.000323603
          41   -0.721112   -0.720745  0.00031584
          42   -0.718064   -0.720681 0.000314706
          43   -0.718168   -0.720623 0.000312768
          44   -0.724696   -0.720715 0.000319065
          45   -0.723048   -0.720767 0.000316157
          46   -0.722184   -0.720798  0.00031078
          47   -0.721304   -0.720809 0.000304354
          48   -0.719704   -0.720786 0.000298883
          49   -0.719016    -0.72075 0.000294957
          50   -0.721784    -0.72077 0.000289783
           1   -0.683016   -0.683016           0
           2   -0.683304    -0.68316 0.000101823
           3    -0.68324   -0.683187 7.12887e-05
           4   -0.682936   -0.683124  7.6184e-05
           5   -0.683144   -0.683128 6.10521e-05
           6    -0.68272    -0.68306 8.02607e-05
           7   -0.680088   -0.682635 0.000399051
           8   -0.682008   -0.682557 0.000356794
           9   -0.684456   -0.682768 0.000374377
          10   -0.681904   -0.682682 0.000346766
          11   -0.684864    -0.68288 0.000367643
          12    -0.68068   -0.682697 0.000379978
          13   -0.680536    -0.68253 0.000385388
          14    -0.68468   -0.682684  0.00038724
          15   -0.684544   -0.682808  0.00038076
          16   -0.684016   -0.682884 0.000364371
          17   -0.682624   -0.682868 0.000343257
          18   -0.683824   -0.682921 0.000328268
          19    -0.68352   -0.682953 0.000312499
          20   -0.684504    -0.68303 0.000306348
          21   -0.684144   -0.683083 0.000296314
          22   -0.676848     -0.6828  0.00039583
          23   -0.683768   -0.682842 0.000380851
          24   -0.685744   -0.682963 0.000383696
          25   -0.683288   -0.682976 0.000368569
          26   -0.681016   -0.682901  0.00036202
          27   -0.685992   -0.683015  0.00036627
          28   -0.680312   -0.682919 0.000365691
          29   -0.685232   -0.682998 0.000361677
          30   -0.684264   -0.683041 0.000352073
          31   -0.681856   -0.683002 0.000342783
          32   -0.682832   -0.682997 0.000332113
          33    -0.68272   -0.682989 0.000322155
          34   -0.682952   -0.682988 0.000312681
          35    -0.68144   -0.682943 0.000306858
          36    -0.68352   -0.682959 0.000298752
          37   -0.685408   -0.683026 0.000297918
          38   -0.682296   -0.683006 0.000290695
          39   -0.684536   -0.683046 0.000285876
          40    -0.67708   -0.682896 0.000315239
          41    -0.68476   -0.682942  0.00031081
          42   -0.680736   -0.682889 0.000307816
          43   -0.682088   -0.682871 0.000301221
          44   -0.682736   -0.682868  0.00029439
          45   -0.688008   -0.682982 0.000309217
          46   -0.681592   -0.682952 0.000303968
          47     -0.6852   -0.682999 0.000301241
          48   -0.683968    -0.68302  0.00029564
          49    -0.68336   -0.683027 0.000289688
          50    -0.68516   -0.683069 0.000287019
           1   -0.646968   -0.646968           0
           2   -0.647992    -0.64748 0.000362039
           3    -0.64624   -0.647067  0.00041491
           4    -0.64704    -0.64706 0.000311236
           5   -0.646152   -0.646878 0.000297285
           6   -0.647184   -0.646929 0.000252063
           7   -0.645392    -0.64671 0.000296684
           8    -0.64784   -0.646851 0.000291304
           9   -0.649744   -0.647172 0.000398615
          10     -0.6452   -0.646975 0.000404622
          11   -0.645984   -0.646885 0.000377739
          12    -0.64684   -0.646881 0.000346279
          13   -0.643888   -0.646651  0.00038873
          14    -0.64988   -0.646882 0.000423897
          15   -0.642848   -0.646613  0.00047331
          16   -0.649432   -0.646789 0.000475396
          17    -0.64564   -0.646721  0.00045221
          18   -0.646208   -0.646693 0.000427986
          19   -0.646896   -0.646704 0.000405594
          20   -0.646912   -0.646714 0.000385448
          21   -0.646736   -0.646715 0.000367095
          22   -0.644504   -0.646615 0.000363906
          23   -0.646136   -0.646594 0.000348679
          24    -0.64636   -0.646584 0.000334286
          25   -0.646224    -0.64657 0.000321225
          26   -0.642352   -0.646407 0.000347423
          27   -0.647216   -0.646437 0.000335843
          28    -0.64644   -0.646437 0.000323849
          29   -0.646344   -0.646434 0.000312698
          30   -0.651336   -0.646598 0.000342312
          31    -0.64696   -0.646609 0.000331469
          32   -0.647384   -0.646633 0.000321993
          33    -0.64408   -0.646556 0.000321399
          34    -0.64612   -0.646543 0.000312202
          35   -0.643152   -0.646446 0.000317963
          36   -0.648456   -0.646502 0.000313992
          37   -0.649296   -0.646578 0.000314454
          38   -0.648504   -0.646628 0.000310238
          39     -0.6472   -0.646643 0.000302629
          40   -0.641856   -0.646523 0.000317847
          41    -0.64696   -0.646534 0.000310273
          42   -0.645296   -0.646505 0.000304283
          43   -0.647512   -0.646528 0.000298107
          44   -0.647776   -0.646556 0.000292678
          45   -0.649616   -0.646624 0.000293965
          46   -0.646784   -0.646628 0.000287595
          47   -0.647512   -0.646647 0.000282091
          48    -0.64596   -0.646632 0.000276576
          49    -0.64328   -0.646564 0.000279266
          50   -0.648024   -0.646593 0.000275203
           1   -0.615032   -0.615032           0
           2    -0.61704   -0.616036 0.000709935
           3   -0.615392   -0.615821 0.000504703
           4   -0.613456    -0.61523 0.000636819
           5   -0.609896   -0.614163  0.00108166
           6   -0.611752   -0.613761 0.000973179
           7   -0.614128   -0.613814 0.000835562
           8   -0.613024   -0.613715 0.000736925
           9   -0.612592    -0.61359 0.000665524
          10   -0.611744   -0.613406 0.000624054
          11   -0.611864   -0.613265 0.000582846
          12   -0.610976   -0.613075 0.000564639
          13    -0.61208   -0.612998 0.000526364
          14   -0.613528   -0.613036 0.000490125
          15   -0.612576   -0.613005 0.000458408
          16   -0.615136   -0.613139 0.000448683
          17   -0.610824   -0.613002 0.000442464
          18   -0.613704   -0.613041 0.000419597
          19   -0.613912   -0.613087 0.000400007
          20   -0.613216   -0.613094 0.000380059
          21   -0.611608   -0.613023 0.000368486
          22   -0.611616   -0.612959 0.000357242
          23   -0.613424   -0.612979 0.000342282
          24     -0.6112   -0.612905 0.000335951
          25   -0.611368   -0.612844 0.000328091
          26   -0.611504   -0.612792 0.000319491
          27    -0.61292   -0.612797 0.000307693
          28   -0.612464   -0.612785 0.000296934
          29   -0.612336   -0.612769 0.000287098
          30   -0.616488   -0.612893 0.000303108
          31    -0.61564   -0.612982 0.000306006
          32   -0.615096   -0.613048 0.000303491
          33   -0.612424   -0.613029 0.000294883
          34   -0.609784   -0.612934  0.00030126
          35   -0.612088   -0.612909  0.00029362
          36   -0.616584   -0.613012 0.000302685
          37   -0.614672   -0.613056 0.000297813
          38     -0.6156   -0.613123 0.000297403
          39     -0.6136   -0.613136 0.000290028
          40   -0.610224   -0.613063 0.000291768
          41   -0.614272   -0.613092 0.000286139
          42    -0.61352   -0.613102 0.000279507
          43   -0.615168   -0.613151 0.000277104
          44    -0.61472   -0.613186 0.000273092
          45   -0.614856   -0.613223 0.000269533
          46   -0.613328   -0.613226 0.000263683
          47   -0.616096   -0.613287 0.000265051
          48    -0.61168   -0.613253 0.000261634
          49   -0.611032   -0.613208 0.000260192
          50    -0.61528   -0.613249 0.000258267
           1   -0.584728   -0.584728           0
           2     -0.5858   -0.585264 0.000379009
           3   -0.584472      -0.585 0.000332126
           4   -0.584424   -0.584856 0.000278568
           5   -0.581368   -0.584158 0.000662556
           6    -0.58216   -0.583825 0.000630311
           7   -0.583416   -0.583767 0.000542972
           8   -0.582832    -0.58365 0.000487514
           9     -0.5854   -0.583844 0.000470527
          10   -0.582584   -0.583718 0.000440033
          11   -0.581896   -0.583553 0.000430089
          12    -0.58284   -0.583493 0.000398328
          13   -0.579624   -0.583196   0.0004658
          14   -0.584984   -0.583323 0.000449702
          15   -0.582664   -0.583279 0.000421865
          16     -0.5826   -0.583237  0.00039763
          17    -0.58284   -0.583214 0.000374926
          18   -0.583672   -0.583239  0.00035496
          19   -0.582736   -0.583213 0.000337264
          20   -0.581816   -0.583143 0.000327551
          21   -0.580128   -0.582999  0.00034197
          22   -0.581928   -0.582951 0.000329874
          23   -0.584776    -0.58303 0.000324939
          24   -0.582288   -0.582999 0.000312867
          25    -0.58052     -0.5829 0.000315675
          26   -0.581272   -0.582837 0.000309681
          27   -0.583576   -0.582865 0.000299417
          28   -0.582088   -0.582837 0.000290006
          29   -0.580088   -0.582742  0.00029509
          30   -0.585864   -0.582846 0.000303048
          31    -0.58288   -0.582847 0.000293274
          32   -0.581904   -0.582818 0.000285587
          33   -0.583936   -0.582852 0.000278936
          34   -0.581128   -0.582801   0.0002753
          35   -0.579352   -0.582702 0.000284524
          36   -0.582592   -0.582699 0.000276637
          37    -0.58344   -0.582719 0.000269884
          38    -0.58476   -0.582773 0.000268071
          39   -0.583624   -0.582795 0.000262084
          40    -0.58112   -0.582753 0.000258855
          41   -0.584208   -0.582788 0.000254963
          42   -0.581584    -0.58276   0.0002505
          43    -0.58528   -0.582818 0.000251437
          44   -0.583168   -0.582826 0.000245848
          45   -0.582648   -0.582822 0.000240417
          46    -0.58208   -0.582806 0.000235731
          47   -0.583112   -0.582813 0.000230805
          48   -0.583296   -0.582823 0.000226216
          49   -0.578368   -0.582732 0.000239172
          50     -0.5854   -0.582785 0.000240268
           1     -0.5554     -0.5554           0
           2   -0.556432   -0.555916 0.000364867
           3    -0.55584   -0.555891 0.000244123
           4   -0.556104   -0.555944 0.000188828
           5   -0.554304   -0.555616  0.00032998
           6     -0.5516   -0.554947 0.000670041
           7   -0.552536   -0.554602 0.000656887
           8    -0.55724   -0.554932 0.000652296
           9    -0.55756   -0.555224 0.000641857
          10   -0.554216   -0.555123 0.000585532
          11   -0.552544   -0.554889 0.000577343
          12     -0.5528   -0.554715  0.00055485
          13   -0.552544   -0.554548 0.000536705
          14   -0.556128   -0.554661 0.000510102
          15   -0.553064   -0.554554 0.000487073
          16   -0.555648   -0.554623 0.000461404
          17   -0.553672   -0.554567 0.000437637
          18   -0.555696   -0.554629 0.000417798
          19   -0.556696   -0.554738 0.000409723
          20   -0.555568    -0.55478 0.000391332
          21    -0.55344   -0.554716 0.000377861
          22    -0.55516   -0.554736 0.000361224
          23   -0.556632   -0.554818   0.0003548
          24   -0.552736   -0.554732 0.000350466
          25   -0.552672   -0.554649 0.000345996
          26   -0.553824   -0.554618 0.000334141
          27   -0.553624   -0.554581 0.000323785
          28   -0.556624   -0.554654 0.000320339
          29      -0.551   -0.554528 0.000333149
          30   -0.556408    -0.55459 0.000327887
          31   -0.556096   -0.554639 0.000320887
          32   -0.555264   -0.554659 0.000311453
          33    -0.55792   -0.554757 0.000317309
          34   -0.550336   -0.554627  0.00033356
          35   -0.554576   -0.554626 0.000324033
          36   -0.556056   -0.554666 0.000317458
          37   -0.557136   -0.554732 0.000315822
          38    -0.55556   -0.554754 0.000308261
          39    -0.55472   -0.554753 0.000300358
          40    -0.55456   -0.554748 0.000292888
          41   -0.555088   -0.554757 0.000285861
          42   -0.554624   -0.554754 0.000279072
          43    -0.55396   -0.554735 0.000273192
          44   -0.553368   -0.554704 0.000268744
          45   -0.553912   -0.554686 0.000263347
          46   -0.553472    -0.55466 0.000258942
          47    -0.55212   -0.554606 0.000259011
          48   -0.553016   -0.554573 0.000255724
          49   -0.549824   -0.554476 0.000268242
          50    -0.55664   -0.554519 0.000266346
           1   -0.529048   -0.529048           0
           2     -0.5318   -0.530424 0.000972979
           3   -0.528656   -0.529835 0.000807646
           4   -0.529704   -0.529802 0.000606395
           5   -0.527552   -0.529352 0.000630347
           6   -0.526056   -0.528803 0.000726224
           7   -0.526944   -0.528537 0.000669261
           8   -0.528496   -0.528532 0.000585623
           9   -0.530912   -0.528796  0.00057718
          10   -0.529616   -0.528878 0.000525248
          11   -0.526752   -0.528685 0.000511836
          12   -0.524664    -0.52835 0.000568385
          13   -0.526472   -0.528206 0.000542711
          14   -0.528928   -0.528257 0.000506393
          15   -0.525664   -0.528084 0.000501275
          16   -0.526792   -0.528003 0.000476407
          17   -0.527192   -0.527956 0.000450769
          18   -0.525968   -0.527845 0.000439045
          19   -0.529616   -0.527939 0.000425713
          20    -0.52684   -0.527884 0.000407955
          21   -0.525792   -0.527784 0.000400503
          22   -0.528856   -0.527833 0.000385251
          23   -0.529376     -0.5279 0.000374298
          24   -0.527144   -0.527868 0.000360025
          25   -0.528168    -0.52788 0.000345823
          26   -0.529296   -0.527935 0.000336782
          27   -0.529544   -0.527994  0.00032954
          28   -0.531392   -0.528116 0.000339377
          29   -0.527016   -0.528078 0.000329786
          30   -0.528832   -0.528103  0.00031975
          31   -0.530832   -0.528191 0.000321326
          32   -0.530048   -0.528249 0.000316482
          33   -0.530888   -0.528329 0.000316834
          34   -0.529176   -0.528354 0.000308493
          35   -0.529848   -0.528397 0.000302618
          36   -0.529288   -0.528421 0.000295223
          37   -0.529448   -0.528449 0.000288545
          38   -0.530776    -0.52851 0.000287376
          39   -0.527936   -0.528496 0.000280385
          40   -0.527472    -0.52847  0.00027454
          41   -0.527752   -0.528452 0.000268402
          42   -0.529592    -0.52848 0.000263379
          43   -0.526832   -0.528441 0.000260026
          44   -0.525992   -0.528386 0.000260007
          45   -0.528552   -0.528389 0.000254255
          46   -0.523896   -0.528292 0.000266833
          47   -0.528408   -0.528294 0.000261167
          48    -0.52808    -0.52829 0.000255764
          49   -0.524496   -0.528212 0.000262001
          50   -0.528224   -0.528212 0.000256761
           1   -0.504992   -0.504992           0
           2   -0.508032   -0.506512   0.0010748
           3   -0.505728   -0.506251 0.000747631
           4   -0.504952   -0.505926 0.000627269
           5    -0.50412   -0.505565 0.000596818
           6   -0.503832   -0.505276 0.000562903
           7   -0.501664    -0.50476  0.00067898
           8    -0.50568   -0.504875 0.000603768
           9   -0.506464   -0.505052 0.000561905
          10     -0.5052   -0.505066  0.00050591
          11   -0.503888   -0.504959 0.000471124
          12   -0.505224   -0.504981  0.00043238
          13   -0.504712   -0.504961 0.000399616
          14    -0.50652   -0.505072 0.000386283
          15   -0.501216   -0.504815  0.00043779
          16   -0.504976   -0.504825 0.000410544
          17   -0.503896    -0.50477 0.000390014
          18   -0.504064   -0.504731 0.000370316
          19    -0.50748   -0.504876 0.000378033
          20   -0.505672   -0.504916 0.000361221
          21   -0.501808   -0.504768 0.000373103
          22   -0.504512   -0.504756 0.000356324
          23   -0.504808   -0.504758 0.000340839
          24   -0.503296   -0.504697 0.000332038
          25   -0.504528   -0.504691 0.000318826
          26   -0.505168   -0.504709 0.000307092
          27     -0.5076   -0.504816 0.000313831
          28   -0.504704   -0.504812 0.000302648
          29   -0.503032   -0.504751 0.000298371
          30    -0.50324     -0.5047 0.000292644
          31   -0.506808   -0.504768 0.000290995
          32   -0.505752   -0.504799  0.00028352
          33   -0.507648   -0.504885 0.000287773
          34   -0.504776   -0.504882 0.000279327
          35   -0.502968   -0.504827 0.000276649
          36   -0.504088   -0.504807 0.000269725
          37   -0.505688   -0.504831 0.000263485
          38   -0.504888   -0.504832 0.000256555
          39    -0.50552    -0.50485 0.000250582
          40   -0.503728   -0.504822 0.000245882
          41   -0.502848   -0.504774 0.000244552
          42   -0.506568   -0.504816 0.000242433
          43   -0.502856   -0.504771 0.000241043
          44   -0.501768   -0.504703 0.000245036
          45   -0.503344   -0.504672 0.000241443
          46   -0.502368   -0.504622 0.000241335
          47   -0.508024   -0.504695 0.000246815
          48   -0.504472    -0.50469 0.000241717
          49   -0.498448   -0.504563 0.000268259
          50   -0.504448    -0.50456 0.000262904
           1   -0.483752   -0.483752           0
           2    -0.48488   -0.484316 0.000398808
           3   -0.482808   -0.483813 0.000489017
           4   -0.484888   -0.484082  0.00043434
           5   -0.482392   -0.483744 0.000460578
           6   -0.480136   -0.483143 0.000669812
           7   -0.480656   -0.482787 0.000661654
           8   -0.485512   -0.483128  0.00066081
           9   -0.484864   -0.483321 0.000614895
          10   -0.484048   -0.483394 0.000557688
          11   -0.481536   -0.483225 0.000531943
          12   -0.481592   -0.483089 0.000504715
          13    -0.48252   -0.483045 0.000467783
          14   -0.481672   -0.482947  0.00044453
          15   -0.479688    -0.48273 0.000464964
          16   -0.485768    -0.48292 0.000473096
          17   -0.479664   -0.482728 0.000482471
          18   -0.482344   -0.482707 0.000456138
          19   -0.484856    -0.48282 0.000445938
          20    -0.48344   -0.482851 0.000424718
          21   -0.481528   -0.482788 0.000409137
          22   -0.484096   -0.482847 0.000394838
          23   -0.483064   -0.482857 0.000377783
          24   -0.480632   -0.482764 0.000373241
          25   -0.482192   -0.482741 0.000359012
          26   -0.481496   -0.482693 0.000348384
          27   -0.485008   -0.482779 0.000345868
          28   -0.483776   -0.482815 0.000335344
          29   -0.480688   -0.482741 0.000331701
          30     -0.4818    -0.48271 0.000322125
          31    -0.48296   -0.482718 0.000311835
          32   -0.482912   -0.482724 0.000302149
          33   -0.483808   -0.482757 0.000294773
          34   -0.481664   -0.482725  0.00028785
          35   -0.483928   -0.482759 0.000281672
          36   -0.482616   -0.482755 0.000273875
          37   -0.483216   -0.482768 0.000266756
          38   -0.485368   -0.482836 0.000268371
          39   -0.483888   -0.482863 0.000262842
          40    -0.47996    -0.48279 0.000266101
          41   -0.483048   -0.482797 0.000259685
          42   -0.483592   -0.482816 0.000254192
          43    -0.48224   -0.482802 0.000248633
          44   -0.481008   -0.482761 0.000246303
          45   -0.482648   -0.482759 0.000240843
          46    -0.48004     -0.4827 0.000242752
          47   -0.482648   -0.482699 0.000237589
          48   -0.482904   -0.482703 0.000232678
          49   -0.480032   -0.482648 0.000234227
          50   -0.482032   -0.482636 0.000229867
           1   -0.462968   -0.462968           0
           2   -0.462848   -0.462908 4.24264e-05
           3    -0.46156   -0.462459 0.000367968
           4   -0.465184    -0.46314 0.000651402
           5   -0.461416   -0.462795 0.000605539
           6   -0.461584   -0.462593 0.000537211
           7   -0.461976   -0.462505 0.000467649
           8   -0.463024    -0.46257 0.000413666
           9   -0.464712   -0.462808 0.000430762
          10    -0.46508   -0.463035 0.000443574
          11   -0.463104   -0.463041 0.000403293
          12    -0.46172   -0.462931 0.000384426
          13   -0.463656   -0.462987 0.000358874
          14   -0.460896   -0.462838 0.000362994
          15    -0.46016   -0.462659 0.000380164
          16   -0.464752    -0.46279 0.000378236
          17    -0.46128   -0.462701 0.000366268
          18   -0.461968    -0.46266 0.000348177
          19    -0.46288   -0.462672 0.000330044
          20   -0.463872   -0.462732 0.000318949
          21   -0.460248   -0.462614 0.000324955
          22   -0.462696   -0.462617 0.000310206
          23   -0.463816    -0.46267 0.000301064
          24   -0.460544   -0.462581 0.000301265
          25   -0.462344   -0.462572 0.000289364
          26   -0.461064   -0.462514 0.000283984
          27    -0.46408   -0.462572 0.000279329
          28   -0.463512   -0.462605 0.000271365
          29    -0.46196   -0.462583 0.000262918
          30   -0.462984   -0.462596 0.000254494
          31   -0.465104   -0.462677 0.000258822
          32    -0.46244    -0.46267  0.00025084
          33   -0.461152   -0.462624 0.000247419
          34   -0.460416   -0.462559 0.000248517
          35   -0.463432   -0.462584 0.000242665
          36    -0.46032   -0.462521 0.000243936
          37    -0.46404   -0.462562 0.000240774
          38   -0.463928   -0.462598 0.000237106
          39   -0.464152   -0.462638 0.000234351
          40   -0.458704   -0.462539 0.000248271
          41   -0.462944   -0.462549 0.000242411
          42   -0.463232   -0.462566 0.000237184
          43   -0.460944   -0.462528 0.000234647
          44   -0.459568   -0.462461 0.000238762
          45    -0.46292   -0.462471 0.000233674
          46   -0.460424   -0.462426 0.000232792
          47   -0.461024   -0.462396 0.000229743
          48    -0.46144   -0.462377 0.000225819
          49   -0.459136    -0.46231 0.000230691
          50   -0.464128   -0.462347 0.000228923
