           1     37.5017     37.5017           0
           2      36.019     36.7603    0.524226
           3     39.8203     37.7803    0.903185
           4     41.4127     38.6884     1.03795
           5     38.7087     38.6925    0.830367
           6     38.1889     38.6085    0.696202
           7     38.8538     38.6436    0.597626
           8     38.7297     38.6544     0.52302
           9     34.5255     38.1956    0.634991
          10      40.877     38.4637    0.625548
          11      40.192     38.6208     0.58808
          12      38.411     38.6034    0.539333
          13     42.5143     38.9042    0.575668
          14     40.6638     39.0299    0.548098
          15     42.5494     39.2645     0.55953
          16     42.1393     39.4442    0.552655
          17     41.6534     39.5741    0.535207
          18     42.4359     39.7331     0.52856
          19     36.5478     39.5655    0.526658
          20     38.3002     39.5022    0.504111
          21     39.2013     39.4879    0.480309
          22     40.5856     39.5378    0.461061
          23     34.4587     39.3169     0.49106
          24     39.4311     39.3217    0.470622
          25     44.5132     39.5294    0.495498
          26     40.0534     39.5495     0.47685
          27     43.4992     39.6958    0.481105
          28     43.7043      39.839    0.484754
          29     41.1023     39.8825    0.469992
          30     34.3223     39.6972    0.489508
          31      37.471     39.6254    0.478955
          32     41.7971     39.6932    0.468772
          33     38.5349     39.6581    0.455879
          34     38.1091     39.6126    0.444741
          35     38.3292     39.5759    0.433543
          36     40.5028     39.6017    0.422264
          37     39.4667      39.598    0.410867
          38     39.4027     39.5929    0.400087
          39      38.957     39.5766    0.390161
          40     42.0882     39.6394    0.385426
          41     36.6902     39.5674    0.382679
          42     42.1113      39.628     0.37833
          43     41.1031     39.6623    0.371084
          44     39.7296     39.6638    0.362653
          45     34.1607     39.5415    0.374646
          46     39.5386     39.5415    0.366502
          47     40.7341     39.5669    0.359581
          48        40.2       39.58    0.352332
          49     39.2854      39.574    0.345193
          50     40.0681     39.5839     0.33843
           1     23.7943     23.7943           0
           2      22.375     23.0847    0.501814
           3      24.534     23.5678    0.517225
           4     25.7757     24.1198     0.61562
           5     25.4809      24.392    0.549401
           6     27.4316     24.8986    0.650758
           7     27.3274     25.2456    0.643677
           8     26.0021     25.3401    0.570122
           9     23.8954     25.1796    0.528893
          10     28.4332      25.505    0.567322
          11     22.5971     25.2406     0.57404
          12     27.7469     25.4495    0.562918
          13     27.7356     25.6253    0.546395
          14     30.3636     25.9638    0.603147
          15     27.0798     26.0382    0.567507
          16      24.601     25.9484      0.5391
          17      23.758     25.8195    0.522558
          18     28.8962     25.9904    0.520733
          19     27.0348     26.0454    0.496219
          20     26.1252     26.0494    0.471424
          21     28.4987      26.166    0.463178
          22     25.9461      26.156    0.442232
          23     25.3818     26.1224    0.424284
          24     24.3384      26.048    0.413065
          25     25.1694     26.0129    0.398035
          26     27.7535     26.0798    0.388315
          27     29.9694     26.2239    0.399762
          28     26.0576      26.218    0.385529
          29     25.9832     26.2099     0.37232
          30     23.5685     26.1218    0.370173
          31     25.4552     26.1003    0.358856
          32     28.0574     26.1615    0.352815
          33     26.2899     26.1654    0.342145
          34     28.6249     26.2377    0.339643
          35     26.3323     26.2404     0.32995
          36     29.5753      26.333    0.333535
          37     21.3851     26.1993    0.350305
          38      27.177      26.225     0.34203
          39     27.6956     26.2627    0.335332
          40     25.3912      26.241    0.327656
          41     24.3711     26.1954    0.322823
          42     26.7556     26.2087    0.315412
          43     26.6174     26.2182     0.30822
          44     28.6833     26.2742    0.306265
          45     26.8685     26.2874    0.299743
          46      23.305     26.2226    0.300157
          47     27.5018     26.2498    0.295002
          48     29.0226     26.3076    0.294458
          49     26.4895     26.3113    0.288472
          50     26.9958      26.325    0.283027
           1     15.4778     15.4778           0
           2     14.5622       15.02    0.323719
           3     16.4718     15.5039    0.450227
           4     18.1398     16.1629    0.663098
           5     17.0056     16.3314     0.55148
           6     15.7049      16.227     0.46935
           7      19.833     16.7421    0.623949
           8     15.9778     16.6466    0.553222
           9      17.434     16.7341    0.498622
          10     17.2945     16.7901    0.451899
          11     15.5784       16.68    0.424031
          12      17.479     16.7466    0.393888
          13     19.1427     16.9309    0.404423
          14     18.8183     17.0657     0.39737
          15     19.1768     17.2064    0.395016
          16     16.7385     17.1772    0.371409
          17     17.0991     17.1726     0.34959
          18     17.9041     17.2132    0.332522
          19     18.4148     17.2765    0.320978
          20      14.897     17.1575    0.326235
          21      15.742     17.0901    0.317587
          22     15.8329     17.0329    0.308249
          23     15.7515     16.9772     0.29984
          24     17.3422     16.9924    0.287732
          25     18.0389     17.0343    0.279251
          26     15.6385     16.9806    0.273622
          27     17.5792     17.0028    0.264385
          28      15.958     16.9655    0.257562
          29     17.5708     16.9863    0.249525
          30     13.6371     16.8747    0.265008
          31      21.746     17.0318    0.299445
          32     20.8698     17.1518    0.313187
          33     17.4679     17.1614    0.303843
          34     16.9756     17.1559    0.294955
          35     18.8667     17.2048     0.29055
          36     17.3951     17.2101    0.282527
          37     18.1115     17.2344     0.27594
          38     17.6903     17.2464    0.268939
          39     16.4873      17.227    0.262747
          40     15.2619     17.1778     0.26073
          41     17.4304      17.184    0.254444
          42     18.7639     17.2216    0.251151
          43     17.4945      17.228     0.24539
          44     18.9135     17.2663    0.242785
          45     17.3276     17.2676    0.237393
          46     16.8178     17.2578    0.232434
          47     17.0501     17.2534    0.227531
          48     19.4621     17.2994    0.227396
          49     19.6439     17.3473    0.227733
          50     17.6251     17.3528    0.223246
           1     12.2529     12.2529           0
           2     12.3789     12.3159   0.0445477
           3     13.0572      12.563    0.203916
           4      12.249     12.4845    0.167369
           5     13.1658     12.6208    0.181059
           6     12.3972     12.5835    0.154672
           7     13.8703     12.7673    0.215738
           8     11.5546     12.6158    0.236099
           9     11.7847     12.5234    0.227206
          10     12.3951     12.5106    0.204847
          11     13.9205     12.6388    0.222745
          12     12.2018     12.6023    0.207137
          13     11.0481     12.4828    0.223053
          14     11.5944     12.4193    0.215959
          15     12.4938     12.4243    0.201618
          16     11.4942     12.3662     0.19722
          17     13.5476     12.4357    0.197484
          18     12.0134     12.4122    0.187901
          19     10.3204     12.3021    0.207776
          20     12.8462     12.3293     0.19916
          21     12.0493      12.316    0.190122
          22     11.4621     12.2772    0.185399
          23     11.7809     12.2556    0.178589
          24     12.8198     12.2791    0.172688
          25     11.8014       12.26    0.166835
          26     13.1486     12.2942    0.163881
          27     12.3089     12.2947    0.157812
          28     11.5839     12.2693    0.154204
          29       12.33     12.2714    0.148901
          30     11.8799     12.2584    0.144508
          31     13.5477        12.3    0.145709
          32     12.6961     12.3123     0.14168
          33     12.6698     12.3232      0.1378
          34      12.928      12.341    0.134891
          35      12.171     12.3361    0.131124
          36     10.7639     12.2924    0.134558
          37     10.7867     12.2517    0.136937
          38     9.93055     12.1907    0.146325
          39     11.7892     12.1804    0.142934
          40     11.4559     12.1622    0.140504
          41     11.9173     12.1563    0.137204
          42     10.7044     12.1217    0.138223
          43     12.0863     12.1209    0.135011
          44      12.676     12.1335    0.132531
          45     11.0116     12.1086     0.13191
          46     11.9892      12.106    0.129068
          47     11.8862     12.1013    0.126406
          48     12.4507     12.1086    0.123982
          49     12.4588     12.1157    0.121658
          50     12.2459     12.1183    0.119253
           1      8.8798      8.8798           0
           2     8.67853     8.77916   0.0711604
           3     8.33747     8.63193    0.129236
           4     9.99494     8.97269    0.310611
           5     9.38842     9.05583    0.259378
           6     8.98285     9.04367    0.216434
           7     9.75902     9.14586    0.208248
           8     8.41758     9.05483    0.201133
           9     9.64296     9.12017    0.189103
          10       9.752     9.18336    0.180439
          11     9.64394     9.22523    0.168824
          12     9.94399     9.28512    0.165039
          13     9.22644     9.28061    0.152405
          14     9.30499     9.28235    0.141529
          15     8.61681     9.23798    0.138875
          16     10.0093     9.28619    0.138309
          17     9.15482     9.27846    0.130389
          18     9.54984     9.29354    0.124014
          19     9.27234     9.29242    0.117492
          20     9.59238     9.30742    0.112571
          21     9.66028     9.32422    0.108457
          22     9.98932     9.35446    0.107658
          23     8.75514      9.3284    0.106084
          24     8.19021     9.28097    0.111762
          25     8.86553     9.26436     0.10852
          26     8.77046     9.24536    0.105996
          27     8.92261     9.23341    0.102742
          28     8.55974     9.20935    0.101851
          29     9.83198     9.23082    0.100576
          30     9.46225     9.23853   0.0975192
          31     9.63404     9.25129   0.0952043
          32       9.471     9.25816   0.0924764
          33      10.155     9.28533   0.0935824
          34     9.64749     9.29598   0.0914341
          35     10.1719     9.32101    0.092183
          36     9.85445     9.33583   0.0908055
          37     8.41306     9.31089   0.0917122
          38     8.73552     9.29575     0.09054
          39     9.04548     9.28933   0.0884456
          40     8.26996     9.26385   0.0898309
          41     8.89345     9.25481    0.088093
          42     9.34872     9.25705   0.0860239
          43     8.29711     9.23472   0.0868717
          44     9.17786     9.23343    0.084907
          45      9.4172     9.23751   0.0831183
          46     9.74618     9.24857   0.0820436
          47     9.14872     9.24645   0.0803255
          48     9.42547     9.25018   0.0787386
          49     9.04811     9.24605   0.0772396
          50     9.76602     9.25645   0.0763917
           1     7.59073     7.59073           0
           2     8.03341     7.81207    0.156511
           3     7.89641     7.84018    0.106836
           4     7.46248     7.74576    0.114488
           5      7.5713     7.71086   0.0967611
           6     7.49389      7.6747   0.0871301
           7     7.60606     7.66489   0.0752328
           8     7.35014     7.62555   0.0754184
           9     7.13985     7.57158   0.0841605
          10     6.85297     7.49972    0.101906
          11     7.48786     7.49864   0.0926478
          12     7.61988     7.50875   0.0854762
          13     7.35562     7.49697   0.0797086
          14     7.47042     7.49507   0.0740377
          15     7.75915     7.51268   0.0711643
          16      7.3415     7.50198    0.067516
          17     7.24534     7.48688   0.0652104
          18     7.65259     7.49609    0.062234
          19     7.14678      7.4777   0.0616143
          20     7.61196     7.48441   0.0588981
          21     6.85829      7.4546   0.0631911
          22     7.56437     7.45959   0.0605154
          23     7.34758     7.45472   0.0580799
          24     7.82282     7.47006   0.0576496
          25     8.18869      7.4988   0.0620979
          26     7.25296     7.48935   0.0604251
          27     7.52698     7.49074   0.0582032
          28     7.41156     7.48791   0.0561932
          29     7.15278     7.47636    0.055431
          30     7.40569       7.474   0.0536333
          31     7.43062      7.4726   0.0519215
          32     7.72598     7.48052   0.0508991
          33     7.66426     7.48609   0.0496604
          34     7.45874     7.48528   0.0482063
          35     7.73617     7.49245   0.0473589
          36     7.07675      7.4809   0.0474302
          37     7.14661     7.47187    0.047001
          38     7.71534     7.47828   0.0461988
          39      6.8188     7.46137   0.0480092
          40     7.12806     7.45303   0.0475265
          41     7.50272     7.45425   0.0463828
          42     7.38622     7.45263   0.0453067
          43     7.31663     7.44946   0.0443633
          44     7.61507     7.45323   0.0435144
          45     7.12216     7.44587   0.0431649
          46     7.93443     7.45649   0.0435136
          47     7.14603     7.44989   0.0430862
          48     7.16015     7.44385   0.0426093
          49     7.78417      7.4508    0.042302
          50     7.43125      7.4504   0.0414577
           1     6.34824     6.34824           0
           2     5.98461     6.16642    0.128563
           3     5.99312     6.10866   0.0978303
           4     5.74634     6.01808    0.107411
           5      5.8988     5.99422   0.0885382
           6      5.9624     5.98892   0.0739405
           7     6.25231     6.02655   0.0723208
           8     5.98682     6.02158    0.063451
           9     6.35566      6.0587   0.0663765
          10     6.24209     6.07704   0.0622207
          11     6.08813     6.07805   0.0565724
          12      6.0196     6.07318   0.0520673
          13     6.57645     6.11189   0.0607733
          14     6.13388     6.11346   0.0564527
          15      6.1232     6.11411   0.0526929
          16     6.30554     6.12607   0.0507397
          17     6.14241     6.12703   0.0477641
          18     6.07142     6.12394   0.0452104
          19     5.84045     6.10902   0.0452261
          20     6.45683     6.12641   0.0461874
          21     6.04912     6.12273   0.0441344
          22     6.14222     6.12362   0.0421372
          23      6.4087     6.13601   0.0420886
          24     6.22394     6.13968   0.0404941
          25     5.79499     6.12589   0.0411546
          26      6.0341     6.12236   0.0397229
          27     6.21348     6.12573   0.0383948
          28      5.8226     6.11491   0.0385196
          29      6.2709     6.12029   0.0375651
          30     6.09182     6.11934   0.0363249
          31     6.11694     6.11926   0.0351532
          32     6.36553     6.12696   0.0348869
          33      6.6107     6.14162   0.0367808
          34      6.4617     6.15103   0.0368841
          35     6.03894     6.14783    0.035969
          36     5.63487     6.13358   0.0376866
          37     6.21438     6.13576   0.0367313
          38     6.26422     6.13914   0.0359199
          39     6.02386     6.13619   0.0351203
          40     6.21161     6.13807   0.0342928
          41      6.0153     6.13508   0.0335869
          42     5.70836     6.12492   0.0342895
          43     6.11306     6.12464   0.0334932
          44     6.38353     6.13053   0.0332447
          45     6.10973     6.13006   0.0325092
          46     6.30967     6.13397   0.0320361
          47     6.39639     6.13955   0.0318373
          48     6.29729     6.14284   0.0313432
          49     6.19572     6.14392   0.0307221
          50     6.57843     6.15261   0.0313126
           1      5.3583      5.3583           0
           2     5.48254     5.42042   0.0439226
           3     5.21498     5.35194    0.063118
           4     4.93051     5.24658    0.102791
           5     5.14434     5.22613   0.0842419
           6        5.21     5.22345   0.0702445
           7     5.26968     5.23005   0.0605193
           8     5.45197     5.25779   0.0589701
           9     5.48025     5.28251   0.0573647
          10     5.15379     5.26964   0.0530526
          11     5.75823     5.31405   0.0641848
          12     5.16653     5.30176   0.0600018
          13     5.37946     5.30774   0.0556832
          14     5.45742     5.31843   0.0527224
          15     5.40612     5.32428   0.0495306
          16     5.29356     5.32236   0.0464721
          17     5.34733     5.32382   0.0437617
          18     5.40697     5.32844   0.0415735
          19     5.29931     5.32691   0.0394137
          20     5.41404     5.33127    0.037683
          21     5.31431     5.33046   0.0358972
          22     5.27026     5.32772   0.0343697
          23     5.27389     5.32538    0.032955
          24     5.46478     5.33119   0.0320896
          25     5.49683     5.33782   0.0314826
          26     5.44461     5.34192   0.0305385
          27     5.78588     5.35837   0.0335433
          28     5.23563     5.35398   0.0326305
          29     5.30459     5.35228   0.0315497
          30     5.21808     5.34781   0.0308135
          31     4.96053     5.33531   0.0322528
          32     5.12987     5.32889   0.0318775
          33     5.36267     5.32992   0.0309279
          34     5.43991     5.33315    0.030187
          35     5.01869     5.32417   0.0306324
          36     5.39705     5.32619   0.0298483
          37     5.46819     5.33003   0.0292873
          38     5.09227     5.32377   0.0291773
          39     5.70565     5.33356   0.0300272
          40     5.20446     5.33034   0.0294495
          41     5.54039     5.33546   0.0291734
          42      5.1412     5.33084   0.0288432
          43     5.06289      5.3246   0.0288377
          44     4.87554      5.3144   0.0299339
          45     5.83958     5.32607   0.0314616
          46     5.43067     5.32834   0.0308597
          47     5.33985     5.32859   0.0302041
          48     5.40203     5.33012   0.0296136
          49     5.52529      5.3341   0.0292759
          50      5.2298     5.33201   0.0287646
           1     4.49534     4.49534           0
           2     4.58704     4.54119   0.0324194
           3     4.51608     4.53282   0.0226679
           4      4.4083     4.50169   0.0318717
           5     4.33042     4.46744   0.0398604
           6     4.87567     4.53548   0.0704354
           7     4.68174     4.55637   0.0633966
           8      4.6081     4.56284   0.0558008
           9     4.71122     4.57932   0.0519794
          10     4.39545     4.56094   0.0499279
          11     4.90846     4.59253    0.054475
          12     4.77902     4.60807    0.052105
          13     4.47717       4.598   0.0490603
          14     4.88574     4.61855   0.0496747
          15     4.58447     4.61628    0.046415
          16     4.64062      4.6178    0.043539
          17      4.3341     4.60111   0.0440602
          18     4.81308     4.61289   0.0431574
          19     4.35385     4.59926   0.0429855
          20      4.6865     4.60362    0.041057
          21     4.77518     4.61179   0.0399064
          22     4.74282     4.61774   0.0385344
          23     4.59769     4.61687   0.0368688
          24     4.50962      4.6124   0.0356024
          25     4.65567     4.61413   0.0342204
          26     4.51147     4.61018   0.0331312
          27     4.59691     4.60969   0.0319078
          28     4.59041       4.609   0.0307757
          29     4.52878     4.60624   0.0298385
          30     4.62182     4.60676   0.0288484
          31     4.74254     4.61114   0.0282484
          32     4.57241     4.60993   0.0273916
          33     4.38875     4.60323   0.0273692
          34     4.79508     4.60887   0.0271397
          35     4.34522     4.60134   0.0273897
          36     4.73862     4.60515   0.0268931
          37     4.80056     4.61043   0.0266798
          38     4.59201     4.60995   0.0259821
          39     4.74973     4.61353   0.0255619
          40     4.67559     4.61508   0.0249699
          41     4.64864      4.6159   0.0243743
          42     4.62408     4.61609   0.0237947
          43     4.49274     4.61323   0.0234137
          44     4.65186      4.6141    0.022898
          45     4.57367     4.61321   0.0224068
          46     4.66956     4.61443   0.0219531
          47     4.63704     4.61491   0.0214913
          48     4.61464     4.61491   0.0210436
          49     4.74258     4.61751   0.0207748
          50     4.84169     4.62199   0.0208375
           1     4.11787     4.11787           0
           2     4.29212       4.205    0.061606
           3     4.04322     4.15107   0.0602107
           4     4.11684     4.14251   0.0457622
           5     3.77941     4.06989    0.074561
           6     4.19746     4.09115   0.0650948
           7     4.23153     4.11121   0.0588034
           8     4.12923     4.11346   0.0514961
           9     4.06773     4.10838   0.0460243
          10     4.07585     4.10513   0.0415367
          11     4.28732     4.12169     0.04093
          12     3.93344       4.106   0.0404138
          13     4.07458     4.10358   0.0373772
          14      4.0546     4.10009   0.0348708
          15      4.1425     4.10291   0.0326605
          16     4.15995     4.10648   0.0308132
          17     4.05132     4.10323   0.0291709
          18      4.0453     4.10002   0.0277273
          19     4.18201     4.10433   0.0266017
          20     4.18508     4.10837   0.0255761
          21     4.17376     4.11148   0.0245471
          22     3.91059     4.10235   0.0250722
          23     4.20592     4.10685   0.0243832
          24      3.6845     4.08926   0.0290312
          25     4.17054     4.09251   0.0280514
          26     4.07774     4.09194   0.0269783
          27     4.06433     4.09092   0.0259984
          28     4.02187     4.08845   0.0251866
          29     4.15205     4.09064   0.0244134
          30     4.29646      4.0975   0.0245446
          31      4.1357     4.09874   0.0237838
          32     4.13224     4.09978   0.0230635
          33     4.12578     4.10057   0.0223781
          34     3.94142     4.09589   0.0222041
          35     4.00035     4.09316   0.0217368
          36     4.38838     4.10136    0.022627
          37     4.00346     4.09872   0.0221696
          38     4.30066     4.10403    0.022214
          39     4.07438     4.10327   0.0216574
          40     4.09686     4.10311   0.0211166
          41     4.26373     4.10703   0.0209618
          42     4.51734      4.1168    0.022625
          43      4.1685       4.118   0.0221307
          44     4.18766     4.11958   0.0216843
          45     4.30285     4.12365   0.0215815
          46     4.13818     4.12397   0.0211146
          47     4.17673     4.12509   0.0206952
          48     4.07498     4.12405   0.0202904
          49     4.23041     4.12622   0.0199921
          50     4.18502     4.12739   0.0196268
           1     3.81803     3.81803           0
           2     3.91973     3.86888    0.035955
           3      3.6969     3.81155   0.0525886
           4     3.90793     3.83565   0.0446208
           5     3.62883     3.79428   0.0514097
           6     3.88374     3.80919   0.0449516
           7     3.92012     3.82504   0.0412286
           8     3.66974     3.80563   0.0403873
           9     3.97933     3.82493    0.040248
          10     3.71563       3.814   0.0376779
          11     3.87142     3.81922   0.0346124
          12     3.74214     3.81279   0.0323185
          13     3.60222      3.7966   0.0336479
          14     3.75978     3.79397   0.0313471
          15      4.0119      3.8085   0.0324499
          16     3.75377     3.80508   0.0306015
          17     3.67773     3.79758   0.0297041
          18     3.80348     3.79791   0.0280557
          19     3.80186     3.79812   0.0265799
          20     3.71268     3.79385   0.0255919
          21     3.76851     3.79264   0.0244016
          22     3.73003     3.78979   0.0234578
          23     3.82311     3.79124   0.0224826
          24     3.85052     3.79371   0.0216811
          25     3.68931     3.78954   0.0212122
          26      3.6648     3.78474   0.0209319
          27     3.84638     3.78702   0.0202807
          28     3.79492      3.7873   0.0195584
          29     3.74807     3.78595   0.0189307
          30      3.8421     3.78782   0.0183919
          31     4.00722      3.7949   0.0191118
          32     3.86634     3.79713   0.0186445
          33     3.89717     3.80016   0.0183243
          34      3.7924     3.79994   0.0177868
          35     3.80702     3.80014   0.0172798
          36      3.6989     3.79733   0.0170271
          37     3.70734     3.79489   0.0167397
          38     3.73981     3.79344   0.0163618
          39     3.79813     3.79356   0.0159427
          40     3.77602     3.79313   0.0155502
          41     3.86643     3.79491   0.0152734
          42     3.79218     3.79485   0.0149099
          43     3.97942     3.79914   0.0151684
          44     3.86301     3.80059    0.014893
          45     3.57393     3.79556   0.0153902
          46     3.80779     3.79582    0.015058
          47     3.86938     3.79739   0.0148187
          48     3.87245     3.79895   0.0145922
          49     3.88392     3.80068   0.0143971
          50     3.84442     3.80156   0.0141357
           1     3.42458     3.42458           0
           2     3.46159     3.44309   0.0130843
           3     3.46418     3.45012   0.0104429
           4     3.51329     3.46591   0.0157602
           5      3.5693     3.48659    0.022384
           6     3.37956     3.46875   0.0247613
           7     3.39859     3.45873   0.0231638
           8     3.39862     3.45122   0.0214522
           9     3.54472     3.46161   0.0214373
          10     3.47656      3.4631   0.0193457
          11     3.57775     3.47352   0.0202005
          12     3.58742     3.48302   0.0206269
          13     3.54055     3.48744   0.0195093
          14     3.49465     3.48796   0.0181225
          15      3.4643     3.48638   0.0169829
          16     3.46016     3.48474   0.0160003
          17     3.40031     3.47977   0.0158111
          18     3.40551     3.47565   0.0154616
          19     3.66527     3.48563   0.0175761
          20     3.45268     3.48398   0.0167744
          21     3.45501      3.4826   0.0160322
          22     3.58605      3.4873   0.0159782
          23     3.45668     3.48597   0.0153388
          24     3.57266     3.48958   0.0151191
          25      3.4935     3.48974   0.0145151
          26     3.33835     3.48392   0.0150795
          27     3.40519       3.481   0.0148002
          28     3.47085     3.48064   0.0142761
          29     3.41133     3.47825   0.0139825
          30     3.47812     3.47825   0.0135164
          31     3.45098     3.47737   0.0131089
          32     3.47104     3.47717   0.0127008
          33     3.55996     3.47968   0.0125613
          34     3.36862     3.47641   0.0126093
          35     3.43453     3.47521   0.0123057
          36      3.5619     3.47762   0.0121972
          37      3.5349     3.47917   0.0119653
          38     3.45366      3.4785   0.0116693
          39     3.44986     3.47776   0.0113931
          40     3.41857     3.47628    0.011204
          41     3.65396     3.48062    0.011739
          42     3.67107     3.48515   0.0123042
          43      3.5713     3.48716     0.01218
          44     3.34246     3.48387   0.0123392
          45     3.50056     3.48424   0.0120706
          46     3.46419      3.4838    0.011816
          47     3.41983     3.48244   0.0116428
          48     3.41981     3.48114   0.0114731
          49      3.5008     3.48154    0.011246
          50      3.7158     3.48622   0.0119572
           1     3.24108     3.24108           0
           2      3.2481     3.24459  0.00248053
           3     3.16534     3.21817    0.021633
           4     3.38676     3.26032   0.0399442
           5     3.15983     3.24022   0.0366642
           6     3.17188     3.22883   0.0322743
           7     3.06242     3.20506   0.0353514
           8     3.09838     3.19172   0.0333525
           9     3.22552     3.19548   0.0298573
          10     3.27057     3.20299   0.0277998
          11     3.12971     3.19633   0.0260584
          12     3.26762     3.20227   0.0245548
          13     3.19122     3.20142   0.0226806
          14     3.15054     3.19778   0.0213497
          15     3.25538     3.20162   0.0202688
          16     3.24841     3.20455   0.0192118
          17     3.26081     3.20786   0.0183645
          18     3.15248     3.20478      0.0176
          19     3.27062     3.20825   0.0170115
          20      3.2667     3.21117     0.01641
          21     3.22623     3.21189   0.0156443
          22     3.30288     3.21602   0.0154703
          23     3.27205     3.21846   0.0149882
          24     3.23215     3.21903   0.0143746
          25     3.22321      3.2192   0.0138005
          26     3.25289     3.22049   0.0133305
          27      3.2229     3.22058    0.012837
          28      3.1781     3.21906   0.0124679
          29     3.19634     3.21828   0.0120626
          30     3.36878      3.2233   0.0126607
          31     3.15994     3.22125   0.0124162
          32       3.351     3.22531   0.0126729
          33     3.29437      3.2274   0.0124605
          34     3.27915     3.22892   0.0121866
          35     3.23383     3.22906   0.0118392
          36     3.18593     3.22786   0.0115708
          37     3.29336     3.22963   0.0113927
          38     3.28594     3.23112   0.0111888
          39     3.25006      3.2316   0.0109125
          40      3.1859     3.23046   0.0106993
          41      3.2739     3.23152   0.0104907
          42      3.4689     3.23717   0.0116644
          43     3.29694     3.23856   0.0114757
          44     3.05879     3.23447     0.01192
          45     3.27602      3.2354   0.0116908
          46     3.25221     3.23576   0.0114424
          47     3.28095     3.23672   0.0112392
          48     3.32443     3.23855   0.0111526
          49     3.22238     3.23822   0.0109299
          50     3.25558     3.23857   0.0107168
           1      3.1137      3.1137           0
           2      3.1667      3.1402   0.0187355
           3     3.07203     3.11748   0.0223656
           4     3.18331     3.13394   0.0220123
           5     3.04225      3.1156   0.0240649
           6     3.05894     3.10615   0.0218286
           7     2.85629     3.07046   0.0379763
           8     3.02878     3.06525   0.0335847
           9     2.92222     3.04936   0.0334024
          10     2.99806     3.04423   0.0304534
          11     3.00404     3.04057   0.0279032
          12     3.07757     3.04366   0.0257477
          13     2.88414     3.03139   0.0265305
          14     2.99448     3.02875   0.0247661
          15     3.01976     3.02815   0.0231222
          16      3.0083     3.02691   0.0217103
          17     3.08885     3.03055   0.0207367
          18     2.94063     3.02556   0.0201775
          19     3.21046     3.03529   0.0213337
          20     2.98365     3.03271   0.0204227
          21     3.02425     3.03231   0.0194541
          22     3.02928     3.03217   0.0185704
          23     3.07112     3.03386     0.01784
          24     3.07208     3.03545   0.0171676
          25     2.95846     3.03237   0.0167548
          26     2.99399      3.0309   0.0161753
          27     3.01575     3.03034    0.015586
          28     2.92009      3.0264   0.0155187
          29     3.07952     3.02823   0.0150913
          30     2.98904     3.02692   0.0146447
          31     2.98317     3.02551   0.0142401
          32      3.0159     3.02521   0.0137983
          33     3.12642     3.02828   0.0137167
          34      3.1214     3.03102    0.013584
          35      3.1426     3.03421   0.0135648
          36     3.11591     3.03648   0.0133765
          37     2.97573     3.03483   0.0131154
          38     3.09835     3.03651   0.0128763
          39     3.14307     3.03924   0.0128328
          40     3.02417     3.03886   0.0125175
          41     3.01382     3.03825   0.0122271
          42     2.99466     3.03721     0.01198
          43     2.92886     3.03469   0.0119634
          44     3.05444     3.03514   0.0116999
          45     3.09456     3.03646   0.0115142
          46     2.98674     3.03538   0.0113145
          47     3.06765     3.03607   0.0110946
          48     3.12302     3.03788   0.0110104
          49     2.90689     3.03521   0.0111055
          50     3.06927     3.03589   0.0109042
           1     2.88149     2.88149           0
           2     3.03477     2.95813   0.0541927
           3     2.82134     2.91253   0.0518766
           4     2.91419     2.91295   0.0389091
           5     2.84685     2.89973   0.0332975
           6     2.79028     2.88149    0.032361
           7     2.75519     2.86344   0.0323792
           8      2.9765     2.87758   0.0312642
           9     2.82038     2.87122   0.0284289
          10     2.86779     2.87088   0.0255881
          11     2.87161     2.87095    0.023262
          12     2.90776     2.87401   0.0215248
          13     2.92715      2.8781   0.0202535
          14     2.88198     2.87838   0.0188087
          15     2.79081     2.87254   0.0184386
          16     2.91383     2.87512   0.0174658
          17      2.8016      2.8708   0.0169654
          18     2.89094     2.87192   0.0160598
          19     2.92586     2.87475   0.0154635
          20     3.00023     2.88103   0.0159122
          21     2.88953     2.88143   0.0151596
          22     3.00627     2.88711   0.0154962
          23     2.90269     2.88779   0.0148373
          24     2.77019     2.88289   0.0150063
          25     2.82538     2.88059   0.0145812
          26     2.84484     2.87921   0.0140851
          27      2.9111     2.88039   0.0136128
          28     2.78702     2.87706   0.0135289
          29     2.82285     2.87519   0.0131909
          30     2.84215     2.87409   0.0127971
          31     2.81776     2.87227   0.0125126
          32     2.85586     2.87176   0.0121321
          33     2.94807     2.87407   0.0119828
          34     2.77275     2.87109   0.0119952
          35     2.89775     2.87185   0.0116767
          36     2.82317      2.8705   0.0114303
          37     2.82263     2.86921   0.0111944
          38     2.91137     2.87031   0.0109546
          39     2.79786     2.86846   0.0108302
          40     2.81564     2.86714   0.0106396
          41     2.79891     2.86547   0.0105094
          42     2.79553     2.86381   0.0103903
          43     2.86019     2.86372    0.010149
          44      2.9057     2.86468  0.00996307
          45     2.83338     2.86398  0.00976591
          46     2.83851     2.86343  0.00956929
          47     2.78839     2.86183  0.00949793
          48     2.83908     2.86136  0.00931188
          49     2.92518     2.86266   0.0092125
          50     2.82472      2.8619  0.00905944
           1     2.68231     2.68231           0
           2       2.691     2.68666  0.00307167
           3     2.75969       2.711    0.019982
           4     2.68135     2.70359   0.0163033
           5     2.73956     2.71078   0.0145437
           6     2.65366     2.70126   0.0149134
           7     2.59934      2.6867   0.0185778
           8     2.66772     2.68433   0.0164064
           9     2.74806     2.69141   0.0160392
          10     2.88574     2.71084   0.0234145
          11     2.67146     2.70726   0.0215578
          12     2.74164     2.71013   0.0199508
          13     2.69828     2.70922   0.0184369
          14     2.67443     2.70673   0.0172866
          15     2.61214     2.70043    0.017246
          16     2.83036     2.70855   0.0179787
          17     2.72297      2.7094   0.0169411
          18     2.76106     2.71227   0.0162413
          19     2.75008     2.71426    0.015508
          20     2.72469     2.71478   0.0147414
          21     2.70928     2.71452   0.0140417
          22     2.79003     2.71795   0.0138166
          23     2.70507     2.71739   0.0132273
          24     2.69727     2.71655   0.0127026
          25     2.69782      2.7158   0.0122166
          26     2.61723     2.71201   0.0123209
          27      2.8189     2.71597   0.0124844
          28     2.69884     2.71536   0.0120535
          29      2.7883     2.71787   0.0118974
          30     2.71227     2.71769   0.0115023
          31     2.78163     2.71975   0.0113147
          32      2.6612     2.71792   0.0111081
          33     2.69927     2.71735   0.0107858
          34     2.73865     2.71798   0.0104868
          35     2.80803     2.72055    0.010498
          36     2.75164     2.72142   0.0102419
          37     2.56242     2.71712   0.0108292
          38     2.71205     2.71699    0.010545
          39     2.85428     2.72051   0.0108463
          40     2.73451     2.72086   0.0105808
          41     2.65102     2.71915    0.010459
          42     2.68922     2.71844   0.0102342
          43      2.6555     2.71698   0.0101003
          44     2.68872     2.71633  0.00989117
          45      2.6864     2.71567   0.0096937
          46     2.72277     2.71582   0.0094842
          47     2.87238     2.71915  0.00984997
          48     2.62694     2.71723  0.00983031
          49     2.73902     2.71768  0.00963975
          50     2.74663     2.71826  0.00946433
