           1    -0.17336    -0.17336           0
           2   -0.807968   -0.490664    0.224368
           3   -0.173588   -0.384972    0.172687
           4    0.321588   -0.208332    0.200438
           5    -0.06944   -0.180554    0.162264
           6    0.200528    -0.11704    0.147126
           7   -0.414228   -0.159495    0.132092
           8    0.770464  -0.0432505     0.15869
           9     0.13794  -0.0231182    0.142329
          10    0.602084    0.039402    0.141162
          11    0.072128   0.0423771     0.12836
          12    0.371136   0.0697737    0.120552
          13     0.68866     0.11738    0.120312
          14   -0.435728   0.0778726    0.118027
          15   -0.243012   0.0564803     0.11208
          16   -0.251956    0.037203     0.10672
          17   -0.432624  0.00956612    0.103959
          18    0.250356   0.0229433   0.0990408
          19    0.655912   0.0562575    0.099273
          20    0.546284   0.0807588    0.097286
          21   -0.323016   0.0615314   0.0945342
          22    0.306108   0.0726485   0.0908886
          23    0.380996    0.086055   0.0879201
          24   -0.885144   0.0455883   0.0931049
          25    -0.40134   0.0277112   0.0910808
          26   -0.028576   0.0255463   0.0876034
          27    0.470472    0.042025   0.0858947
          28    0.414228    0.055318   0.0838494
          29      0.0279   0.0543726   0.0809633
          30    0.743124   0.0773309   0.0814546
          31    -0.55252   0.0570132   0.0813216
          32    0.078616   0.0576882   0.0787831
          33   -0.310392   0.0465343   0.0771813
          34   -0.359328   0.0345972   0.0758287
          35   -0.496404   0.0194257   0.0751646
          36    0.259228   0.0260869   0.0733713
          37   -0.439128   0.0135135   0.0724576
          38    0.412076    0.024002   0.0713059
          39   -0.204608   0.0181402    0.069718
          40    -0.28166   0.0106452   0.0683768
          41    0.178984    0.014751   0.0668322
          42   -0.015376   0.0140337   0.0652448
          43    0.003144   0.0137805    0.063728
          44   -0.043744   0.0124731    0.062293
          45    0.773092   0.0293757   0.0631603
          46   -0.600528   0.0156822   0.0632543
          47    0.146392   0.0184632   0.0619695
          48     0.77382   0.0341998   0.0626447
          49     0.18466   0.0372704   0.0614415
          50     0.55546   0.0476342   0.0610805
           1   -0.138008   -0.138008           0
           2      0.0339   -0.052054   0.0607787
           3     -0.1883  -0.0974693   0.0549257
           4    0.187156   -0.026313   0.0741241
           5    0.045744  -0.0119016   0.0606841
           6    0.340604   0.0468493   0.0737138
           7    0.027496   0.0440846   0.0632351
           8    0.125216    0.054226    0.056138
           9   -0.021196   0.0458458   0.0505221
          10     0.36574   0.0778352   0.0546672
          11   -0.112544    0.060528   0.0523655
          12    0.079864   0.0621393   0.0480265
          13    0.022384   0.0590812   0.0444294
          14    -0.26252   0.0361097   0.0468193
          15   -0.407488  0.00653653    0.052209
          16   -0.222856  -0.0078005   0.0508764
          17   -0.196276  -0.0188873   0.0490768
          18    0.449956  0.00715956   0.0528119
          19    0.382784   0.0269293   0.0536051
          20    0.040144     0.02759   0.0509289
          21   -0.037828   0.0244749   0.0485989
          22    0.079436   0.0269731    0.046454
          23   -0.096864   0.0215889   0.0447452
          24   -0.073704   0.0176183   0.0430567
          25      0.0842   0.0202816   0.0414167
          26   -0.224048   0.0108843   0.0408759
          27    0.302056   0.0216684   0.0407598
          28    0.022208   0.0216877   0.0393041
          29   -0.019072   0.0202822   0.0379739
          30    0.347952   0.0312045   0.0382466
          31   -0.225984   0.0229081    0.037902
          32   -0.128452   0.0181781   0.0370115
          33    0.107948   0.0208984   0.0359898
          34   -0.008884   0.0200225   0.0349419
          35   -0.293684   0.0110594   0.0350743
          36   -0.197104  0.00527711   0.0345734
          37    -0.09434  0.00258476   0.0337436
          38     0.04456  0.00368937   0.0328737
          39   -0.215044 -0.00191918   0.0325057
          40   -0.037568  -0.0028104   0.0317053
          41     0.16672  0.00132449   0.0312005
          42    0.167984  0.00529257   0.0307089
          43    0.131036  0.00821684   0.0301336
          44    0.092616    0.010135   0.0295098
          45    0.046056   0.0109332   0.0288648
          46    -0.38822    0.002256   0.0295127
          47   -0.008644  0.00202409   0.0288857
          48     0.30484  0.00833275   0.0289647
          49    0.162552   0.0114801    0.028544
          50   -0.127704   0.0086964   0.0281086
           1   -0.033996   -0.033996           0
           2    0.029316    -0.00234   0.0223842
           3   -0.092688   -0.032456   0.0287635
           4    0.003072   -0.023574    0.022903
           5   -0.008884   -0.020636   0.0185098
           6    0.033888  -0.0115487   0.0175141
           7   -0.096692   -0.023712   0.0187663
           8   -0.010924  -0.0221135   0.0164884
           9   -0.072984  -0.0277658   0.0155951
          10    0.104148  -0.0145744   0.0188045
          11   -0.084944  -0.0209716   0.0181506
          12   -0.054056  -0.0237287   0.0168461
          13    0.002884  -0.0216815   0.0156742
          14    -0.11122  -0.0280771   0.0158056
          15   -0.201468  -0.0396365   0.0185022
          16   -0.095256  -0.0431127   0.0176693
          17   -0.026536  -0.0421376   0.0166568
          18     0.18126  -0.0297267   0.0198231
          19     0.04366  -0.0258642   0.0191523
          20   -0.116864  -0.0304142   0.0187274
          21   -0.023388  -0.0300796   0.0178386
          22    0.010472  -0.0282364   0.0171227
          23     0.18744  -0.0188591   0.0187712
          24    -0.06638  -0.0208392   0.0180932
          25   -0.048076  -0.0219286   0.0174022
          26    0.045476  -0.0193362   0.0169249
          27   -0.025072  -0.0195486   0.0162994
          28   -0.124964  -0.0233134   0.0161462
          29     0.10776  -0.0187937   0.0162097
          30   -0.041244   -0.019542   0.0156867
          31     -0.0523  -0.0205987   0.0152162
          32   -0.048372  -0.0214666   0.0147654
          33   -0.111076  -0.0241821   0.0145655
          34   -0.081172  -0.0258582   0.0142332
          35   -0.106304  -0.0281567   0.0140109
          36   -0.071944   -0.029373   0.0136744
          37    0.168376  -0.0240284   0.0143112
          38    0.032856  -0.0225315   0.0140127
          39   -0.104896  -0.0246434   0.0138116
          40   -0.097428   -0.026463   0.0135857
          41    0.266032   -0.019329    0.015011
          42     -0.0138  -0.0191973   0.0146542
          43    0.103532  -0.0163432   0.0145887
          44    0.067604  -0.0144353   0.0143813
          45    0.052404    -0.01295   0.0141382
          46    -0.19154  -0.0168323    0.014354
          47    0.025272  -0.0159365   0.0140766
          48    0.174692  -0.0119651   0.0143326
          49    0.031952  -0.0110688   0.0140681
          50   -0.054704  -0.0119415   0.0138138
           1    -0.04072    -0.04072           0
           2    0.005196   -0.017762   0.0162338
           3   -0.064028   -0.033184   0.0166038
           4   -0.053268   -0.038205   0.0131902
           5   -0.054072  -0.0413784   0.0109272
           6    0.085664  -0.0202047   0.0213665
           7   -0.020324  -0.0202217   0.0183141
           8   -0.049156  -0.0238385   0.0163781
           9   -0.060252  -0.0278844   0.0150497
          10    0.113124  -0.0137836   0.0190371
          11      0.0553 -0.00750327   0.0183131
          12   -0.016456 -0.00824933   0.0168022
          13     0.05316 -0.00352554   0.0161601
          14    -0.08142 -0.00908943   0.0159349
          15    -0.04276  -0.0113341   0.0150298
          16   -0.124068    -0.01838   0.0156551
          17    0.032772  -0.0153711   0.0150206
          18    0.028728  -0.0129211   0.0143845
          19     0.06802 -0.00866105   0.0142443
          20      0.0041   -0.008023   0.0135464
          21    0.002336 -0.00752971   0.0129103
          22    0.009444 -0.00675818   0.0123465
          23    0.062436 -0.00374974   0.0121707
          24   -0.026808  -0.0047105   0.0117015
          25    -0.05628 -0.00677328   0.0114138
          26    0.011508 -0.00607015   0.0109964
          27   -0.031616  -0.0070163   0.0106298
          28     -0.0532 -0.00866571   0.0103773
          29     0.00726 -0.00811655    0.010034
          30   -0.008556  -0.0081312  0.00969954
          31   -0.081904   -0.010511  0.00967418
          32   -0.008372  -0.0104441  0.00937209
          33   -0.055444  -0.0118078  0.00918676
          34   -0.038224  -0.0125847  0.00894935
          35    -0.09482  -0.0149343   0.0089968
          36   -0.015008  -0.0149363  0.00874689
          37     0.00178  -0.0144845  0.00852215
          38    0.076796  -0.0120824  0.00862979
          39   -0.067476  -0.0135028  0.00852459
          40     -0.0582  -0.0146202   0.0083844
          41    0.070588   -0.012542  0.00843354
          42    0.022152  -0.0117159  0.00827309
          43    0.065156 -0.00992819  0.00827159
          44    0.028708 -0.00905009  0.00813008
          45    -3.2e-05 -0.00884969  0.00795188
          46   -0.060816 -0.00997939  0.00785885
          47    0.009272 -0.00956979  0.00770231
          48    0.067972 -0.00795433  0.00770939
          49   -0.024576 -0.00829355  0.00755951
          50   -0.015744 -0.00844256  0.00740979
           1   -0.002808   -0.002808           0
           2   -0.029496   -0.016152  0.00943563
           3    -0.04222  -0.0248413  0.00948186
           4    0.011176   -0.015837   0.0105537
           5    -0.08758  -0.0301856   0.0153619
           6     0.02838  -0.0204247   0.0155974
           7   -0.043168  -0.0236737   0.0137034
           8   -0.007096  -0.0216015   0.0121461
           9   -0.055768  -0.0253978   0.0113744
          10    0.099324  -0.0129256   0.0156459
          11    0.025304 -0.00945018   0.0146045
          12   -0.014548   -0.009875   0.0133936
          13     -0.0053 -0.00952308   0.0123679
          14   -0.014848 -0.00990343   0.0114904
          15    0.039868 -0.00658533   0.0111932
          16   -0.026312 -0.00781825   0.0105613
          17   -0.007328 -0.00778941  0.00994007
          18   -0.000144 -0.00736467  0.00939692
          19    0.024428 -0.00569137   0.0090501
          20    0.009284  -0.0049426  0.00862851
          21     0.00248 -0.00458914  0.00822487
          22    0.013348 -0.00377382  0.00789132
          23    0.027056 -0.00243339  0.00766121
          24   -0.037324 -0.00388717  0.00747866
          25     0.01262 -0.00322688   0.0072086
          26   -0.018188 -0.00380231  0.00695428
          27    -0.05104 -0.00555185  0.00691328
          28   -0.016308   -0.005936  0.00667704
          29    -0.03964 -0.00709821  0.00654717
          30   -0.006808 -0.00708853  0.00632893
          31   -0.056016 -0.00866684  0.00631851
          32    0.029948 -0.00746012  0.00623522
          33   -0.096488  -0.0101579  0.00660417
          34     0.00812 -0.00962035  0.00643177
          35    -0.02212 -0.00997749  0.00625792
          36    0.036408   -0.008689  0.00621532
          37   -0.031456 -0.00930432  0.00607772
          38    0.026812 -0.00835389  0.00599163
          39    -0.06298 -0.00975456  0.00599948
          40   -0.014732   -0.009879  0.00585079
          41    0.027696 -0.00896254  0.00577942
          42     0.03334 -0.00795533   0.0057289
          43    0.034456 -0.00696902  0.00567994
          44    0.060036 -0.00544618  0.00575138
          45    0.003872 -0.00523911  0.00562729
          46   -0.086824  -0.0070127   0.0057777
          47    -0.04942 -0.00791498  0.00572479
          48    0.061588   -0.006467  0.00578575
          49    0.011296 -0.00610449  0.00567901
          50   -0.007652 -0.00613544  0.00556552
           1     0.00208     0.00208           0
           2   -0.009532   -0.003726  0.00410546
           3   -0.034928  -0.0141267  0.00892227
           4    0.004328   -0.009513   0.0077938
           5   -0.062856  -0.0201816   0.0113987
           6    0.013252  -0.0146093   0.0107752
           7    0.005476    -0.01174  0.00961033
           8    0.019964   -0.007777   0.0091899
           9   -0.041356   -0.011508  0.00889398
          10    0.044896  -0.0058676   0.0096284
          11    0.026512   -0.002924  0.00919204
          12    -0.00892 -0.00342367  0.00843961
          13   -0.005004 -0.00354523  0.00779128
          14   -0.001764   -0.003418   0.0072358
          15   -0.009752 -0.00384027  0.00676573
          16    0.001928 -0.00347975  0.00635247
          17   -0.029008 -0.00498141  0.00615372
          18     -0.0141   -0.005488  0.00583266
          19    0.027204 -0.00376737   0.0057739
          20     0.01234   -0.002962  0.00554109
          21    0.021676 -0.00178876      0.0054
          22     0.01174 -0.00117382  0.00518945
          23   -0.007824 -0.00146296  0.00497187
          24   -0.015388 -0.00204317  0.00479844
          25   -0.023176 -0.00288848  0.00468037
          26    0.026784 -0.00174723  0.00463741
          27    -0.00322 -0.00180178  0.00446597
          28      -0.022 -0.00252314  0.00436434
          29    -0.03414 -0.00361338  0.00434789
          30   -0.011028 -0.00386053  0.00420998
          31   -0.028464 -0.00465419  0.00414831
          32    0.021912   -0.003824   0.0041009
          33   -0.050152 -0.00522788  0.00421008
          34     0.03102 -0.00416176  0.00421908
          35      -0.049 -0.00544286  0.00428862
          36    0.012028 -0.00495756  0.00419687
          37    0.002896  -0.0047453   0.0040888
          38   -0.008348 -0.00484011   0.0039823
          39   -0.076292 -0.00667221  0.00428093
          40    0.024848  -0.0058842  0.00424582
          41   -0.000196 -0.00574546  0.00414453
          42    0.039468 -0.00466895  0.00418332
          43    0.046736 -0.00347349  0.00425342
          44    0.012716 -0.00310555  0.00417263
          45   -0.013916 -0.00334578  0.00408682
          46    -0.05508 -0.00447043  0.00414984
          47   -0.010952 -0.00460834  0.00406383
          48    0.025476 -0.00398158  0.00402721
          49   -0.006772 -0.00403853  0.00394543
          50   -0.030888 -0.00457552  0.00390289
           1     0.00528     0.00528           0
           2    -0.02634    -0.01053   0.0111794
           3   -0.014448   -0.011836   0.0075288
           4   -0.002676   -0.009546  0.00598475
           5   -0.023808  -0.0123984  0.00542512
           6    0.011456 -0.00842267  0.00579749
           7   -0.023536  -0.0105817  0.00535624
           8    0.013992    -0.00751  0.00549738
           9   -0.004024 -0.00712267  0.00490019
          10    0.029076  -0.0035028  0.00558952
          11    0.020276 -0.00134109  0.00548348
          12   -0.004628   -0.001615  0.00503336
          13    -0.01052     -0.0023  0.00469256
          14   -0.004232   -0.002438  0.00435941
          15   -0.013828 -0.00319733  0.00413438
          16   -0.009228 -0.00357425  0.00389313
          17    -0.00196 -0.00347929  0.00366528
          18    -0.00094 -0.00333822  0.00346436
          19    0.015544 -0.00234442   0.0034216
          20    0.005584   -0.001948  0.00327341
          21    0.028572-0.000494667    0.003425
          22     0.01866    0.000376  0.00337817
          23    0.011984 0.000880696  0.00326877
          24   -0.014236 0.000250833  0.00319268
          25   -0.027088 -0.00084272  0.00324686
          26    0.008928-0.000466923  0.00314365
          27   -0.003744-0.000588296  0.00302956
          28   -0.015688 -0.00112757  0.00296897
          29   -0.019012 -0.00174428  0.00292995
          30    0.004192  -0.0015464  0.00283895
          31   -0.023932 -0.00226852  0.00283773
          32   -0.006064 -0.00238712  0.00275153
          33   -0.045712     -0.0037  0.00296486
          34    0.015748   -0.003128  0.00293232
          35   -0.058708   -0.004716  0.00325021
          36     0.01172 -0.00425944  0.00319183
          37    0.002832 -0.00406778  0.00311132
          38    0.012524 -0.00363116  0.00305992
          39     -0.0531 -0.00489959   0.0032337
          40    0.029504  -0.0040395  0.00326523
          41    0.008864 -0.00372478  0.00320072
          42    0.026988 -0.00299352  0.00320696
          43    0.021944 -0.00241358  0.00318439
          44   -0.001244   -0.002387  0.00311213
          45   -0.017604 -0.00272516  0.00306128
          46   -0.052404 -0.00380513  0.00317953
          47   -0.016964 -0.00408511  0.00312419
          48     0.03096   -0.003355  0.00314325
          49    -0.02082 -0.00371143  0.00309925
          50   -0.038204 -0.00440128  0.00311309
           1   -0.009628   -0.009628           0
           2    -0.01694   -0.013284  0.00258518
           3    0.003204   -0.007788  0.00480704
           4   -0.013856   -0.009305  0.00383719
           5   -0.001248  -0.0076936  0.00339126
           6   -0.001068 -0.00658933  0.00300046
           7    -0.01514 -0.00781086  0.00280949
           8   -0.012892   -0.008446  0.00252908
           9    0.007988    -0.00662  0.00283154
          10    0.013832  -0.0045748  0.00320294
          11     0.02488 -0.00189709  0.00387255
          12    0.010112-0.000896333  0.00367688
          13    0.000288-0.000805231  0.00339517
          14    -0.00954 -0.00142914  0.00320947
          15   -0.001944 -0.00146347  0.00299569
          16   -0.023412 -0.00283525  0.00310671
          17    0.009524 -0.00210824  0.00300782
          18    0.004012 -0.00176822  0.00285987
          19       0.011 -0.00109621  0.00278719
          20    0.001884  -0.0009472  0.00265181
          21    0.016576-0.000112762  0.00265357
          22    0.026412  0.00109291  0.00279346
          23    0.005436  0.00128174  0.00267838
          24   -0.016216 0.000552667  0.00266417
          25    0.000104  0.00053472  0.00255766
          26    0.011116 0.000941692  0.00249146
          27    0.011112  0.00131837  0.00242749
          28     -0.0112 0.000871286  0.00238161
          29   -0.002756 0.000746207  0.00230276
          30   -0.014428   0.0002404  0.00228088
          31   -0.028132-0.000674839  0.00238387
          32    0.003076-0.000557625  0.00231225
          33   -0.029228 -0.00142642  0.00239986
          34      0.0259-0.000622706  0.00246018
          35   -0.021568 -0.00122114   0.0024616
          36    0.007136   -0.000989  0.00240414
          37   -0.003612 -0.00105989  0.00234021
          38   -0.009896 -0.00129242  0.00229015
          39   -0.037924 -0.00223169  0.00241638
          40    0.018812  -0.0017056  0.00241256
          41    0.018628 -0.00120966  0.00240415
          42    0.030492-0.000454857  0.00246255
          43     0.00244-0.000387535   0.0024062
          44     0.00142-0.000346455  0.00235186
          45   -0.017592-0.000729689  0.00233061
          46    -0.03592  -0.0014947  0.00240222
          47   -0.021672   -0.001924  0.00238917
          48    0.027824 -0.00130425  0.00241844
          49   -0.021576 -0.00171796  0.00240421
          50   -0.024752 -0.00217864  0.00239985
           1   -0.022756   -0.022756           0
           2   -0.011596   -0.017176  0.00394566
           3     0.01858 -0.00525733   0.0100808
           4   -0.000964   -0.004184  0.00761752
           5    0.006756   -0.001996  0.00640054
           6   -0.004232 -0.00236867  0.00534462
           7   -0.005224 -0.00277657  0.00459664
           8    0.000928  -0.0023135  0.00404532
           9    0.002188 -0.00181333  0.00362663
          10    0.024236   0.0007916  0.00409397
          11     0.00446  0.00112509  0.00373535
          12     0.01346    0.002153  0.00356269
          13   -0.001496  0.00187231  0.00329968
          14   -0.018564 0.000412571  0.00337145
          15    0.003276 0.000603467  0.00315208
          16    -0.02568 -0.00103925  0.00335594
          17      0.0065-0.000595765   0.0031877
          18   -0.001184-0.000628444  0.00301078
          19     0.00666-0.000244842  0.00287665
          20    0.011604   0.0003476  0.00279315
          21    0.008212 0.000722095  0.00268514
          22     0.02096    0.001642  0.00271609
          23     0.00118  0.00162191  0.00259808
          24   -0.000596   0.0015295  0.00249147
          25   -0.007868   0.0011536     0.00242
          26     0.01748  0.00178154  0.00240701
          27    0.003232  0.00183526  0.00231846
          28    -0.01412  0.00126543  0.00230462
          29   -0.003004  0.00111821  0.00222985
          30   -0.010596 0.000727733  0.00218944
          31   -0.009508 0.000397548  0.00214357
          32   -0.003768 0.000267375  0.00208053
          33     -0.0019 0.000201697  0.00201852
          34    0.022716 0.000863882  0.00206491
          35    -0.01396 0.000440343  0.00204889
          36   -0.005796 0.000267111  0.00199929
          37   -0.011072-3.93514e-05   0.0019686
          38   -0.010532-0.000315474  0.00193607
          39    -0.02292-0.000895077  0.00197127
          40    0.024544  -0.0002591  0.00202198
          41    0.005344-0.000122439  0.00197728
          42    0.001692-7.92381e-05  0.00193067
          43   -0.015512 -0.00043814  0.00191884
          44   -0.002744-0.000490545  0.00187595
          45   -0.009968-0.000701156  0.00184604
          46   -0.022268    -0.00117   0.0018645
          47   -0.027404 -0.00172817  0.00190655
          48     0.02826 -0.00110342  0.00196653
          49   -0.020472 -0.00149869  0.00196572
          50   -0.032008 -0.00210888  0.00201889
           1   -0.016688   -0.016688           0
           2   -0.018712     -0.0177 0.000715592
           3    0.000968  -0.0114773  0.00510313
           4   -0.003124   -0.009389  0.00423314
           5   -0.000844    -0.00768  0.00371551
           6   -0.008916   -0.007886  0.00310196
           7   -0.004964 -0.00746857  0.00268676
           8    0.003496   -0.006098  0.00267777
           9    0.002564 -0.00513556  0.00254734
          10    0.025396  -0.0020824    0.003694
          11   -0.001524 -0.00203164  0.00335853
          12    0.010084   -0.001022  0.00322684
          13    0.006612-0.000434769  0.00303159
          14   -0.012368 -0.00128714  0.00293243
          15    0.001648 -0.00109147  0.00274345
          16    -0.02374   -0.002507  0.00291438
          17    0.003756 -0.00213859  0.00276613
          18    0.011112 -0.00140244  0.00270864
          19   -0.001884 -0.00142779   0.0025662
          20    0.010624  -0.0008252  0.00250764
          21     0.00546-0.000525905  0.00240603
          22    0.019748 0.000395636  0.00246684
          23     0.00688 0.000677565  0.00237564
          24   -0.004092 0.000478833  0.00228495
          25    -0.00212  0.00037488  0.00219592
          26    0.014692 0.000925538  0.00217941
          27    0.001392 0.000942815  0.00209876
          28   -0.006324 0.000683286  0.00203979
          29   -0.007148 0.000413241  0.00198724
          30    0.004964 0.000564933  0.00192678
          31    0.001284 0.000588129  0.00186477
          32    0.000772 0.000593875   0.0018065
          33   -0.000856 0.000549939  0.00175229
          34    0.012836 0.000911294  0.00173762
          35   -0.014676 0.000465943  0.00174411
          36    -0.01322 8.57778e-05   0.0017366
          37   -0.008384-0.000143135  0.00170468
          38   -0.010748-0.000422211  0.00168251
          39   -0.020732-0.000942974  0.00171807
          40    0.017184  -0.0004898  0.00173386
          41     0.00944 -0.00024761   0.0017084
          42    0.008472      -4e-05  0.00168029
          43   -0.008612-0.000239349    0.001653
          44    0.002712-0.000172273  0.00161679
          45   -0.012648-0.000449511  0.00160446
          46    -0.02858 -0.00106104  0.00168209
          47   -0.028868 -0.00165268  0.00174725
          48    0.028524   -0.001024  0.00182044
          49   -0.011312 -0.00123396  0.00179536
          50   -0.025724 -0.00172376  0.00182504
           1   -0.013816   -0.013816           0
           2    -0.01204   -0.012928 0.000627911
           3     0.01046   -0.005132  0.00637916
           4   -0.001336   -0.004183  0.00485444
           5    -0.00904  -0.0051544  0.00397956
           6   -0.008932   -0.005784  0.00336574
           7    0.004644 -0.00429429  0.00319765
           8    0.004484   -0.003197  0.00298027
           9   -0.005512 -0.00345422  0.00266021
          10    0.021656  -0.0009432   0.0033774
          11    0.000248-0.000834909   0.0030721
          12    0.002832-0.000529333  0.00283125
          13    0.013656 0.000561846  0.00281589
          14   -0.013292-0.000427714  0.00278321
          15    0.004252-0.000115733  0.00261509
          16   -0.020036 -0.00136075  0.00273199
          17    0.009352-0.000730588  0.00264296
          18     0.00128-0.000618889  0.00249849
          19   -0.000516-0.000613474  0.00236699
          20    0.009544  -0.0001056  0.00230249
          21    0.000204-9.08571e-05  0.00219289
          22    0.014744 0.000583455  0.00219444
          23    0.001312  0.00061513  0.00209926
          24    0.000188 0.000597333  0.00201187
          25   -0.000844  0.00053968  0.00193222
          26    0.012528  0.00100077  0.00191212
          27    0.004156  0.00111763  0.00184487
          28   -0.002752 0.000979429  0.00178415
          29   -0.000912 0.000914207  0.00172382
          30    0.006924  0.00111453  0.00167796
          31     0.00866  0.00135794  0.00164139
          32     0.00508  0.00147425  0.00159421
          33    -0.00562  0.00125927  0.00156033
          34    0.007484  0.00144235  0.00152514
          35   -0.021908   0.0007752  0.00162093
          36   -0.006476 0.000573778  0.00158837
          37   -0.012704 0.000214919  0.00158546
          38   -0.011524    -9.4e-05  0.00157355
          39   -0.018344-0.000561949  0.00160127
          40    0.012304  -0.0002403  0.00159322
          41     0.00992  7.5122e-06  0.00157351
          42    0.013488 0.000328476  0.00156844
          43    0.001768 0.000361953  0.00153232
          44    0.008884 0.000555636  0.00150969
          45   -0.003412 0.000467467  0.00147871
          46   -0.026764-0.000124522  0.00156057
          47   -0.028756-0.000733702  0.00164197
          48    0.016396-0.000376833  0.00164608
          49   -0.000252-0.000374286  0.00161249
          50   -0.022268 -0.00081216  0.00163862
           1   -0.009748   -0.009748           0
           2   -0.011436   -0.010592 0.000596798
           3    0.008424 -0.00425333  0.00519077
           4   -0.001996   -0.003689  0.00392363
           5    0.003196   -0.002312  0.00337189
           6   -0.006424 -0.00299733  0.00287871
           7      0.0014 -0.00236914  0.00253508
           8    0.003636  -0.0016185  0.00232668
           9   -0.003848 -0.00186622   0.0020813
          10    0.020408   0.0003612  0.00282384
          11   -0.003452 1.45455e-05  0.00258831
          12    0.004276 0.000369667  0.00239686
          13    0.008216 0.000973231  0.00228722
          14    -0.00822 0.000316571   0.0022161
          15    0.001628    0.000404  0.00207009
          16   -0.020648 -0.00091175   0.0023215
          17    0.004008-0.000622353   0.0022029
          18   -0.004316-0.000827556  0.00209005
          19   -0.004004-0.000994737  0.00198673
          20    0.012156  -0.0003372  0.00199323
          21   -0.002352-0.000433143  0.00190062
          22    0.010204 5.03636e-05  0.00187472
          23     0.00838 0.000412522  0.00182786
          24    -0.00618 0.000137833  0.00177222
          25   -0.003764  -1.824e-05  0.00170819
          26    0.014604 0.000544154   0.0017326
          27    0.002364 0.000611556  0.00166974
          28   -0.000804    0.000561  0.00161087
          29     0.00346 0.000660966  0.00155842
          30     0.00236   0.0007176   0.0015075
          31    0.004744 0.000847484  0.00146446
          32   -0.003104    0.000724  0.00142389
          33     0.00058 0.000719636  0.00138075
          34    0.006412 0.000887059  0.00135025
          35     -0.0223 0.000224571  0.00146521
          36   -0.010464-7.23333e-05  0.00145428
          37     -0.0074-0.000270378  0.00142839
          38   -0.013584-0.000620737  0.00143313
          39   -0.015476 -0.00100164  0.00144612
          40      0.0111  -0.0006991  0.00144126
          41    0.002804-0.000613659  0.00140864
          42    0.017068-0.000192667  0.00143663
          43    0.003216-0.000113395  0.00140541
          44    0.006536 3.77273e-05  0.00138157
          45   -0.004212-5.67111e-05  0.00135409
          46    -0.01976-0.000485043  0.00139075
          47   -0.020012-0.000900511  0.00142187
          48    0.018504 -0.00049625  0.00144857
          49    0.007516-0.000332735  0.00142821
          50   -0.018632 -0.00069872  0.00144578
           1   -0.012136   -0.012136           0
           2   -0.011972   -0.012054 5.79828e-05
           3    0.011304   -0.004268  0.00635736
           4   -0.006976   -0.004945  0.00480393
           5     0.00478      -0.003  0.00421855
           6   -0.008896 -0.00398267  0.00362811
           7    -0.00324 -0.00387657  0.00311136
           8    0.000608   -0.003316  0.00277248
           9     -0.0102 -0.00408089  0.00256777
          10     0.01734  -0.0019388   0.0030774
          11    -0.00418 -0.00214255  0.00280437
          12      0.0071 -0.00137233  0.00267435
          13    0.007676-0.000676308   0.0025576
          14   -0.003024   -0.000844  0.00238041
          15    0.003932  -0.0005256  0.00224291
          16   -0.012296 -0.00126125  0.00222009
          17    0.008084-0.000711529  0.00215648
          18   -0.004148-0.000902444  0.00204511
          19   -0.001316-0.000924211  0.00193759
          20    0.009192  -0.0004184  0.00190559
          21    0.003912 -0.00021219  0.00182597
          22    0.003884    -2.6e-05  0.00175244
          23    0.006712 0.000266957  0.00170056
          24   -0.001056 0.000211833  0.00163059
          25    -0.00488    8.16e-06  0.00157804
          26    0.013932 0.000543692  0.00160565
          27    0.003516 0.000653778  0.00154995
          28   -0.001132     0.00059   0.0014959
          29    0.002104 0.000642207  0.00144523
          30    0.002944 0.000718933  0.00139909
          31    0.001916 0.000757548  0.00135449
          32   -0.000856 0.000707125   0.0013131
          33    0.001332 0.000726061  0.00127345
          34     0.00354 0.000808824  0.00123868
          35   -0.021476 0.000172114   0.0013571
          36   -0.011476-0.000151444  0.00135743
          37    -0.00318-0.000233297   0.0013232
          38   -0.008772   -0.000458  0.00130732
          39   -0.016156-0.000860513  0.00133433
          40    0.009688  -0.0005968  0.00132677
          41   -0.001216-0.000611902   0.0012945
          42     0.01526   -0.000234  0.00131769
          43    0.002212-0.000177116  0.00128827
          44   -0.001152-0.000199273  0.00125918
          45     -0.0021-0.000241511  0.00123191
          46   -0.016464-0.000594174  0.00125459
          47   -0.013504-0.000868851  0.00125761
          48     0.01502-0.000537833  0.00127423
          49    0.005668-0.000411184   0.0012545
          50    -0.01602 -0.00072336  0.00126766
           1   -0.007512   -0.007512           0
           2   -0.010272   -0.008892 0.000975807
           3    0.010904 -0.00229333  0.00542692
           4    -0.00378   -0.002665   0.0040829
           5     0.00498   -0.001136  0.00354106
           6   -0.009908   -0.002598  0.00323866
           7    -0.00384 -0.00277543  0.00278085
           8    0.001416  -0.0022515  0.00248211
           9   -0.004052 -0.00245156  0.00221437
          10    0.015268  -0.0006796  0.00260722
          11   -0.004108-0.000991273  0.00238876
          12    0.009868-8.63333e-05  0.00235488
          13    0.009832 0.000676615    0.002294
          14    0.000392 0.000656286  0.00213023
          15    0.005632    0.000988  0.00201388
          16   -0.011912  0.00018175  0.00204303
          17    0.001816 0.000277882  0.00192512
          18    0.001792    0.000362     0.00182
          19   -0.003816 0.000142105  0.00173745
          20    0.008464   0.0005582  0.00169967
          21    0.004672 0.000754095  0.00162998
          22     0.00224 0.000821636  0.00155729
          23     0.00378 0.000950261  0.00149488
          24   -0.000396 0.000894167  0.00143365
          25   -0.005092  0.00065472  0.00139616
          26    0.014056  0.00117015  0.00143445
          27    0.004716  0.00130148  0.00138732
          28      -0.003  0.00114786  0.00134625
          29    0.006828  0.00134372    0.001314
          30    0.000508  0.00131587   0.0012705
          31   -0.004372  0.00113239  0.00124269
          32   -0.000688   0.0010755  0.00120516
          33   -0.001496 0.000997576  0.00117115
          34     0.00642  0.00115706  0.00114752
          35   -0.015464 0.000682171  0.00120901
          36   -0.005368 0.000514111  0.00118705
          37   -0.004172 0.000387459   0.0011617
          38   -0.005944 0.000220842  0.00114302
          39     -0.0181-0.000248923  0.00120639
          40     0.00708   -6.57e-05  0.00119006
          41    -0.00414-0.000165073  0.00116517
          42    0.012628 0.000139524  0.00117657
          43    0.002056 0.000184093  0.00115005
          44    0.003656    0.000263  0.00112662
          45   -0.004688 0.000152978  0.00110694
          46   -0.013344-0.000140435  0.00112109
          47     -0.0108-0.000367234  0.00111994
          48    0.010472-0.000141417  0.00111915
          49    0.006964 3.59184e-06  0.00110566
          50   -0.009568 -0.00018784      0.0011
           1   -0.006884   -0.006884           0
           2   -0.009984   -0.008434  0.00109602
           3    0.006036 -0.00361067  0.00400544
           4   -0.005528    -0.00409  0.00303263
           5   -0.001992  -0.0036704  0.00245496
           6   -0.010232   -0.004764  0.00227639
           7    -0.00528 -0.00483771  0.00195238
           8   -0.003064   -0.004616  0.00172088
           9   -0.000144 -0.00411911   0.0015998
          10    0.015716  -0.0021356  0.00236938
          11   -0.002376 -0.00215745  0.00215408
          12      0.0092   -0.001211  0.00217257
          13    0.010292-0.000326154   0.0021782
          14   -0.000308-0.000324857  0.00202262
          15     0.00674 0.000146133  0.00194184
          16   -0.012556 -0.00064775   0.0019761
          17    0.001852-0.000500706  0.00186533
          18   -0.000308    -0.00049  0.00176173
          19   -0.005616-0.000759789  0.00168954
          20    0.009616   -0.000241  0.00168282
          21    0.004036-3.73333e-05  0.00161497
          22    0.002944 9.81818e-05  0.00154724
          23    0.002644  0.00020887  0.00148392
          24   -0.002384 0.000100833  0.00142602
          25   -0.008212 -0.00023168  0.00140721
          26    0.013512 0.000296923  0.00144897
          27     0.00622 0.000516296  0.00141181
          28   -0.002832 0.000396714  0.00136645
          29    0.004924 0.000552828  0.00132822
          30    0.002368 0.000613333  0.00128532
          31    -0.00202 0.000528387  0.00124666
          32   -0.002472 0.000434625  0.00121122
          33    0.002344 0.000492485   0.0011759
          34    0.004072 0.000597765  0.00114602
          35   -0.012288   0.0002296  0.00117092
          36   -0.008208-4.77778e-06  0.00116162
          37   -0.005488-0.000152973  0.00113963
          38   -0.005204-0.000285895  0.00111737
          39   -0.014976-0.000662564  0.00115046
          40    0.007092  -0.0004687  0.00113791
          41   -0.003752 -0.00054878  0.00111297
          42    0.010532-0.000284952   0.0011173
          43    0.002552-0.000218977  0.00109327
          44    0.001148-0.000187909  0.00106886
          45   -0.002556-0.000240533   0.0010464
          46   -0.013144-0.000521043  0.00106059
          47   -0.010636-0.000736255  0.00105963
          48    0.011696 -0.00047725  0.00106874
          49    0.005756-0.000350041  0.00105447
          50     0.00038 -0.00033544  0.00103349
           1   -0.006316   -0.006316           0
           2   -0.008536   -0.007426 0.000784889
           3    0.004744 -0.00336933  0.00335333
           4    -0.00656   -0.004167  0.00260815
           5   -0.004672   -0.004268  0.00208847
           6   -0.011008 -0.00539133  0.00202003
           7   -0.003764 -0.00515886  0.00174478
           8    -0.00618  -0.0052865  0.00153135
           9    0.002432 -0.00442889  0.00158323
          10     0.01834   -0.002152   0.0025877
          11   -0.002732 -0.00220473  0.00235299
          12    0.008228 -0.00133533  0.00231195
          13     0.00682   -0.000708  0.00221758
          14    0.002428   -0.000484  0.00207047
          15    0.003632  -0.0002096  0.00195054
          16   -0.009988 -0.00082075  0.00192199
          17   -0.003228-0.000962353  0.00181414
          18   -0.001772 -0.00100733  0.00171391
          19   -0.006324 -0.00128716  0.00164639
          20    0.010768  -0.0006844  0.00167077
          21   -0.000216-0.000662095  0.00159136
          22    0.006692-0.000327818  0.00155373
          23      0.0034-0.000165739  0.00149461
          24   -0.001956-0.000240333  0.00143419
          25     -0.0081 -0.00055472  0.00141086
          26     0.01334-2.03077e-05   0.0014543
          27    0.005708 0.000191852  0.00141582
          28    -0.00314 7.28571e-05  0.00137025
          29     0.00436  0.00022069  0.00133095
          30      0.0042 0.000353333  0.00129318
          31   -0.001768 0.000284903  0.00125327
          32   -0.006212  8.1875e-05  0.00123044
          33     6.8e-05 8.14545e-05  0.00119316
          34    0.000568 9.57647e-05  0.00115815
          35   -0.014304-0.000315657  0.00119591
          36   -0.005252-0.000452778  0.00117052
          37     -0.0068-0.000624324  0.00115139
          38   -0.003944-0.000711684   0.0011244
          39    -0.01634 -0.00111241  0.00116479
          40    0.009264   -0.000853   0.0011642
          41   -0.003996-0.000929659  0.00113832
          42     0.00594-0.000766095  0.00112291
          43    0.000284-0.000741674  0.00109706
          44    0.004088-0.000631909   0.0010776
          45   -0.005508-0.000740267  0.00105909
          46    -0.01136 -0.00097113  0.00106093
          47   -0.006832 -0.00109583  0.00104566
          48     0.00778-0.000910917   0.0010401
          49    0.005444-0.000781224  0.00102693
          50    0.002848 -0.00070864  0.00100895
