99.84
103.86
99.88
98.28
85.56
109.6
79.96
86.48
84.84
118.74
99.88
66.4
105.48
100.54
99.96
88.14
86.9
82.74
106.58
119.46
87.42
105.76
92.08
101.58
89
111.54
92.48
97.7
109.16
100.4
101.74
86.28
108.1
95.16
87.92
80.58
94.14
90.36
97.5
78.38
98.52
115.16
98.38
94.58
103.34
99.94
96.32
69.48
87.24
116.1
90.38
88.52
72.84
85.22
130.44
87.64
93.8
94.38
100.02
91.46
125.84
91.84
115.96
133.6
75.18
146.2
86.08
89.44
112.6
100.44
91.44
78.04
97.22
93.5
115.84
94.1
79.68
132.82
88
120.66
116.84
91.1
102.22
120.46
77.36
122.34
88.32
123.5
137.02
104.04
101.36
93.42
98.82
100.2
91.08
80.9
96.52
113.98
100.96
118.58
