           1    0.123818    0.123818           0
           2    0.131671    0.127745  0.00277639
           3   0.0996648    0.118385  0.00786333
           4   0.0873213    0.110619  0.00894493
           5    0.111817    0.110858  0.00715915
           6    0.105329    0.109937  0.00602498
           7    0.109292    0.109845  0.00516497
           8      0.1073    0.109527  0.00452913
           9    0.141502    0.113079  0.00523714
          10   0.0967292    0.111444   0.0049621
          11   0.0983775    0.110257  0.00465101
          12    0.112266    0.110424  0.00426644
          13   0.0811936    0.108176  0.00449185
          14   0.0916312    0.106994  0.00432366
          15   0.0780626    0.105065  0.00444484
          16   0.0862363    0.103888  0.00432001
          17   0.0874208     0.10292  0.00417308
          18   0.0841228    0.101875  0.00406981
          19    0.120685    0.102865  0.00397419
          20    0.112376    0.103341  0.00380383
          21    0.109514    0.103635  0.00363404
          22   0.0899858    0.103014  0.00352141
          23    0.142855    0.104747  0.00377036
          24    0.107394    0.104857  0.00361487
          25   0.0601912     0.10307   0.0038868
          26    0.096925    0.102834  0.00374448
          27   0.0731977    0.101736  0.00376324
          28   0.0713903    0.100653  0.00378168
          29   0.0858298    0.100141  0.00368566
          30    0.145834    0.101664  0.00386472
          31    0.117431    0.102173  0.00377337
          32   0.0860246    0.101668  0.00368904
          33    0.109155    0.101895  0.00358422
          34    0.115625    0.102299  0.00350148
          35     0.11598     0.10269  0.00342318
          36      0.0964    0.102515  0.00333255
          37    0.102332     0.10251  0.00324248
          38    0.101338     0.10248   0.0031573
          39    0.110436    0.102684  0.00308293
          40   0.0845067    0.102229  0.00303916
          41    0.130495    0.102918  0.00304223
          42   0.0853678    0.102501  0.00299835
          43   0.0930574    0.102281  0.00293666
          44     0.11082    0.102475  0.00287632
          45    0.142038    0.103354   0.0029437
          46    0.105557    0.103402   0.0028801
          47   0.0989619    0.103308  0.00282037
          48   0.0996181    0.103231  0.00276266
          49    0.105762    0.103282  0.00270676
          50    0.100698    0.103231  0.00265312
           1    0.195325    0.195325           0
           2    0.201159    0.198242  0.00206279
           3    0.186419    0.194301  0.00349938
           4    0.177705    0.190152  0.00444949
           5    0.177244     0.18757  0.00424293
           6    0.173885    0.185289  0.00410331
           7    0.168251    0.182855  0.00417716
           8     0.18554    0.183191  0.00366847
           9    0.183885    0.183268  0.00326167
          10     0.17295    0.182236  0.00309439
          11    0.189684    0.182913  0.00288621
          12    0.171746    0.181983  0.00279169
          13    0.167867    0.180897  0.00278011
          14     0.15557    0.179088    0.003115
          15    0.173287    0.178701  0.00293124
          16    0.185782    0.179144  0.00278125
          17    0.192849     0.17995  0.00273199
          18    0.171197    0.179464  0.00262313
          19     0.17422    0.179188  0.00249954
          20    0.176291    0.179043  0.00237876
          21    0.162435    0.178252  0.00239335
          22    0.182257    0.178434  0.00229147
          23    0.186154     0.17877  0.00221629
          24    0.193376    0.179378  0.00220592
          25    0.176049    0.179245   0.0021217
          26    0.168692    0.178839  0.00207856
          27    0.156305    0.178005  0.00216265
          28    0.180743    0.178102  0.00208762
          29    0.172506    0.177909  0.00202454
          30    0.191644    0.178367  0.00200815
          31    0.176871    0.178319  0.00194395
          32    0.166594    0.177953  0.00191742
          33    0.178697    0.177975  0.00185945
          34    0.163344    0.177545  0.00185388
          35    0.172721    0.177407  0.00180603
          36    0.155827    0.176808  0.00185268
          37    0.198721      0.1774  0.00189491
          38    0.174025    0.177311  0.00184712
          39    0.169209    0.177103   0.0018114
          40    0.187814    0.177371   0.0017858
          41    0.192643    0.177743  0.00178067
          42    0.176722    0.177719  0.00173844
          43    0.172987    0.177609  0.00170149
          44    0.165296    0.177329  0.00168567
          45    0.171665    0.177203  0.00165291
          46    0.187625     0.17743  0.00163243
          47    0.175753    0.177394  0.00159808
          48     0.15911    0.177013  0.00160955
          49    0.175687    0.176986  0.00157693
          50    0.170388    0.176854   0.0015509
           1    0.216622    0.216622           0
           2    0.222254    0.219438  0.00199116
           3    0.212943    0.217273  0.00221055
           4     0.20466     0.21412  0.00319462
           5    0.202712    0.211838  0.00327049
           6    0.214727     0.21232  0.00276061
           7    0.192352    0.209467  0.00354591
           8    0.213976    0.210031  0.00314715
           9    0.211046    0.210144  0.00279948
          10    0.211037    0.210233  0.00252096
          11    0.212162    0.210408  0.00229788
          12    0.208168    0.210222  0.00211396
          13    0.199013    0.209359   0.0021199
          14    0.197999    0.208548  0.00211811
          15    0.199825    0.207966  0.00205519
          16    0.214357    0.208366  0.00196517
          17    0.209729    0.208446  0.00185121
          18    0.199477    0.207948  0.00181419
          19    0.202827    0.207678  0.00173861
          20    0.217991    0.208194  0.00172644
          21    0.211968    0.208374  0.00165356
          22    0.212551    0.208563  0.00158927
          23    0.216419    0.208905  0.00155644
          24    0.210681    0.208979  0.00149334
          25    0.207962    0.208938  0.00143416
          26    0.211585     0.20904  0.00138261
          27    0.207593    0.208986  0.00133244
          28    0.219993     0.20938  0.00134159
          29    0.213084    0.209507  0.00130139
          30    0.220834    0.209885  0.00131164
          31    0.188372    0.209191  0.00144126
          32    0.192809    0.208679  0.00148436
          33    0.201038    0.208447  0.00145732
          34    0.210529    0.208509  0.00141575
          35    0.205244    0.208415  0.00137837
          36    0.205809    0.208343  0.00134198
          37    0.210835     0.20841   0.0013074
          38    0.205409    0.208331  0.00127538
          39    0.211169    0.208404  0.00124475
          40    0.221235    0.208725  0.00125428
          41    0.211775    0.208799  0.00122589
          42    0.202061    0.208639  0.00120716
          43    0.204579    0.208544  0.00118277
          44    0.196932     0.20828  0.00118497
          45    0.208911    0.208295  0.00115872
          46    0.210244    0.208337   0.0011343
          47    0.207788    0.208325  0.00111023
          48    0.204618    0.208248  0.00108978
          49     0.19604    0.207999  0.00109565
          50    0.206304    0.207965  0.00107426
           1    0.219675    0.219675           0
           2    0.218342    0.219009 0.000471295
           3     0.21264    0.216886  0.00176156
           4    0.216293    0.216738  0.00132739
           5    0.216101     0.21661    0.001068
           6    0.221573    0.217437  0.00116709
           7    0.207624    0.216035  0.00163869
           8     0.21662    0.216108  0.00143549
           9    0.217084    0.216217  0.00128008
          10    0.224789    0.217074  0.00141018
          11    0.215913    0.216969  0.00128593
          12    0.220048    0.217225   0.0012041
          13    0.222464    0.217628  0.00117697
          14    0.217212    0.217598  0.00109328
          15    0.218708    0.217672  0.00102289
          16    0.219339    0.217777 0.000964249
          17    0.214238    0.217568 0.000929726
          18    0.217904    0.217587 0.000878261
          19    0.222151    0.217827 0.000864261
          20    0.217739    0.217823  0.00082106
          21    0.218241    0.217843 0.000782203
          22     0.22393    0.218119 0.000794082
          23    0.219941    0.218199 0.000763495
          24    0.216699    0.218136 0.000734236
          25    0.222333    0.218304 0.000723806
          26    0.218183    0.218299 0.000695982
          27    0.215141    0.218182 0.000679964
          28    0.220868    0.218278  0.00066241
          29    0.218597    0.218289  0.00063966
          30    0.218451    0.218295  0.00061836
          31    0.212411    0.218105 0.000626867
          32    0.217001     0.21807 0.000608226
          33    0.219067    0.218101 0.000590543
          34    0.216253    0.218046  0.00057567
          35     0.21886     0.21807 0.000559691
          36    0.216982    0.218039 0.000544959
          37    0.224644    0.218218 0.000558705
          38    0.221264    0.218298 0.000549722
          39    0.222599    0.218408 0.000546579
          40    0.226317    0.218606 0.000567554
          41    0.220162    0.218644 0.000554979
          42    0.221937    0.218722 0.000547277
          43    0.219961    0.218751 0.000535307
          44    0.211186    0.218579 0.000550059
          45     0.22395    0.218699 0.000550633
          46    0.222993    0.218792 0.000546521
          47    0.217611    0.218767 0.000535471
          48    0.218177    0.218755 0.000524456
          49    0.218177    0.218743 0.000513886
          50    0.217073    0.218709 0.000504691
           1     0.21689     0.21689           0
           2    0.218695    0.217792 0.000638247
           3     0.21615    0.217245 0.000617134
           4    0.220457    0.218048 0.000835295
           5    0.217291    0.217897 0.000681805
           6    0.221032    0.218419 0.000741847
           7    0.211131    0.217378  0.00115472
           8    0.220411    0.217757  0.00107079
           9    0.213176    0.217248  0.00106595
          10    0.221227    0.217646  0.00103094
          11    0.216358    0.217529 0.000943845
          12    0.218233    0.217588 0.000867014
          13    0.219923    0.217767 0.000818727
          14    0.217588    0.217754 0.000760347
          15    0.213843    0.217494 0.000753055
          16    0.218042    0.217528 0.000706768
          17    0.221169    0.217742 0.000696893
          18    0.214966    0.217588 0.000675027
          19    0.215729     0.21749 0.000646551
          20    0.216213    0.217426 0.000617367
          21    0.214864    0.217304 0.000599904
          22       0.215    0.217199 0.000581705
          23    0.221994    0.217408 0.000592594
          24     0.21693    0.217388 0.000568237
          25    0.219096    0.217456 0.000549599
          26    0.221572    0.217615 0.000550784
          27    0.212217    0.217415 0.000565501
          28    0.219075    0.217474 0.000548407
          29     0.21876    0.217518 0.000531287
          30    0.219247    0.217576 0.000516694
          31    0.217614    0.217577 0.000500028
          32     0.21674    0.217551 0.000485087
          33    0.215524     0.21749 0.000474259
          34    0.218559    0.217521 0.000461351
          35    0.217426    0.217518 0.000448177
          36    0.216009    0.217476 0.000437685
          37    0.221911    0.217596 0.000441964
          38    0.215548    0.217542 0.000433607
          39    0.216875    0.217525 0.000422827
          40    0.222508     0.21765 0.000430214
          41    0.219387    0.217692 0.000421801
          42    0.215672    0.217644 0.000414491
          43    0.220609    0.217713 0.000410546
          44     0.21559    0.217665 0.000404042
          45     0.21628    0.217634 0.000396233
          46    0.217437     0.21763 0.000387642
          47    0.217871    0.217635 0.000379429
          48    0.219187    0.217667 0.000372898
          49     0.21841    0.217682 0.000365596
          50    0.216363    0.217656 0.000359235
           1    0.209265    0.209265           0
           2    0.208591    0.208928 0.000238326
           3    0.208242    0.208699 0.000245071
           4    0.209278    0.208844 0.000222432
           5    0.206386    0.208352 0.000474363
           6    0.211696     0.20891 0.000644267
           7    0.205905     0.20848 0.000680307
           8    0.210887    0.208781 0.000658424
           9    0.208416    0.208741 0.000586511
          10    0.212833     0.20915 0.000655264
          11    0.210685    0.209289 0.000610371
          12     0.21149    0.209473 0.000586418
          13    0.210955    0.209587 0.000552276
          14    0.209172    0.209557 0.000513621
          15    0.208079    0.209459 0.000488744
          16    0.208642    0.209408 0.000460854
          17    0.211559    0.209534 0.000450789
          18    0.207321    0.209411 0.000442202
          19    0.211882    0.209541 0.000437629
          20    0.207337    0.209431 0.000429402
          21    0.210016    0.209459 0.000409857
          22    0.210904    0.209525 0.000396458
          23    0.211245    0.209599 0.000386212
          24    0.206427    0.209467 0.000392084
          25    0.209243    0.209458 0.000376503
          26     0.21113    0.209523 0.000367472
          27    0.205945     0.20939 0.000376993
          28    0.211121    0.209452 0.000368561
          29    0.210616    0.209492 0.000358032
          30    0.210798    0.209536 0.000348736
          31    0.210572    0.209569 0.000339085
          32    0.208543    0.209537     0.00033
          33    0.210089    0.209554 0.000320424
          34    0.209354    0.209548 0.000311053
          35    0.210278    0.209569 0.000302865
          36    0.209515    0.209567 0.000294455
          37    0.208846    0.209548 0.000287142
          38    0.205887    0.209451 0.000295306
          39     0.21168    0.209508 0.000293212
          40    0.211873    0.209568 0.000291782
          41    0.211634    0.209618 0.000288985
          42    0.211421    0.209661 0.000285277
          43    0.209526    0.209658  0.00027866
          44    0.207656    0.209612 0.000276016
          45    0.208037    0.209577 0.000272092
          46    0.209906    0.209584 0.000266271
          47    0.209346    0.209579 0.000260654
          48    0.210037    0.209589 0.000255398
          49    0.209305    0.209583 0.000250251
          50    0.208182    0.209555 0.000246811
           1    0.197775    0.197775           0
           2    0.198715    0.198245 0.000332052
           3    0.197368    0.197953 0.000325509
           4    0.198336    0.198049  0.00025788
           5    0.196862    0.197811 0.000296001
           6    0.200077    0.198189 0.000423843
           7    0.198915    0.198293 0.000375758
           8    0.198244    0.198287 0.000328837
           9    0.197841    0.198237 0.000296009
          10    0.199883    0.198402 0.000308796
          11    0.199624    0.198513 0.000300066
          12    0.200004    0.198637 0.000299693
          13    0.198908    0.198658 0.000277362
          14    0.198737    0.198664 0.000257609
          15    0.197923    0.198614 0.000245116
          16    0.198336    0.198597 0.000230411
          17    0.198754    0.198606 0.000217044
          18    0.198123    0.198579 0.000206638
          19     0.19883    0.198592 0.000196184
          20    0.196187    0.198472 0.000220182
          21    0.198247    0.198461 0.000209958
          22     0.20072    0.198564 0.000224119
          23    0.198194    0.198548 0.000214951
          24    0.197032    0.198485 0.000215079
          25    0.198547    0.198487  0.00020649
          26    0.199129    0.198512 0.000200016
          27    0.196575     0.19844 0.000205074
          28    0.200015    0.198496 0.000205316
          29      0.1985    0.198497 0.000198236
          30     0.19979     0.19854 0.000196261
          31    0.198901    0.198551 0.000190276
          32    0.197647    0.198523 0.000186418
          33    0.197825    0.198502 0.000181965
          34    0.198584    0.198504 0.000176629
          35    0.198902    0.198516 0.000171948
          36    0.199437    0.198541 0.000169065
          37    0.196923    0.198498 0.000170058
          38    0.198012    0.198485 0.000166063
          39    0.199239    0.198504 0.000162928
          40     0.20049    0.198554  0.00016625
          41    0.198553    0.198554 0.000162195
          42    0.200202    0.198593  0.00016301
          43     0.19906    0.198604  0.00015958
          44    0.197111     0.19857 0.000159522
          45    0.196781     0.19853 0.000160852
          46    0.198273    0.198525 0.000157452
          47    0.198156    0.198517 0.000154298
          48    0.199142     0.19853 0.000151633
          49    0.199742    0.198555 0.000150543
          50    0.198016    0.198544 0.000147916
           1    0.184856    0.184856           0
           2    0.185183     0.18502 0.000115519
           3    0.184994    0.185011 7.73343e-05
           4    0.185107    0.185035 6.16233e-05
           5    0.184668    0.184962 8.20823e-05
           6    0.185418    0.185038  9.7416e-05
           7    0.185828    0.185151 0.000133778
           8    0.185362    0.185177 0.000119634
           9    0.184908    0.185147 0.000110004
          10    0.185869    0.185219 0.000120362
          11    0.184823    0.185183 0.000114683
          12    0.186132    0.185262 0.000129562
          13     0.18618    0.185333 0.000137473
          14     0.18459     0.18528 0.000137521
          15     0.18473    0.185243 0.000133146
          16    0.184757    0.185213 0.000128245
          17      0.1858    0.185247 0.000125271
          18    0.185426    0.185257 0.000118702
          19    0.185631    0.185277 0.000114071
          20    0.184779    0.185252 0.000111047
          21    0.185177    0.185249 0.000105817
          22    0.187045     0.18533 0.000128714
          23     0.18489    0.185311 0.000124534
          24    0.184397    0.185273 0.000125037
          25    0.185287    0.185273 0.000120037
          26    0.186356    0.185315 0.000122433
          27    0.184383    0.185281 0.000122673
          28    0.186052    0.185308  0.00012135
          29    0.184787     0.18529 0.000118489
          30    0.184713    0.185271 0.000116091
          31     0.18537    0.185274  0.00011239
          32    0.185428    0.185279 0.000108981
          33    0.185365    0.185282 0.000105709
          34     0.18565    0.185292 0.000103155
          35    0.185425    0.185296 0.000100277
          36    0.184986    0.185288 9.78602e-05
          37    0.184914    0.185277 9.57353e-05
          38    0.184967    0.185269 9.35644e-05
          39    0.184907     0.18526 9.16247e-05
          40     0.18796    0.185328 0.000111461
          41    0.184069    0.185297 0.000112888
          42    0.186546    0.185327 0.000114052
          43    0.185264    0.185325 0.000111409
          44    0.185219    0.185323 0.000108903
          45    0.183359    0.185279 0.000114894
          46    0.186161    0.185298 0.000113986
          47    0.184642    0.185284 0.000112411
          48    0.185133    0.185281 0.000110114
          49    0.185438    0.185284 0.000107913
          50    0.184508    0.185269 0.000106866
           1    0.171622    0.171622           0
           2    0.171609    0.171615 4.61064e-06
           3    0.172105    0.171778 0.000133457
           4    0.171834    0.171792  0.00010081
           5    0.171983     0.17183   8.758e-05
           6    0.171816    0.171828  7.3017e-05
           7    0.172358    0.171904 9.39763e-05
           8    0.171815    0.171893 8.28818e-05
           9    0.171428    0.171841 8.83212e-05
          10    0.172275    0.171884 8.95249e-05
          11    0.172441    0.171935 9.45948e-05
          12    0.172131    0.171951 8.81163e-05
          13    0.173006    0.172032 0.000112659
          14    0.171477    0.171993 0.000111382
          15    0.173703    0.172107 0.000151468
          16    0.171218    0.172051 0.000151851
          17    0.172353    0.172069 0.000143954
          18    0.172736    0.172106  0.00014064
          19     0.17206    0.172104 0.000133258
          20    0.171837     0.17209  0.00012726
          21     0.17231    0.172101  0.00012163
          22    0.172565    0.172122 0.000117917
          23    0.172083     0.17212 0.000112802
          24    0.172335    0.172129 0.000108458
          25    0.172425    0.172141 0.000104764
          26    0.173025    0.172175 0.000106106
          27    0.171668    0.172156 0.000103822
          28     0.17172    0.172141 0.000101275
          29    0.172606    0.172157 9.90432e-05
          30    0.170301    0.172095 0.000113417
          31    0.172077    0.172094  0.00010976
          32    0.171885    0.172088 0.000106524
          33    0.172924    0.172113 0.000106265
          34    0.172557    0.172126 0.000103938
          35    0.173183    0.172156 0.000105264
          36    0.171397    0.172135 0.000104433
          37    0.171857    0.172128  0.00010188
          38    0.170998    0.172098 0.000103446
          39    0.172533    0.172109 0.000101392
          40     0.17388    0.172153 0.000108089
          41    0.172002     0.17215 0.000105516
          42    0.172259    0.172152 0.000103036
          43    0.171366    0.172134  0.00010225
          44    0.172061    0.172132 9.99401e-05
          45    0.171379    0.172116 9.91102e-05
          46    0.172328     0.17212 9.70632e-05
          47    0.171711    0.172112 9.53871e-05
          48    0.172054     0.17211 9.34073e-05
          49    0.173296    0.172135 9.45852e-05
          50    0.171828    0.172128 9.28922e-05
           1    0.158667    0.158667           0
           2    0.158036    0.158351 0.000223316
           3    0.158584    0.158429 0.000161786
           4    0.158771    0.158515 0.000142192
           5    0.159818    0.158775  0.00025941
           6     0.15921    0.158848  0.00022607
           7     0.15871    0.158828 0.000194632
           8    0.158807    0.158825 0.000170321
           9    0.159271    0.158875 0.000158431
          10    0.159725     0.15896 0.000163826
          11    0.159391    0.158999 0.000153551
          12    0.159949    0.159078  0.00015987
          13    0.159795    0.159133 0.000156791
          14    0.159251    0.159142 0.000145816
          15    0.159822    0.159187 0.000142969
          16    0.158612    0.159151 0.000138476
          17    0.159134     0.15915 0.000130334
          18    0.159159    0.159151 0.000123094
          19    0.158886    0.159137 0.000117402
          20    0.158977    0.159129 0.000111804
          21     0.15953    0.159148 0.000108105
          22     0.15916    0.159148 0.000103193
          23    0.158793    0.159133 9.98534e-05
          24    0.159581    0.159152  9.7422e-05
          25    0.159531    0.159167 9.47012e-05
          26    0.159552    0.159182 9.22135e-05
          27    0.158962    0.159173 8.91569e-05
          28    0.158951    0.159166 8.63261e-05
          29    0.159715    0.159184 8.54006e-05
          30    0.157832    0.159139 9.37016e-05
          31    0.158669    0.159124 9.18988e-05
          32    0.158558    0.159106 9.07166e-05
          33    0.159223     0.15911 8.80361e-05
          34    0.159732    0.159128 8.73292e-05
          35    0.159463    0.159138 8.53573e-05
          36    0.158727    0.159126 8.37473e-05
          37    0.158685    0.159115 8.23299e-05
          38    0.158147    0.159089 8.40061e-05
          39     0.15934    0.159096 8.20988e-05
          40    0.160201    0.159123 8.45731e-05
          41    0.159048    0.159121 8.25303e-05
          42    0.159176    0.159123 8.05756e-05
          43    0.158421    0.159106 8.03388e-05
          44    0.158975    0.159103 7.85682e-05
          45    0.158714    0.159095 7.72963e-05
          46    0.159609    0.159106 7.64189e-05
          47    0.158311    0.159089 7.66411e-05
          48      0.1591    0.159089 7.50447e-05
          49    0.159886    0.159105 7.52531e-05
          50     0.15825    0.159088 7.56666e-05
           1    0.146209    0.146209           0
           2    0.145871     0.14604 0.000119235
           3     0.14621    0.146097 9.19882e-05
           4    0.146432    0.146181 0.000100206
           5    0.147088    0.146362 0.000180998
           6    0.146525    0.146389 0.000152864
           7    0.146397     0.14639  0.00013103
           8    0.146321    0.146382 0.000114935
           9    0.146396    0.146383 0.000102176
          10    0.147013    0.146446 0.000109675
          11     0.14725    0.146519 0.000121644
          12    0.146877    0.146549 0.000115103
          13    0.147287    0.146606 0.000119429
          14    0.146635    0.146608 0.000110917
          15    0.147279    0.146653  0.00011219
          16    0.146971    0.146673 0.000106929
          17    0.146362    0.146654 0.000102193
          18    0.146574     0.14665 9.66138e-05
          19    0.146727    0.146654  9.1613e-05
          20    0.146634    0.146653 8.70379e-05
          21    0.147381    0.146688 8.95341e-05
          22     0.14661    0.146684 8.55345e-05
          23    0.146352     0.14667 8.30219e-05
          24    0.146802    0.146675 7.97458e-05
          25    0.146857    0.146682 7.68873e-05
          26     0.14673    0.146684  7.3952e-05
          27    0.146131    0.146664 7.39965e-05
          28    0.146527    0.146659 7.15151e-05
          29    0.147229    0.146679 7.17027e-05
          30    0.145722    0.146647 7.60675e-05
          31    0.146743     0.14665 7.36766e-05
          32    0.146855    0.146656 7.16527e-05
          33    0.146353    0.146647 7.00672e-05
          34    0.146906    0.146655 6.84188e-05
          35    0.147301    0.146673 6.89112e-05
          36    0.146831    0.146678 6.71371e-05
          37    0.146831    0.146682 6.54506e-05
          38    0.146128    0.146667 6.53305e-05
          39     0.14699    0.146675 6.41772e-05
          40    0.147267     0.14669 6.42566e-05
          41    0.146704    0.146691 6.26903e-05
          42    0.146891    0.146695 6.13786e-05
          43    0.146177    0.146683  6.1121e-05
          44    0.146856    0.146687 5.98586e-05
          45    0.146696    0.146687 5.85287e-05
          46     0.14697    0.146694 5.75783e-05
          47     0.14639    0.146687 5.67154e-05
          48    0.146593    0.146685 5.55678e-05
          49    0.147587    0.146703 5.74006e-05
          50    0.146131    0.146692  5.7383e-05
           1    0.135048    0.135048           0
           2    0.134817    0.134932 8.16778e-05
           3    0.135129    0.134998  7.6302e-05
           4    0.134691    0.134921  8.7738e-05
           5    0.135154    0.134968 8.16497e-05
           6    0.135508    0.135058 0.000106745
           7    0.135358    0.135101 9.97247e-05
           8    0.134306    0.135001 0.000127465
           9    0.134701    0.134968 0.000117588
          10    0.135477    0.135019 0.000116316
          11    0.135801     0.13509 0.000125617
          12    0.135445     0.13512 0.000118587
          13    0.135598    0.135156 0.000115035
          14    0.134926     0.13514 0.000107993
          15    0.135725    0.135179 0.000107608
          16    0.135126    0.135176 0.000100933
          17    0.135258     0.13518 9.51106e-05
          18    0.135504    0.135198 9.15079e-05
          19     0.13496    0.135186 8.75482e-05
          20    0.134766    0.135165 8.56548e-05
          21    0.135216    0.135167 8.16101e-05
          22    0.134757    0.135149 8.00055e-05
          23    0.135246    0.135153  7.6638e-05
          24    0.135518    0.135168 7.49423e-05
          25    0.135566    0.135184 7.36176e-05
          26    0.135409    0.135193 7.12927e-05
          27    0.134638    0.135172 7.15542e-05
          28    0.134565     0.13515  7.2212e-05
          29    0.135656    0.135168 7.17944e-05
          30    0.134537    0.135147 7.24175e-05
          31     0.13491    0.135139 7.04838e-05
          32    0.134976    0.135134 6.84659e-05
          33    0.134721    0.135122 6.75268e-05
          34    0.135659    0.135137 6.73635e-05
          35    0.135033    0.135134 6.55043e-05
          36    0.134938    0.135129 6.39111e-05
          37    0.135036    0.135126 6.22334e-05
          38    0.134772    0.135117 6.12893e-05
          39    0.135238     0.13512 5.97964e-05
          40    0.135183    0.135122 5.83218e-05
          41    0.135296    0.135126 5.70536e-05
          42    0.135283     0.13513 5.58174e-05
          43    0.135231    0.135132 5.45693e-05
          44    0.135477     0.13514 5.38876e-05
          45    0.135132     0.13514 5.26904e-05
          46    0.135617     0.13515 5.25585e-05
          47    0.135576    0.135159 5.22168e-05
          48    0.135674     0.13517 5.22185e-05
          49    0.135797    0.135183 5.27001e-05
          50    0.134767    0.135174 5.22974e-05
           1    0.124705    0.124705           0
           2     0.12404    0.124372  0.00023482
           3    0.124513    0.124419 0.000161156
           4    0.124063     0.12433 0.000143409
           5    0.124796    0.124423 0.000141806
           6    0.124968    0.124514 0.000144312
           7    0.124831    0.124559 0.000130608
           8    0.124237    0.124519 0.000120352
           9    0.124056    0.124468 0.000117486
          10    0.124611    0.124482 0.000106614
          11    0.124983    0.124527   0.0001062
          12    0.124884    0.124557 0.000101428
          13    0.124686    0.124567 9.41097e-05
          14    0.124437    0.124558  8.7845e-05
          15    0.125135    0.124596 9.00324e-05
          16    0.124794    0.124609 8.52471e-05
          17    0.124784    0.124619 8.08509e-05
          18    0.125082    0.124645 8.03391e-05
          19    0.124629    0.124644 7.61148e-05
          20     0.12481    0.124652 7.27584e-05
          21    0.125063    0.124672 7.18702e-05
          22    0.124582    0.124668 6.87177e-05
          23    0.124654    0.124667 6.57327e-05
          24    0.124834    0.124674 6.33623e-05
          25    0.124588    0.124671 6.09217e-05
          26    0.124528    0.124665  5.8825e-05
          27     0.12399     0.12464 6.17314e-05
          28    0.124062    0.124619 6.28869e-05
          29    0.124762    0.124624 6.09103e-05
          30    0.124158    0.124609 6.08309e-05
          31    0.124189    0.124595 6.03591e-05
          32    0.124378    0.124588 5.88526e-05
          33     0.12441    0.124583 5.73161e-05
          34    0.124313    0.124575 5.61778e-05
          35    0.124499    0.124573 5.46152e-05
          36    0.124478     0.12457 5.31613e-05
          37    0.124796    0.124576 5.20737e-05
          38    0.123908    0.124559 5.35956e-05
          39    0.124924    0.124568 5.30349e-05
          40    0.124944    0.124578 5.25364e-05
          41    0.125014    0.124588 5.23211e-05
          42    0.124537    0.124587 5.10895e-05
          43    0.124812    0.124592 5.01697e-05
          44    0.124999    0.124602 4.98757e-05
          45    0.124451    0.124598 4.88787e-05
          46    0.125714    0.124622 5.34959e-05
          47    0.124499     0.12462 5.24226e-05
          48    0.124598    0.124619 5.13324e-05
          49    0.125129     0.12463 5.13294e-05
          50    0.124635     0.12463 5.03029e-05
           1    0.115237    0.115237           0
           2    0.114717    0.114977 0.000183716
           3    0.114891    0.114948 0.000124685
           4    0.114741    0.114896 0.000103769
           5    0.115192    0.114956 9.84547e-05
           6    0.114868    0.114941 8.31129e-05
           7    0.115104    0.114964 7.44323e-05
           8     0.11477     0.11494 6.89668e-05
           9    0.114586    0.114901 7.16582e-05
          10    0.114782    0.114889  6.5472e-05
          11    0.115216    0.114919  6.5943e-05
          12    0.114669    0.114898 6.36346e-05
          13    0.114955    0.114902 5.88908e-05
          14    0.114694    0.114887  5.6526e-05
          15    0.115345    0.114918 6.04399e-05
          16    0.114837    0.114913 5.68744e-05
          17    0.115025    0.114919   5.391e-05
          18    0.115471     0.11495  5.8997e-05
          19    0.115086    0.114957 5.63267e-05
          20    0.114817     0.11495 5.39437e-05
          21    0.115355     0.11497 5.47026e-05
          22    0.114801    0.114962 5.27489e-05
          23    0.114964    0.114962 5.04555e-05
          24     0.11533    0.114977 5.06297e-05
          25    0.114912    0.114975 4.86714e-05
          26    0.114708    0.114964 4.78697e-05
          27     0.11433    0.114941 5.15369e-05
          28     0.11483    0.114937 4.98478e-05
          29    0.115021     0.11494 4.82123e-05
          30    0.114642     0.11493 4.76137e-05
          31    0.114634     0.11492 4.70262e-05
          32    0.114959    0.114922  4.5572e-05
          33    0.114729    0.114916 4.45638e-05
          34    0.114958    0.114917 4.32707e-05
          35     0.11508    0.114922 4.22842e-05
          36    0.115059    0.114925 4.12815e-05
          37     0.11492    0.114925  4.0166e-05
          38    0.114761    0.114921 3.93425e-05
          39    0.115031    0.114924 3.84353e-05
          40    0.115009    0.114926 3.75338e-05
          41    0.115273    0.114934 3.75595e-05
          42    0.114837    0.114932 3.67364e-05
          43     0.11513    0.114937 3.61679e-05
          44    0.115584    0.114951 3.82228e-05
          45      0.1149     0.11495 3.73903e-05
          46    0.115464    0.114961  3.8207e-05
          47    0.114559    0.114953 3.83409e-05
          48    0.115189    0.114958 3.78561e-05
          49    0.115812    0.114975 4.08975e-05
          50    0.114943    0.114975 4.00845e-05
           1    0.106096    0.106096           0
           2    0.105735    0.105916 0.000127771
           3    0.106105    0.105979 9.96029e-05
           4    0.105584     0.10588 0.000113478
           5    0.106434    0.105991 0.000134331
           6    0.106182    0.106023 0.000115657
           7    0.106429    0.106081 0.000112773
           8    0.105782    0.106044 0.000104671
           9    0.105841    0.106021 9.54252e-05
          10    0.106031    0.106022 8.58883e-05
          11    0.106422    0.106058 8.54239e-05
          12     0.10626    0.106075 7.99324e-05
          13    0.106431    0.106103 7.83184e-05
          14    0.106499    0.106131 7.76658e-05
          15    0.106904    0.106182 8.79431e-05
          16    0.105779    0.106157 8.59885e-05
          17    0.106435    0.106174  8.2469e-05
          18    0.106715    0.106204 8.31884e-05
          19    0.106267    0.106207 7.88763e-05
          20    0.106284    0.106211  7.5027e-05
          21    0.106597    0.106229 7.36728e-05
          22    0.106011    0.106219 7.09893e-05
          23    0.106249    0.106221 6.79143e-05
          24    0.106492    0.106232 6.60213e-05
          25    0.106282    0.106234 6.34113e-05
          26    0.106179    0.106232 6.10076e-05
          27    0.105806    0.106216 6.07527e-05
          28     0.10573    0.106199 6.10131e-05
          29    0.106118    0.106196  5.8972e-05
          30    0.106018     0.10619 5.73036e-05
          31    0.105758    0.106176 5.71252e-05
          32    0.106175    0.106176 5.53401e-05
          33    0.106015    0.106171 5.38778e-05
          34    0.106299    0.106175 5.24246e-05
          35    0.106148    0.106174 5.09324e-05
          36    0.106241    0.106176 4.95515e-05
          37    0.106238    0.106178 4.82405e-05
          38    0.105607    0.106163  4.9251e-05
          39    0.106144    0.106162 4.79904e-05
          40    0.106524    0.106171 4.76343e-05
          41    0.106322    0.106175 4.66135e-05
          42    0.106412     0.10618 4.58441e-05
          43    0.106249    0.106182  4.4806e-05
          44    0.106595    0.106191  4.4759e-05
          45     0.10597    0.106187 4.40345e-05
          46    0.106581    0.106195 4.39046e-05
          47    0.106237    0.106196 4.29795e-05
          48    0.106264    0.106197 4.21072e-05
          49    0.106589    0.106205 4.19984e-05
          50    0.106137    0.106204  4.1181e-05
           1   0.0983242   0.0983242           0
           2   0.0981279    0.098226 6.93762e-05
           3   0.0983046   0.0982522 5.09523e-05
           4     0.09774   0.0981242 0.000117308
           5   0.0982408   0.0981475 9.61384e-05
           6   0.0982901   0.0981713 8.29995e-05
           7   0.0983595   0.0981982 7.53752e-05
           8   0.0981822   0.0981962 6.59797e-05
           9   0.0978767   0.0981607 6.75252e-05
          10   0.0981641    0.098161 6.07736e-05
          11   0.0984667   0.0981888 6.12729e-05
          12   0.0981067    0.098182 5.65478e-05
          13   0.0983808   0.0981972 5.42269e-05
          14   0.0983927   0.0982112 5.21201e-05
          15   0.0987402   0.0982465 5.93897e-05
          16   0.0981714   0.0982418 5.58629e-05
          17   0.0984712   0.0982553 5.41822e-05
          18   0.0985404   0.0982711 5.34373e-05
          19   0.0983725   0.0982765 5.08907e-05
          20   0.0981397   0.0982696 4.88034e-05
          21   0.0984369   0.0982776 4.71254e-05
          22   0.0980511   0.0982673  4.6094e-05
          23   0.0982827    0.098268 4.40948e-05
          24   0.0984278   0.0982746 4.27576e-05
          25   0.0981885   0.0982712 4.11858e-05
          26    0.098288   0.0982718 3.96068e-05
          27   0.0978804   0.0982573 4.07062e-05
          28   0.0980732   0.0982507 3.97802e-05
          29   0.0983212   0.0982532 3.84827e-05
          30   0.0980985    0.098248 3.75439e-05
          31   0.0981036   0.0982434 3.66209e-05
          32   0.0981963   0.0982419  3.5506e-05
          33   0.0984127   0.0982471 3.48053e-05
          34   0.0983833   0.0982511 3.40114e-05
          35   0.0982637   0.0982514 3.30416e-05
          36   0.0984794   0.0982578 3.27248e-05
          37   0.0980787   0.0982529 3.21961e-05
          38   0.0978557   0.0982425 3.30022e-05
          39   0.0982097   0.0982416 3.21667e-05
          40   0.0986207   0.0982511 3.27284e-05
          41   0.0985627   0.0982587 3.28007e-05
          42    0.098173   0.0982567 3.20832e-05
          43   0.0983207   0.0982582 3.13715e-05
          44   0.0986833   0.0982678 3.21122e-05
          45   0.0980953    0.098264 3.16267e-05
          46   0.0985074   0.0982693 3.13788e-05
          47   0.0984792   0.0982737 3.10275e-05
          48   0.0985823   0.0982802 3.10397e-05
          49   0.0983205    0.098281 3.04172e-05
          50   0.0980723   0.0982768 3.00939e-05
