           1    0.147532    0.147532           0
           2    0.007412    0.077472   0.0495399
           3   -0.186964  -0.0106733   0.0791864
           4   -0.278512   -0.077633   0.0830051
           5    0.520688   0.0420312    0.125957
           6    0.369184   0.0965567    0.116168
           7    0.267112    0.120922    0.102096
           8   -0.004076    0.105297   0.0905214
           9    0.036752   0.0976809   0.0807832
          10   -0.358004   0.0521124   0.0845863
          11    0.357536   0.0798782   0.0813262
          12     0.41758     0.10802   0.0792686
          13    -0.36628   0.0715354    0.081134
          14    0.234132   0.0831494   0.0761655
          15    0.547212    0.114087   0.0771155
          16     0.17142     0.11767   0.0723789
          17    0.626424    0.147597   0.0740503
          18      0.3091    0.156569   0.0704778
          19   -0.084788    0.143866   0.0679036
          20   -0.063468      0.1335    0.065295
          21    0.007252    0.127488   0.0624619
          22   -0.118976    0.116285    0.060619
          23    0.328148    0.125496   0.0586791
          24     0.35566    0.135086   0.0570124
          25    -0.43994    0.112085   0.0591901
          26    0.314928    0.119887   0.0574254
          27   -0.688672   0.0899404    0.062622
          28    -0.61654    0.064709    0.065271
          29    0.297576   0.0727389   0.0635123
          30    0.610236   0.0906555   0.0638723
          31   -0.452532   0.0731333   0.0641704
          32    0.469608   0.0855231   0.0633498
          33    0.370804    0.094168   0.0620172
          34    0.077788   0.0936862    0.060195
          35   -0.284456   0.0828822   0.0594368
          36    0.312428   0.0892584   0.0581268
          37    0.531616    0.101214   0.0577723
          38    0.476152    0.111081   0.0570883
          39    0.209016    0.113592   0.0556797
          40   -0.042756    0.109683   0.0544247
          41   -0.232932    0.101327    0.053735
          42    0.356372    0.107399   0.0527976
          43   -0.117544    0.102168   0.0518283
          44    0.796712    0.117953   0.0529997
          45      0.4497    0.125325   0.0523321
          46    0.419388    0.131718   0.0515834
          47    -0.44064     0.11954   0.0519035
          48    0.158152    0.120345   0.0508284
          49     0.25572    0.123107   0.0498661
          50   -0.348776     0.11367   0.0497539
           1    0.155024    0.155024           0
           2      0.0552    0.105112   0.0352931
           3    0.013292   0.0745053   0.0343237
           4     0.11028    0.083449   0.0268827
           5   -0.290196     0.00872   0.0702143
           6   -0.106428  -0.0104713   0.0610784
           7    0.088736  0.00370114   0.0539722
           8   -0.104416  -0.0098135   0.0488884
           9    0.131356    0.005872   0.0459037
          10    0.201348   0.0254196   0.0452846
          11    0.000676   0.0231702   0.0412236
          12    0.156036   0.0342423   0.0392471
          13    0.030712   0.0339708    0.036229
          14    0.005112   0.0319094   0.0336998
          15    0.156264   0.0401997   0.0324569
          16   -0.225388   0.0236005   0.0344121
          17    0.011984   0.0229172   0.0323947
          18    0.026332   0.0231069   0.0305955
          19    0.025632   0.0232398   0.0289855
          20   -0.024412   0.0208572    0.027634
          21    0.059288   0.0226872   0.0263786
          22     0.02614   0.0228442   0.0251801
          23     -0.2704   0.0100944   0.0271217
          24    0.002984  0.00979817   0.0259933
          25    0.017052   0.0100883   0.0249552
          26     0.11204   0.0140095   0.0243015
          27    0.148844   0.0190034    0.023909
          28   -0.114372     0.01424   0.0235249
          29    0.180796   0.0199833   0.0234042
          30    0.109256   0.0229591   0.0228125
          31    0.025232   0.0230324   0.0220767
          32    -0.02154   0.0216395   0.0214307
          33     0.22682   0.0278571   0.0216645
          34     0.16448   0.0318754   0.0213967
          35   -0.098636   0.0281465   0.0211078
          36      0.0825   0.0296563   0.0205754
          37    0.033064   0.0297484   0.0200195
          38   -0.272456   0.0217957    0.021013
          39    0.091824   0.0235913   0.0205508
          40    0.147296   0.0266839   0.0202684
          41    -0.02976   0.0253072   0.0198207
          42    0.065124   0.0262552   0.0193715
          43     -0.0049   0.0255307   0.0189345
          44    0.285932   0.0314489   0.0194071
          45    -0.00846    0.030562    0.018996
          46   -0.156048   0.0265053   0.0190113
          47    0.027916   0.0265353   0.0186069
          48    0.094212   0.0279453   0.0182725
          49      0.1515   0.0304668   0.0180728
          50    0.284272   0.0355429   0.0184104
           1    0.029356    0.029356           0
           2   -0.069548   -0.020096   0.0349678
           3    0.131004   0.0302707    0.047272
           4    0.024088    0.028725   0.0354793
           5     0.08462    0.039904   0.0300931
           6     0.06602   0.0442567   0.0253904
           7   -0.060336   0.0293149   0.0257876
           8   -0.086888   0.0147895   0.0263392
           9   -0.011492   0.0118693    0.023574
          10    0.041024   0.0147848   0.0213961
          11     0.05798   0.0187116   0.0198081
          12   -0.004432    0.016783    0.018251
          13   -0.149144  0.00401938   0.0208376
          14    0.012736    0.004642   0.0193585
          15    0.127756   0.0128496   0.0197313
          16   -0.018744    0.010875   0.0185966
          17   -0.012412  0.00950518   0.0175531
          18    0.048052   0.0116467    0.016708
          19    0.185024   0.0207718   0.0181502
          20   -0.021276   0.0186694   0.0173641
          21   -0.128776   0.0116482   0.0179005
          22    0.079612   0.0147375   0.0173514
          23     0.11994   0.0193115   0.0171893
          24   -0.062068   0.0159207   0.0168042
          25   -0.067112   0.0125994    0.016457
          26    -0.05944  0.00982862   0.0160556
          27   -0.094108  0.00597911   0.0159157
          28    0.100332  0.00934886      0.0157
          29    -0.04168  0.00758924   0.0152569
          30    0.039948  0.00866787   0.0147864
          31    0.015992  0.00890413   0.0143113
          32     0.03872  0.00983587   0.0138944
          33   -0.013212  0.00913745   0.0134909
          34    0.044836   0.0101874   0.0131349
          35    -0.01384  0.00950091   0.0127775
          36    0.040388   0.0103589   0.0124514
          37   -0.114212  0.00699211   0.0125618
          38   -0.011404    0.006508   0.0122405
          39   -0.206208  0.00105374   0.0130855
          40    -0.06056  -0.0004866   0.0128487
          41   -0.111172 -0.00318624   0.0128158
          42    -0.02932 -0.00380848   0.0125258
          43     0.01978 -0.00325991   0.0122465
          44    0.058252 -0.00186191   0.0120477
          45    0.088512   0.0001464   0.0119462
          46   -0.083288 -0.00166739   0.0118234
          47    -0.09588 -0.00367191   0.0117405
          48    0.008516   -0.003418   0.0114987
          49    0.027456 -0.00278792   0.0112812
          50    -0.02976 -0.00332736   0.0110685
           1     0.03756     0.03756           0
           2    0.022336    0.029948   0.0053825
           3   -0.044036  0.00528667   0.0204531
           4   -0.004388    0.002868   0.0154822
           5   -0.024868  -0.0026792   0.0133426
           6   -0.115968  -0.0215607   0.0205114
           7     0.03738  -0.0131406    0.019232
           8     0.03742  -0.0068205   0.0178362
           9   -0.019704   -0.008252   0.0159118
          10    0.029632  -0.0044636   0.0147647
          11   -0.002492 -0.00428436   0.0134235
          12   -0.004108 -0.00426967   0.0123049
          13    0.000148 -0.00392985   0.0113631
          14   -0.005044 -0.00400943   0.0105517
          15    -0.03666 -0.00618613   0.0100703
          16     -0.0694   -0.010137   0.0101865
          17   -0.038324  -0.0117951  0.00972127
          18    0.049928   -0.008366  0.00976727
          19   -0.029568 -0.00948189  0.00931673
          20   -0.017108  -0.0098632  0.00885869
          21    -0.00924 -0.00983352   0.0084369
          22     0.04118 -0.00751473  0.00836599
          23    0.003856 -0.00702035  0.00801684
          24   -0.010588   -0.007169  0.00768419
          25    0.053228 -0.00475312  0.00774729
          26    0.003268 -0.00444462  0.00745546
          27     0.03216 -0.00308889  0.00730155
          28     0.00092 -0.00294571  0.00704219
          29   -0.069304 -0.00523393  0.00716147
          30    0.014416 -0.00457893  0.00695264
          31     -0.0404 -0.00573445  0.00682371
          32   -0.055468 -0.00728862  0.00678515
          33     0.01706 -0.00655079  0.00661953
          34   -0.010368 -0.00666306  0.00642579
          35   -0.099028 -0.00930206  0.00676242
          36   -0.041568  -0.0101983  0.00663371
          37   -0.026412  -0.0106365  0.00646888
          38   -0.027236  -0.0110734  0.00631337
          39    0.006196  -0.0106306    0.006167
          40   -0.029688   -0.011107   0.0060312
          41     0.03956 -0.00987122  0.00600937
          42   -0.028856  -0.0103232  0.00588327
          43    0.079492 -0.00823451  0.00610598
          44    0.077712 -0.00628118  0.00627187
          45   -0.012552 -0.00642053  0.00613404
          46   -0.016176 -0.00663261  0.00600436
          47   -0.026764 -0.00706094  0.00589186
          48    0.027456 -0.00634183  0.00581283
          49   -0.051032 -0.00725388  0.00576531
          50    0.025968 -0.00658944  0.00568816
           1   -0.027164   -0.027164           0
           2    0.007704    -0.00973   0.0123277
           3    0.013216 -0.00208133    0.010322
           4      -0.016   -0.005561  0.00830737
           5   -0.042496   -0.012948  0.00937135
           6    0.021848 -0.00714867  0.00943475
           7      0.0033   -0.005656  0.00820416
           8     0.06112    0.002691   0.0106064
           9    0.018864    0.004488  0.00957895
          10    0.009176   0.0049568  0.00863252
          11   -0.025184  0.00221673  0.00827119
          12   -0.020228 0.000346333  0.00779053
          13    0.046044  0.00386154  0.00794483
          14    0.024192  0.00531371  0.00750889
          15    0.024196  0.00657253  0.00711303
          16   -0.012348     0.00539  0.00676605
          17   -0.061264  0.00146918  0.00741759
          18    0.009152    0.001896  0.00701777
          19    0.002388  0.00192189  0.00664846
          20   -0.040236   -0.000186  0.00664179
          21    0.015884 0.000579238  0.00636945
          22    0.037852  0.00227345  0.00630122
          23   -0.009452  0.00176365  0.00604784
          24    0.003104   0.0018195  0.00579611
          25     0.00242  0.00184352  0.00556431
          26   -0.019856  0.00100892  0.00541253
          27    0.029288   0.0020563  0.00531244
          28    0.001884  0.00205014  0.00512271
          29    0.039392  0.00333779  0.00510533
          30    0.025956  0.00409173  0.00499052
          31   -0.019652  0.00332581  0.00488795
          32    -0.00866  0.00295125  0.00474953
          33    -0.00794  0.00262121  0.00461706
          34    0.008032  0.00278035  0.00448401
          35   -0.021716  0.00208046  0.00441018
          36   -0.033208  0.00110022  0.00439526
          37    0.047192  0.00234595   0.0044495
          38    0.048264  0.00355432   0.0044935
          39    0.021812  0.00402246   0.0044026
          40   -0.021068   0.0033952  0.00433699
          41     0.02782  0.00399093  0.00427192
          42     0.09336  0.00611876  0.00467018
          43    0.031284    0.006704  0.00459809
          44   -0.024816  0.00598764  0.00454905
          45     0.01532  0.00619502  0.00445268
          46    0.008576  0.00624678  0.00435619
          47   -0.046104  0.00513294   0.0044036
          48    -0.01048  0.00480767  0.00432386
          49     0.00128  0.00473567  0.00423621
          50   -0.005276  0.00453544  0.00415622
           1     0.00098     0.00098           0
           2    0.036288    0.018634   0.0124833
           3    0.020292   0.0191867   0.0083344
           4   -0.023608    0.008488   0.0111767
           5    0.027832   0.0123568   0.0095876
           6    0.010864    0.012108  0.00799289
           7    0.000364   0.0104303  0.00702492
           8   -0.060836    0.001522   0.0103548
           9    0.046708  0.00654267   0.0103501
          10    0.001332   0.0060216  0.00932818
          11     -0.0228  0.00340145  0.00884049
          12    0.002404  0.00331833  0.00810417
          13     0.01384  0.00412769  0.00752108
          14     -0.0096  0.00314714  0.00704749
          15    0.012544   0.0037736  0.00660544
          16   -0.012524    0.002755  0.00627065
          17   -0.009564  0.00203035  0.00594351
          18    0.010464  0.00249889  0.00563175
          19   -0.001892  0.00226779  0.00534008
          20   -0.020068    0.001151  0.00518854
          21    0.002368  0.00120895  0.00494179
          22   -0.018264 0.000323818  0.00479578
          23   -0.006008 4.85217e-05  0.00459516
          24    0.001964 0.000128333  0.00440439
          25    0.024768  0.00111392  0.00433709
          26    0.000144  0.00107662  0.00417044
          27    0.007012  0.00129644  0.00402177
          28    0.019972  0.00196343  0.00393305
          29   -0.020776  0.00117931   0.0038748
          30    0.004868  0.00130227  0.00374759
          31    0.015944  0.00177458  0.00365635
          32    0.017936  0.00227963  0.00357679
          33   -0.044308 0.000867879  0.00373664
          34    0.005028 0.000990235  0.00362874
          35    0.010748  0.00126903  0.00353576
          36   -0.004936  0.00109667  0.00344174
          37      -0.022 0.000472432  0.00340486
          38   -0.029492-0.000316105  0.00340534
          39   -0.028032 -0.00102677  0.00339137
          40    -0.00612  -0.0011541  0.00330898
          41    0.014128-0.000781366  0.00324919
          42   -0.003256-0.000840286  0.00317237
          43    0.011188-0.000560558   0.0031109
          44    0.002208-0.000497636  0.00304083
          45    0.012152-0.000216533  0.00298622
          46     0.02268 0.000281217   0.0029625
          47   -0.004616 0.000177021   0.0029013
          48   -0.020372-0.000251083  0.00287227
          49    0.023028    0.000224  0.00285267
          50    0.003552  0.00029056  0.00279639
           1   -0.009648   -0.009648           0
           2    0.006264   -0.001692  0.00562574
           3   -0.014256    -0.00588  0.00507534
           4    0.013232   -0.001102  0.00562241
           5    0.021336   0.0033856  0.00602845
           6    0.006664    0.003932  0.00504841
           7   -0.022948     9.2e-05  0.00560034
           8       0.011   0.0014555  0.00506356
           9    -0.00226  0.00104267  0.00451774
          10   -0.009212    1.72e-05  0.00418073
          11   -0.003192-0.000274545  0.00381083
          12   -0.000112   -0.000261  0.00349329
          13    0.018848  0.00120892  0.00352027
          14      0.0033  0.00135829  0.00327199
          15    0.015336  0.00229013  0.00318379
          16   -0.031472     0.00018   0.0036171
          17     -0.0303 -0.00161294  0.00382296
          18   -0.033236 -0.00336978   0.0039939
          19    0.014888 -0.00240884  0.00389758
          20   -0.000584  -0.0023176  0.00370377
          21    0.010048 -0.00172876   0.0035739
          22    0.009404 -0.00122273  0.00344709
          23    0.026052-3.68696e-05  0.00349525
          24   -0.001284-8.88333e-05     0.00335
          25     0.01068  0.00034192  0.00324357
          26    -0.01708-0.000328154  0.00318728
          27    0.027132 0.000688889  0.00322742
          28    -0.02578-0.000256429  0.00324765
          29     0.00734 5.51724e-06  0.00314621
          30   -0.000504-1.14667e-05  0.00304138
          31     -0.0271 -0.00088529  0.00306623
          32    0.015764   -0.000365  0.00301423
          33    0.009616-6.25455e-05  0.00293803
          34   -0.012624   -0.000432  0.00287475
          35    0.008088-0.000188571   0.0028029
          36   -0.005572-0.000338111  0.00272903
          37    -0.00484-0.000459784  0.00265798
          38   -0.031332 -0.00127221  0.00270936
          39    0.004584 -0.00112205  0.00264404
          40    0.000612  -0.0010787   0.0025783
          41    0.005748-0.000912195  0.00252078
          42    0.011284 -0.00062181  0.00247743
          43    0.008924-0.000399814  0.00242974
          44   -0.011468-0.000651364  0.00238751
          45    0.025792-6.37333e-05  0.00240568
          46    0.005092 4.83478e-05  0.00235599
          47   -0.018708-0.000350723  0.00233942
          48   -0.025268-0.000869833  0.00234757
          49    0.008748-0.000673551  0.00230785
          50    0.009728 -0.00046552  0.00227105
           1    0.001888    0.001888           0
           2    -0.01534   -0.006726  0.00609102
           3   -0.001392   -0.004948  0.00431238
           4   -0.009712   -0.006139  0.00339477
           5   -0.003052  -0.0055216  0.00277139
           6   -0.032784  -0.0100653  0.00474746
           7     0.00852 -0.00741029  0.00475405
           8   -0.006168   -0.007255  0.00416233
           9    0.019724 -0.00425733   0.0046558
          10   -0.003312  -0.0041628  0.00419118
          11    0.009564 -0.00291491  0.00399162
          12   -0.010656    -0.00356  0.00371074
          13     1.2e-05 -0.00328523  0.00343546
          14   -0.001928 -0.00318829  0.00319144
          15   -0.015372 -0.00400053   0.0030803
          16   -0.027884 -0.00549325  0.00322928
          17     0.02176 -0.00389012  0.00341414
          18   -0.028364 -0.00524978   0.0034847
          19   -0.014768 -0.00575074  0.00333711
          20     0.01458  -0.0047342  0.00332147
          21     0.01654 -0.00372114   0.0033142
          22      0.0186 -0.00270655  0.00331522
          23    0.007656   -0.002256  0.00320155
          24     3.2e-05 -0.00216067  0.00306957
          25   -0.007296 -0.00236608  0.00295365
          26      0.0018 -0.00220585  0.00284439
          27    0.010028 -0.00175274   0.0027749
          28   -0.001872   -0.001757   0.0026758
          29    0.010488 -0.00133476  0.00261663
          30   -0.011352 -0.00166867  0.00255063
          31    -0.01788 -0.00219161  0.00252139
          32    0.008352 -0.00186213  0.00246403
          33    0.004624 -0.00166558  0.00239719
          34    0.011236 -0.00128612  0.00235653
          35   -0.009352 -0.00151657  0.00230044
          36   -0.005076 -0.00161544  0.00223866
          37    0.006736 -0.00138973   0.0021895
          38    0.012728 -0.00101821  0.00216318
          39    0.002944-0.000916615   0.0021101
          40    0.019608  -0.0004035  0.00211881
          41    0.002988 -0.00032078  0.00206875
          42   -0.002408-0.000370476  0.00202009
          43   -0.011532-0.000630047  0.00198972
          44    0.010536-0.000376273  0.00196061
          45    0.011636-0.000109333  0.00193513
          46   -0.033016-0.000824696  0.00202097
          47   -0.024812 -0.00133506  0.00204139
          48   -0.003064 -0.00137108  0.00199918
          49     0.00682 -0.00120392  0.00196536
          50   -0.014748  -0.0014748  0.00194463
           1    -0.00424    -0.00424           0
           2      0.0028    -0.00072  0.00248902
           3    0.014664    0.004408  0.00450381
           4    0.013568    0.006698  0.00391702
           5   -0.007456   0.0038672  0.00402868
           6    0.015948  0.00588067  0.00382745
           7   -0.006764  0.00407429  0.00368235
           8   -0.009952    0.002321  0.00361544
           9   -0.025788-0.000802222  0.00435875
          10   -0.009604  -0.0016824  0.00401076
          11   -0.009652 -0.00240691  0.00371101
          12    0.008988 -0.00145733  0.00352115
          13     0.00288 -0.00112369  0.00326606
          14   -0.014748 -0.00209686  0.00317444
          15    0.001236 -0.00187467  0.00297058
          16   -0.010368  -0.0024055  0.00283195
          17   -0.000316 -0.00228259  0.00266803
          18    -0.01142 -0.00279022  0.00256765
          19    -0.00986 -0.00316232  0.00245932
          20    0.015316  -0.0022384   0.0025039
          21    0.003804 -0.00195067  0.00240114
          22   -0.016624 -0.00261764  0.00238283
          23    0.014684 -0.00186539  0.00239502
          24    0.009856   -0.001377   0.0023445
          25    -0.01334 -0.00185552  0.00229903
          26   -0.002984 -0.00189892  0.00221102
          27    -0.00504 -0.00201526  0.00213219
          28    -0.00774 -0.00221971  0.00206582
          29    -0.01298 -0.00259076  0.00202763
          30    0.011648 -0.00211613  0.00201483
          31   -0.000912 -0.00207729  0.00195021
          32    0.009932   -0.001702  0.00192503
          33   -0.014928 -0.00210279  0.00190797
          34   -0.012492 -0.00240835  0.00187616
          35   -0.004136 -0.00245771   0.0018232
          36    0.007064 -0.00219322  0.00179164
          37    0.000432 -0.00212227  0.00174462
          38    0.003172 -0.00198295  0.00170427
          39     0.00908 -0.00169928  0.00168401
          40   -0.013836  -0.0020027  0.00166902
          41   -0.001296 -0.00198546   0.0016284
          42   -0.005728 -0.00207457  0.00159206
          43   -0.006572 -0.00217916  0.00155847
          44    0.003176 -0.00205745   0.0015278
          45    0.008012 -0.00183369  0.00151014
          46     0.01162 -0.00154122  0.00150537
          47     3.2e-05 -0.00150774  0.00147371
          48   -0.010176 -0.00168833  0.00145403
          49    0.005656 -0.00153845  0.00143206
          50    0.006556 -0.00137656  0.00141254
           1     0.02324     0.02324           0
           2    -0.00978     0.00673   0.0116743
           3   -0.010764 0.000898667  0.00912376
           4    0.009932    0.003157  0.00711683
           5    0.019592    0.006444  0.00640773
           6    -0.01852  0.00228333   0.0065528
           7    -0.01514-0.000205714  0.00607103
           8   -0.004984   -0.000803  0.00534145
           9   -0.000376-0.000755556  0.00474817
          10   -0.007796  -0.0014596  0.00432523
          11    0.006036-0.000778182  0.00398535
          12    0.013808 0.000437333  0.00383412
          13   -0.000884 0.000335692  0.00354054
          14     -0.0021 0.000161714  0.00329191
          15    0.018128  0.00135947  0.00328313
          16   -0.002592   0.0011125  0.00308721
          17   -0.002404 0.000905647  0.00291253
          18    0.010012  0.00141156  0.00279431
          19    0.009844  0.00185537  0.00268226
          20     0.00486   0.0020056  0.00255235
          21   -0.002952  0.00176952   0.0024417
          22    0.003624  0.00185382  0.00233217
          23   -0.006168  0.00150504   0.0022567
          24    0.001532  0.00150617  0.00216267
          25   -0.010256  0.00103568  0.00212673
          26   -0.003124 0.000875692  0.00205094
          27   -0.001068 0.000803704  0.00197624
          28     -0.0002 0.000767857  0.00190598
          29   -0.000824 0.000712966  0.00184105
          30   -0.000396    0.000676  0.00178005
          31    0.001132  0.00069071  0.00172269
          32    0.008696 0.000940875  0.00168693
          33   -0.007976 0.000670667  0.00165731
          34   -0.005632 0.000485294   0.0016189
          35    0.011536 0.000801029  0.00160314
          36    0.006372 0.000955778  0.00156605
          37    0.019204  0.00144897  0.00159951
          38    -0.01108  0.00111926  0.00159103
          39    0.010096  0.00134944   0.0015668
          40    0.002132    0.001369  0.00152775
          41    0.005168  0.00146166  0.00149329
          42   -0.013756  0.00109933  0.00150105
          43    0.005652  0.00120521  0.00146987
          44    -0.00478  0.00106918  0.00144275
          45    -0.00656 0.000899644  0.00142061
          46     0.00504 0.000989652  0.00139258
          47     0.00274  0.00102689  0.00136345
          48    0.002136     0.00105  0.00133524
          49    0.010684  0.00124661  0.00132238
          50   -0.005252  0.00111664  0.00130231
           1     0.00692     0.00692           0
           2    0.009568    0.008244 0.000936209
           3   -0.002056  0.00481067  0.00287195
           4    -0.00146    0.003243  0.00254612
           5    0.010224   0.0046392  0.00238923
           6   -0.004272    0.003154  0.00240881
           7    0.000396     0.00276  0.00209667
           8    -0.00156     0.00222  0.00190286
           9   -0.004056  0.00152267  0.00181471
          10    0.003848   0.0017552  0.00164807
          11    -0.01066 0.000626545  0.00184467
          12   -0.015236-0.000695333  0.00211212
          13   -0.008508 -0.00129631  0.00203335
          14   -0.011508 -0.00202571  0.00201469
          15    0.005524  -0.0015224  0.00194223
          16   -0.010788  -0.0021015  0.00190522
          17   -0.004776 -0.00225882  0.00179963
          18    0.010308 -0.00156067  0.00183007
          19    0.019136-0.000471368  0.00203225
          20    0.004484  -0.0002236  0.00194568
          21   -0.008384 -0.00061219  0.00189143
          22    0.003032-0.000446545   0.0018127
          23    -0.00786 -0.00076887  0.00176231
          24    -0.00538   -0.000961  0.00169932
          25    0.002552 -0.00082048  0.00163715
          26   -0.004224-0.000951385   0.0015794
          27    -0.00048-0.000933926    0.001521
          28   -0.004348 -0.00105586  0.00147156
          29   -0.001204 -0.00106097  0.00142083
          30   -0.004112 -0.00116267   0.0013771
          31   -0.011744   -0.001504  0.00137433
          32    0.006476 -0.00125463  0.00135382
          33   -0.009264 -0.00149733  0.00133437
          34    0.014616 -0.00102341  0.00137672
          35   -0.002776 -0.00107349  0.00133829
          36       8e-06 -0.00104344  0.00130145
          37    0.006924-0.000828108  0.00128397
          38   -0.005744-0.000957474  0.00125668
          39   -0.007888 -0.00113518  0.00123696
          40    0.012948  -0.0007831  0.00125514
          41   -0.007776-0.000953659  0.00123606
          42   -0.007488 -0.00110924  0.00121639
          43    -0.00532 -0.00120716  0.00119203
          44     0.01128-0.000923364  0.00119825
          45    0.011148-0.000655111  0.00120127
          46    0.003192-0.000571478  0.00117807
          47    0.009072-0.000366298  0.00117073
          48    0.012608    -9.6e-05  0.00117713
          49    0.002424-4.45714e-05  0.00115423
          50     0.01008  0.00015792  0.00114877
           1   -0.009348   -0.009348           0
           2    0.010884    0.000768  0.00715309
           3   -0.004468-0.000977333   0.0049771
           4    0.001308   -0.000406  0.00376548
           5    0.010748   0.0018248  0.00361326
           6   -0.001076  0.00134133  0.00304322
           7    -0.00592    0.000304  0.00277965
           8   -0.001144    0.000123  0.00243808
           9   -0.004632-0.000405333  0.00222369
          10      0.0016  -0.0002048  0.00201035
          11    0.006204 0.000377818  0.00191015
          12    -0.00676   -0.000217  0.00184125
          13    0.011644 0.000695385  0.00191236
          14    0.000164 0.000657429  0.00177614
          15    0.002004   0.0007472     0.00166
          16   -0.007512    0.000231  0.00163454
          17   -0.009804-0.000359294  0.00164152
          18    -0.00714   -0.000736  0.00159296
          19    -0.00726 -0.00107937  0.00154569
          20    -0.00566  -0.0013084  0.00148527
          21   -0.013528 -0.00189029  0.00152427
          22    0.006584 -0.00150509  0.00150287
          23   -0.002508  -0.0015487  0.00143816
          24    0.004156   -0.001311  0.00139774
          25   -0.009428 -0.00163568  0.00137903
          26    0.003416 -0.00144138   0.0013396
          27   -0.005244 -0.00158222  0.00129737
          28    0.014664   -0.001002  0.00137467
          29    0.004576-0.000809655  0.00134066
          30    0.006676-0.000560133  0.00131899
          31    0.000508-0.000525677  0.00127689
          32    0.008176 -0.00025375  0.00126561
          33    -0.00734-0.000468485  0.00124534
          34    0.003632-0.000347882  0.00121454
          35    0.010368-4.17143e-05  0.00121782
          36   -0.009084-0.000292889  0.00120962
          37   -0.003424-0.000377514  0.00117988
          38    -0.00254-0.000434421   0.0011502
          39   -0.007764-0.000622359  0.00113596
          40    -0.00722  -0.0007873  0.00111947
          41    0.003076-0.000693073  0.00109613
          42   -0.010256-0.000920762  0.00109342
          43   -0.000972-0.000921953  0.00106799
          44    0.004756-0.000792909  0.00105149
          45   -0.001864-0.000816711  0.00102839
          46    0.015376-0.000464696  0.00106458
          47   -0.006556-0.000594298  0.00104979
          48   -0.004768 -0.00068125  0.00103151
          49   -0.007648-0.000823429  0.00102021
          50   -0.001276 -0.00083248 0.000999846
           1   -0.000412   -0.000412           0
           2   -0.001096   -0.000754 0.000241831
           3    0.011044  0.00317867  0.00321505
           4   -0.009916    -9.5e-05  0.00372183
           5     -0.0089   -0.001856  0.00336841
           6    0.006988   -0.000382  0.00311285
           7   -0.004096-0.000912571    0.002713
           8    0.003536  -0.0003565  0.00243019
           9    0.012792  0.00110444  0.00256194
          10   -0.003996   0.0005944  0.00235597
          11    -0.00772-0.000161455  0.00225979
          12   -0.003104-0.000406667  0.00208474
          13    0.008928 0.000311385   0.0020443
          14   -0.002592    0.000104  0.00190877
          15    0.007532   0.0005992  0.00184463
          16   -0.007092   0.0001185  0.00179088
          17    0.002924 0.000283529  0.00169312
          18    0.000752 0.000309556  0.00159926
          19   -0.007176-8.44211e-05  0.00156286
          20    0.000932   -3.36e-05  0.00148555
          21      0.0029 0.000106095  0.00142136
          22    0.001256 0.000158364  0.00135771
          23   -0.003736-1.09565e-05   0.0013092
          24    0.005988    0.000239  0.00127829
          25     0.00406  0.00039184  0.00123626
          26   -0.012884-0.000118769  0.00128985
          27   -0.000456-0.000131259  0.00124214
          28   -0.003872-0.000264857  0.00120494
          29   -0.000464-0.000271724  0.00116341
          30   -0.005428  -0.0004436  0.00113726
          31   -0.013924-0.000878452  0.00118079
          32    -0.00238-0.000925375  0.00114482
          33    0.007288-0.000676485  0.00113686
          34    0.004992-0.000509765  0.00111558
          35    0.002716  -0.0004176  0.00108751
          36    0.001052-0.000376778  0.00105806
          37    0.009448-0.000111243  0.00106227
          38    0.009072 0.000130421  0.00106144
          39   -0.011016-0.000155385  0.00107202
          40    0.001724  -0.0001084  0.00104624
          41   -0.002988-0.000178634  0.00102308
          42   -0.001504 -0.00021019 0.000999208
          43   -0.003876-0.000295442 0.000979601
          44   -0.006044-0.000426091  0.00096601
          45    0.001636-0.000380267  0.00094563
          46   -0.000136-0.000374957 0.000925087
          47    0.001612-0.000332681  0.00090637
          48   -0.001064-0.000347917 0.000887615
          49     -0.0025-0.000391837 0.000870587
          50   -0.001096 -0.00040592 0.000853289
           1    0.000948    0.000948           0
           2   -0.003636   -0.001344  0.00162069
           3   -0.009088 -0.00392533  0.00236846
           4    0.004696    -0.00177  0.00257672
           5    0.002716  -0.0008728  0.00221207
           6   -0.000996-0.000893333  0.00184349
           7    0.001688-0.000524571  0.00161659
           8   -0.000304   -0.000497  0.00141475
           9    0.004956 0.000108889  0.00138122
          10    0.014056   0.0015036  0.00181549
          11    -0.00262  0.00112873   0.0016887
          12    -0.00012  0.00102467  0.00155118
          13    0.001228  0.00104031  0.00143194
          14    0.005064  0.00132771  0.00135819
          15    0.002968  0.00143707  0.00127204
          16   -0.003584  0.00112325  0.00123064
          17    -0.00564 0.000725412  0.00122086
          18   -0.012092 1.33333e-05  0.00134476
          19    -0.00256-0.000122105  0.00128079
          20   -0.002992  -0.0002656  0.00122476
          21    0.009348  0.00019219  0.00124907
          22   -0.009448   -0.000246  0.00126682
          23    0.012848 0.000323304  0.00133354
          24   -0.002728 0.000196167  0.00128403
          25    -0.00544  -2.928e-05   0.0012523
          26   -0.008052-0.000337846  0.00124157
          27   -0.010596-0.000717778  0.00125237
          28    0.000316-0.000680857  0.00120818
          29    -0.01008 -0.00100497  0.00120921
          30    0.001208  -0.0009312  0.00117115
          31   -0.003512 -0.00101445  0.00113633
          32   -0.004532 -0.00112438  0.00110612
          33   -0.005064 -0.00124376  0.00107903
          34     0.00566 -0.00104071  0.00106623
          35   -0.001316 -0.00104857  0.00103579
          36    0.006156-0.000848444  0.00102617
          37   -0.005656-0.000978378  0.00100663
          38   -0.002032 -0.00100611  0.00098052
          39    0.001296-0.000947077 0.000957154
          40     0.00458  -0.0008089 0.000943146
          41    -0.01994 -0.00127551  0.00102912
          42     0.00252 -0.00118514  0.00100857
          43    0.002344 -0.00110307 0.000988451
          44    0.010668-0.000835545  0.00100154
          45    0.011872-0.000553156  0.00101831
          46    0.000544-0.000529304 0.000996454
          47   -0.005008-0.000624596 0.000979798
          48   -0.005568-0.000727583 0.000964783
          49   -0.004356-0.000801633 0.000947931
          50   -0.004268 -0.00087096 0.000931504
           1       0.017       0.017           0
           2    0.005752    0.011376  0.00397677
           3       0.002  0.00825067  0.00367975
           4    0.007032    0.007946   0.0027724
           5    0.001872   0.0067312  0.00246977
           6   -0.005388  0.00471133   0.0027633
           7   -0.012908  0.00219429  0.00332272
           8    0.000716   0.0020095  0.00291251
           9   -0.007664 0.000934667  0.00278016
          10    0.003128    0.001154  0.00251078
          11    0.009716  0.00193236  0.00240015
          12    0.008224  0.00245667  0.00225668
          13   -0.002616  0.00206646  0.00211655
          14    0.006432  0.00237829  0.00198821
          15    0.007444    0.002716  0.00188412
          16   -0.009116   0.0019765  0.00190597
          17   -0.002864  0.00169176    0.001815
          18    0.004248  0.00183378  0.00171971
          19   -0.004108  0.00152105  0.00165739
          20   -0.000228   0.0014336  0.00157683
          21     0.00038  0.00138343  0.00150254
          22    0.007752  0.00167291  0.00146186
          23    0.001784  0.00167774  0.00139831
          24   -0.000768  0.00157583  0.00134376
          25    0.004116  0.00167744  0.00129384
          26     0.00426  0.00177677  0.00124789
          27   -0.002332  0.00162459  0.00121091
          28    0.004264  0.00171886  0.00117133
          29    0.005992  0.00186621  0.00114017
          30   -0.001604  0.00175053  0.00110801
          31   -0.000128  0.00168994  0.00107393
          32    0.007656  0.00187638  0.00105643
          33    -9.2e-05  0.00181673   0.0010261
          34    0.002384  0.00183341 0.000996052
          35    0.005172   0.0019288  0.00097215
          36   -0.002584  0.00180344 0.000953194
          37   -0.002116  0.00169751 0.000933299
          38    0.001148  0.00168305 0.000908851
          39   -0.004064  0.00153569 0.000897414
          40    -0.00326   0.0014158 0.000882951
          41    0.005568  0.00151707 0.000867204
          42     0.00246  0.00153952 0.000846847
          43    0.010152  0.00173981 0.000850509
          44   -0.012952  0.00140591 0.000894325
          45    -0.00042  0.00136533 0.000875371
          46   -0.003776  0.00125357 0.000863447
          47   -0.000812  0.00120962 0.000846194
          48    0.001684   0.0012195 0.000828622
          49    0.000568   0.0012062 0.000811818
          50   -0.007512  0.00103184 0.000814092
           1      -6e-05      -6e-05           0
           2   -0.012596   -0.006328  0.00443215
           3   -0.005692   -0.006116  0.00295983
           4    0.001876   -0.004118  0.00281458
           5    0.005532   -0.002188  0.00283723
           6    0.002632 -0.00138467  0.00247548
           7   -0.006452 -0.00210857  0.00222517
           8   -0.005588  -0.0025435  0.00198907
           9      -8e-05 -0.00226978   0.0017868
          10     0.00474  -0.0015688   0.0017402
          11    0.013996-0.000153818  0.00207915
          12    0.003836 0.000178667  0.00193229
          13   -0.004308-0.000166462  0.00181421
          14   -0.006936    -0.00065  0.00174788
          15    0.000336-0.000584267  0.00163259
          16    0.005476  -0.0002055  0.00157388
          17    0.005908 0.000154118  0.00152182
          18   -0.002324 1.64444e-05  0.00144349
          19   -0.001736-7.57895e-05  0.00137046
          20    0.001968    2.64e-05  0.00130574
          21   -0.001472-4.49524e-05  0.00124551
          22   -0.004888-0.000265091   0.0012082
          23    0.000408-0.000235826  0.00115602
          24     -0.0015  -0.0002885  0.00110905
          25   -0.001016  -0.0003176  0.00106507
          26    -0.00092-0.000340769  0.00102436
          27   -0.002816-0.000432444 0.000990515
          28   -0.004324-0.000571429 0.000964841
          29    0.003232-0.000440276 0.000940442
          30    0.001112-0.000388533 0.000910516
          31   -0.006056-0.000571355 0.000899312
          32    -0.00744   -0.000786 0.000896458
          33    0.000668-0.000741939 0.000870375
          34   -0.004196-0.000843529 0.000850683
          35    0.003256  -0.0007264 0.000834403
          36   -0.009964   -0.000983 0.000849765
          37   -0.003816 -0.00105957 0.000830241
          38    0.002944-0.000954211  0.00081505
          39    0.002324-0.000870154 0.000798474
          40   -0.006632  -0.0010142 0.000791398
          41   -0.008716 -0.00120205 0.000794077
          42    -0.00168 -0.00121343 0.000775252
          43    0.005048 -0.00106781 0.000770777
          44   -0.011568 -0.00130645 0.000789338
          45    0.007624   -0.001108 0.000796354
          46   -0.002304   -0.001134 0.000779467
          47    0.001076 -0.00108698 0.000764299
          48    0.001704 -0.00102883 0.000750585
          49    0.000136 -0.00100506 0.000735643
          50     0.00202 -0.00094456 0.000723414
