           1   -0.419223   -0.419223           0
           2   -0.421928   -0.420575  0.00135268
           3   -0.402166   -0.414439  0.00618608
           4   -0.402943   -0.411565   0.0052339
           5   -0.400165   -0.409285  0.00465125
           6   -0.442158   -0.414764  0.00666636
           7   -0.394365    -0.41185  0.00634312
           8   -0.392036   -0.409373  0.00602581
           9    -0.41096   -0.409549  0.00531719
          10   -0.431046   -0.411699  0.00521912
          11   -0.404422   -0.411037  0.00476701
          12   -0.422445   -0.411988  0.00445428
          13   -0.406579   -0.411572  0.00411842
          14   -0.430582    -0.41293  0.00404748
          15   -0.414832   -0.413057  0.00377013
          16   -0.406763   -0.412663   0.0035485
          17    -0.43526   -0.413992   0.0035885
          18   -0.380919   -0.412155     0.00385
          19   -0.420545   -0.412597  0.00366841
          20   -0.382532   -0.411093  0.00379094
          21   -0.426912   -0.411847  0.00368374
          22   -0.408937   -0.411714   0.0035148
          23   -0.432735   -0.412628  0.00348063
          24   -0.393018   -0.411811  0.00343117
          25   -0.432768   -0.412649  0.00339614
          26   -0.427483    -0.41322  0.00331241
          27   -0.416766   -0.413351  0.00319007
          28   -0.452163   -0.414737   0.0033721
          29   -0.431987   -0.415332  0.00330766
          30   -0.411233   -0.415196  0.00319843
          31   -0.419259   -0.415327  0.00309631
          32   -0.401975   -0.414909  0.00302688
          33   -0.400508   -0.414473    0.002966
          34   -0.424266   -0.414761  0.00289183
          35   -0.406267   -0.414518  0.00281845
          36   -0.419147   -0.414647  0.00274206
          37   -0.420446   -0.414804  0.00267152
          38   -0.384697   -0.414011  0.00271829
          39   -0.406002   -0.413806  0.00265563
          40   -0.404547   -0.413575  0.00259872
          41   -0.407674   -0.413431  0.00253862
          42   -0.417682   -0.413532  0.00247951
          43   -0.409065   -0.413428  0.00242339
          44   -0.384152   -0.412763  0.00245939
          45   -0.410312   -0.412708  0.00240473
          46   -0.441519   -0.413335  0.00243384
          47   -0.402172   -0.413097  0.00239331
          48   -0.390463   -0.412625   0.0023899
          49    -0.43227   -0.413026   0.0023747
          50   -0.408279   -0.412931  0.00232866
