           1    0.049111    0.049111           0
           2   0.0482443   0.0486777 0.000433332
           3   0.0490651   0.0488068 0.000281545
           4   0.0491806   0.0489003 0.000219925
           5     0.04962   0.0490442 0.000223034
           6   0.0481423   0.0488939 0.000236136
           7   0.0496971   0.0490086 0.000230209
           8   0.0492065   0.0490334 0.000200895
           9   0.0490742   0.0490379 0.000177231
          10   0.0491569   0.0490498 0.000158966
          11   0.0490278   0.0490478 0.000143804
          12   0.0492111   0.0490614 0.000131978
          13   0.0493972   0.0490872  0.00012412
          14     0.04833   0.0490332 0.000127006
          15   0.0489165   0.0490254 0.000118492
          16   0.0488817   0.0490164 0.000111202
          17   0.0493313   0.0490349 0.000106086
          18   0.0494965   0.0490606 0.000103254
          19   0.0485683   0.0490347 0.000101047
          20   0.0491596   0.0490409 9.60646e-05
          21   0.0489474   0.0490365  9.1484e-05
          22   0.0488523   0.0490281 8.76273e-05
          23   0.0486966   0.0490137  8.4962e-05
          24   0.0494874   0.0490334 8.37056e-05
          25   0.0484663   0.0490107 8.34302e-05
          26   0.0485971   0.0489948 8.17203e-05
          27   0.0491112   0.0489991 7.87534e-05
          28   0.0485013   0.0489813 7.79435e-05
          29   0.0492258   0.0489898 7.56787e-05
          30   0.0490803   0.0489928 7.31748e-05
          31   0.0489997    0.048993 7.07753e-05
          32   0.0494618   0.0490077 7.00761e-05
          33   0.0492515   0.0490151 6.83201e-05
          34    0.049065   0.0490165 6.62966e-05
          35   0.0490572   0.0490177  6.4385e-05
          36   0.0495732   0.0490331 6.44454e-05
          37   0.0483286   0.0490141 6.55081e-05
          38   0.0491249    0.049017 6.38275e-05
          39   0.0489207   0.0490145 6.22183e-05
          40   0.0491055   0.0490168 6.06856e-05
          41   0.0482589   0.0489983 6.20062e-05
          42   0.0491011   0.0490008 6.05613e-05
          43   0.0488436   0.0489971 5.92489e-05
          44   0.0493444    0.049005 5.84224e-05
          45   0.0493591   0.0490129 5.76489e-05
          46   0.0486351   0.0490047 5.69765e-05
          47   0.0490126   0.0490048 5.57513e-05
          48   0.0491966   0.0490088 5.47235e-05
          49   0.0489409   0.0490074  5.3613e-05
          50   0.0491079   0.0490094 5.25681e-05
