0
0
0
0
0
0
0
0
0
0
0
0
0
0.123311
13.6664
100.064
192.745
215.499
201.147
173.972
155.243
141.359
128.47
121.409
116.676
112.722
110.293
108.724
106.977
105.524
105.802
106.904
107.16
107.106
105.231
106.397
106.307
106.464
106.657
106.435
105.891
106.061
105.746
104.483
105.315
104.422
104.223
103.918
104.168
103.939
104.117
104.974
104.6
104.698
103.905
104.032
104.211
103.401
103.823
104.234
104.14
104.294
104.972
104.604
104.259
104.078
103.713
103.473
103.092
102.884
102.975
102.567
102.75
102.674
102.571
102.66
102.349
102.514
102.531
102.957
102.755
102.592
102.806
102.887
102.727
102.854
102.98
103.188
103.309
103.632
104.059
103.944
103.967
103.714
104.001
103.756
104.026
103.627
103.913
103.845
