-2.26995
-2.2663
-2.26587
-2.2639
-2.26404
-2.2653
-2.26652
-2.26924
-2.26952
-2.27186
-2.27158
-2.27073
-2.26916
-2.26907
-2.26978
-2.26993
-2.27112
-2.27261
-2.27332
-2.27304
-2.27236
-2.27201
-2.27078
-2.27035
-2.27112
-2.27237
-2.27277
-2.27262
-2.2708
-2.26969
-2.26806
-2.26706
-2.26632
-2.26534
-2.26584
-2.26729
-2.26798
-2.26892
-2.26956
-2.26911
-2.27016
-2.27148
-2.2716
-2.27137
-2.27362
-2.27297
-2.27057
-2.26876
-2.26789
-2.26748
-2.26725
-2.26702
-2.26639
-2.26716
-2.26677
-2.26743
-2.26682
-2.26491
-2.26403
-2.26366
-2.26325
-2.26405
-2.26558
-2.26636
-2.26878
-2.26919
-2.2689
-2.26888
-2.26728
-2.26587
-2.2641
-2.26422
-2.26617
-2.26654
-2.26829
-2.27029
-2.27133
-2.27197
-2.27215
-2.27122
-2.26954
-2.26956
-2.26968
-2.27073
-2.27115
-2.27294
-2.27342
-2.27311
-2.27269
-2.27171
-2.26919
-2.26854
-2.26752
-2.26784
-2.26649
-2.26645
-2.26885
-2.2702
-2.27161
-2.27381
-2.27383
-2.27409
-2.27408
-2.27432
-2.27481
-2.27255
-2.27076
-2.26797
-2.26513
-2.26466
-2.26496
-2.26576
-2.2662
-2.26691
-2.26622
-2.26478
-2.26552
-2.26583
-2.26646
-2.26813
-2.26902
-2.26808
-2.26798
-2.26652
-2.26509
-2.26461
-2.26327
-2.26319
-2.26282
-2.26237
-2.26271
-2.26513
-2.26676
-2.26894
-2.27091
-2.27132
-2.27143
-2.27102
-2.27052
-2.27026
-2.26877
-2.26859
-2.26866
-2.26822
-2.26762
-2.26677
-2.26708
-2.26694
-2.26551
-2.26679
-2.26691
-2.26749
-2.2691
-2.27019
-2.27042
-2.26933
-2.26757
-2.26576
-2.26444
-2.265
-2.26532
-2.26598
-2.26522
-2.26629
-2.26754
-2.26776
-2.2676
-2.26677
-2.26614
-2.26562
-2.26608
-2.26729
-2.2673
-2.26708
-2.26614
-2.26511
-2.26417
-2.26362
-2.26345
-2.26523
-2.26745
-2.26841
-2.27058
-2.27101
-2.27213
-2.27253
-2.27302
-2.27188
-2.26872
-2.26698
-2.26422
-2.26184
-2.26105
-2.26101
-2.26222
-2.26474
-2.26621
-2.26757
-2.26997
-2.27189
-2.27292
-2.27215
-2.27154
-2.26889
-2.26609
-2.26551
-2.26526
-2.26531
-2.26504
-2.26607
-2.26687
-2.26827
-2.26872
-2.27017
-2.26987
-2.26916
-2.26864
-2.26819
-2.27043
-2.27042
-2.27257
-2.27231
-2.27182
-2.27157
-2.271
-2.27049
-2.26744
-2.2664
-2.2654
-2.26485
-2.26413
-2.26545
-2.26801
-2.26881
-2.26856
-2.26963
-2.26894
-2.26882
-2.26891
-2.26785
-2.26857
-2.27027
-2.26976
-2.27067
-2.27234
-2.27373
-2.27505
-2.2756
-2.27317
-2.27145
-2.26955
-2.26828
-2.26933
-2.27056
-2.27042
-2.27055
-2.26991
-2.26967
-2.26939
-2.26892
-2.26817
-2.26662
-2.26639
-2.26514
-2.26321
-2.2636
-2.26379
-2.26437
-2.26651
-2.26737
-2.2673
-2.268
-2.26859
-2.2699
-2.2713
-2.27078
-2.27052
-2.26956
-2.26716
-2.26662
-2.26723
-2.26757
-2.26935
-2.26868
-2.26876
-2.26826
-2.26746
-2.26787
-2.26796
-2.26914
-2.26948
-2.27093
-2.27093
-2.27087
-2.26958
-2.26877
-2.26839
-2.26741
-2.26619
-2.26502
-2.26275
-2.26247
-2.26277
-2.26286
-2.26467
-2.26642
-2.26807
-2.26898
-2.2707
-2.27297
-2.27394
-2.27348
-2.27305
-2.27322
-2.27191
-2.27097
-2.26946
-2.26927
-2.2682
-2.26764
-2.26891
-2.26928
-2.26936
-2.26907
-2.26871
-2.26739
-2.2671
-2.26794
-2.26786
-2.26624
-2.26513
-2.26455
-2.26441
-2.2651
-2.26572
-2.26756
-2.26836
-2.26978
-2.27136
-2.27343
-2.27313
-2.27294
-2.27371
-2.27321
-2.27268
-2.27209
-2.27159
-2.27218
-2.2729
-2.27373
-2.27359
-2.27223
-2.27101
-2.27011
-2.26806
-2.26902
-2.26876
-2.2678
-2.26771
-2.26875
-2.27072
-2.27284
-2.27441
-2.27446
-2.27421
-2.272
-2.26997
-2.26858
-2.26735
-2.26652
-2.26607
-2.26575
-2.266
-2.26688
-2.26847
-2.2684
-2.26912
-2.26928
-2.26918
-2.26839
-2.26811
-2.26887
-2.26993
-2.27159
-2.2725
-2.27236
-2.27203
-2.27065
-2.27035
-2.27032
-2.26898
-2.26695
-2.26638
-2.26725
-2.26793
-2.26953
-2.27027
-2.27018
-2.26917
-2.26823
-2.26766
-2.26795
-2.26837
-2.26801
-2.26935
-2.26967
-2.27092
-2.27244
-2.2733
-2.27286
-2.27138
-2.26956
-2.26858
-2.26822
-2.26822
-2.27069
-2.27199
-2.27151
-2.27042
-2.26965
-2.26827
-2.26899
-2.26942
-2.26946
-2.26959
-2.27037
-2.26955
-2.26971
-2.2699
-2.26871
-2.26802
-2.26806
-2.26947
-2.26926
-2.26902
-2.26991
-2.27034
-2.27079
-2.26998
-2.26952
-2.26973
-2.26967
-2.26914
-2.26956
-2.26914
-2.26833
-2.26965
-2.26973
-2.27121
-2.27252
-2.2741
-2.276
-2.27701
-2.27843
-2.27685
-2.27626
-2.27472
-2.27349
-2.27131
-2.26961
-2.26818
-2.2678
-2.26715
-2.26781
-2.2679
-2.27152
-2.27281
-2.27227
-2.26995
-2.26919
-2.26726
-2.26646
-2.26547
-2.26619
-2.26702
-2.26893
-2.27034
-2.2719
-2.27183
-2.27222
-2.27184
-2.27379
-2.27325
-2.27273
-2.2719
-2.27153
-2.26983
-2.26858
-2.26671
-2.2662
-2.26507
-2.26404
-2.26498
-2.26625
-2.26854
-2.26941
-2.27199
-2.27343
-2.27501
-2.27537
-2.27573
-2.27615
-2.27538
-2.2743
-2.27241
-2.27155
-2.26894
-2.2656
-2.26508
-2.26574
-2.2667
-2.26769
-2.26745
-2.26695
-2.2665
-2.26601
-2.26584
-2.26536
-2.26435
-2.26319
-2.26208
-2.26281
-2.26433
-2.26679
-2.26712
-2.26816
-2.26774
-2.26628
-2.26516
-2.2647
-2.26535
-2.26505
-2.26694
-2.26775
-2.26757
-2.2674
-2.26578
-2.26599
-2.2658
-2.26561
-2.26472
-2.26749
-2.26723
-2.26798
-2.26812
-2.26857
-2.269
-2.26708
-2.26762
-2.26656
-2.26633
-2.26521
-2.26482
-2.26388
-2.26408
-2.26469
-2.26596
-2.26617
-2.2674
-2.26736
-2.26644
-2.26651
-2.26679
-2.2663
-2.26683
-2.26712
-2.26773
-2.26888
-2.27028
-2.27058
-2.26991
-2.26974
-2.2698
-2.26941
-2.26778
-2.26712
-2.26616
-2.26655
-2.26775
-2.27126
-2.27223
-2.27309
-2.27256
-2.273
-2.27204
-2.27009
-2.26961
-2.27068
-2.271
-2.27076
-2.27099
-2.27082
-2.27083
-2.27106
-2.27055
-2.27161
-2.27233
-2.27302
-2.27242
-2.27215
-2.27211
-2.27271
-2.27389
-2.27401
-2.27294
-2.27358
-2.27393
-2.27357
-2.27057
-2.27051
-2.26981
-2.27015
-2.2711
-2.27069
-2.27101
-2.27358
-2.27481
-2.27442
-2.27462
-2.27529
-2.27452
-2.27455
-2.27484
-2.27516
-2.27467
-2.27306
-2.27218
-2.27123
-2.2704
-2.27012
-2.26911
-2.26785
-2.26878
-2.26848
-2.27016
-2.27154
-2.27217
-2.27383
-2.27383
-2.27458
-2.27454
-2.27554
-2.27562
-2.27423
-2.2722
-2.27067
-2.27004
-2.26848
-2.26666
-2.26812
-2.27035
-2.27194
-2.27208
-2.27205
-2.27264
-2.27045
-2.26794
-2.26516
-2.26251
-2.26164
-2.26367
-2.26422
-2.26519
-2.26772
-2.26829
-2.26764
-2.26654
-2.2658
-2.26543
-2.26518
-2.26712
-2.26851
-2.26986
-2.26935
-2.26842
-2.2679
-2.26844
-2.26801
-2.26775
-2.26737
-2.26714
-2.2664
-2.26468
-2.26675
-2.26686
-2.2665
-2.26581
-2.26551
-2.26508
-2.26425
-2.26531
-2.26696
-2.2684
-2.27044
-2.27283
-2.27464
-2.27515
-2.27492
-2.27327
-2.27189
-2.27084
-2.26954
-2.26711
-2.266
-2.26493
-2.26535
-2.26629
-2.26632
-2.26736
-2.26876
-2.26948
-2.26798
-2.26699
-2.26736
-2.26776
-2.26999
-2.27145
-2.27208
-2.2724
-2.27182
-2.26944
-2.26951
-2.26873
-2.26725
-2.26606
-2.26668
-2.26772
-2.26919
-2.27133
-2.27232
-2.27283
-2.27318
-2.27344
-2.27438
-2.27601
-2.2771
-2.27614
-2.27699
-2.27437
-2.2733
-2.27211
-2.27213
-2.27128
-2.27115
-2.27241
-2.27168
-2.27381
-2.27495
-2.27749
-2.27803
-2.27843
-2.27837
-2.27885
-2.27707
-2.27401
-2.27045
-2.26925
-2.26589
-2.26454
-2.26523
-2.26787
-2.27106
-2.27397
-2.27589
-2.27702
-2.2766
-2.27601
-2.27527
-2.27378
-2.27127
-2.2713
-2.27057
-2.26958
-2.26872
-2.2675
-2.26604
-2.26648
-2.26841
-2.27084
-2.27235
-2.27309
-2.2723
-2.27076
-2.26903
-2.2686
-2.2675
-2.26561
-2.26573
-2.26514
-2.26423
-2.26285
-2.26399
-2.26563
-2.26682
-2.26876
-2.27072
-2.27207
-2.27148
-2.27137
-2.27087
-2.27048
-2.27001
-2.26833
-2.26714
-2.26624
-2.26515
-2.26472
-2.26414
-2.26363
-2.26312
-2.26401
-2.26403
-2.2649
-2.26527
-2.26496
-2.2644
-2.26486
-2.26517
-2.26361
-2.26297
-2.26246
-2.26247
-2.26286
-2.26186
-2.2617
-2.26205
-2.26134
-2.26164
-2.264
-2.26542
-2.26792
-2.26772
-2.26709
-2.26779
-2.26872
-2.27022
-2.27198
-2.27219
-2.26988
-2.26731
-2.26537
-2.26391
-2.26273
-2.2623
-2.26155
-2.26127
-2.25923
-2.2604
-2.26224
-2.26395
-2.26484
-2.26636
-2.26764
-2.2681
-2.26768
-2.26534
-2.26493
-2.26358
-2.26275
-2.26329
-2.26487
-2.26595
-2.26744
-2.26932
-2.27106
-2.27186
-2.27166
-2.27046
-2.26858
-2.2662
-2.2652
-2.26445
-2.26376
-2.26332
-2.26501
-2.26551
-2.26719
-2.26848
-2.26885
-2.26916
-2.26876
-2.26865
-2.26814
-2.26838
-2.26776
-2.26715
-2.26769
-2.26797
-2.26784
-2.26567
-2.26504
-2.26377
-2.26214
-2.26117
-2.26056
-2.26207
-2.26338
-2.26467
-2.26568
-2.2679
-2.26885
-2.27084
-2.27044
-2.26897
-2.26811
-2.26813
-2.26602
-2.26456
-2.26462
-2.26495
-2.26613
-2.26865
-2.27124
-2.27273
-2.27414
-2.27395
-2.27358
-2.27168
-2.27097
-2.26994
-2.26903
-2.26803
-2.26654
-2.2665
-2.26507
-2.26472
-2.26482
-2.26468
-2.26303
-2.26418
-2.26649
-2.26909
-2.27097
-2.27131
-2.2713
-2.27087
-2.27154
-2.27137
-2.27077
-2.26979
-2.26654
-2.26541
-2.26431
-2.26368
-2.26294
-2.26478
-2.26861
-2.27099
-2.27185
-2.27175
-2.27076
-2.27026
-2.26942
-2.26739
-2.26538
-2.26372
-2.26339
-2.26281
-2.26476
-2.26386
-2.2653
-2.26459
-2.26319
-2.26155
-2.26149
-2.26178
-2.2627
-2.26455
-2.26923
-2.27353
-2.27689
-2.2773
-2.27494
-2.27249
-2.26854
-2.26489
-2.26043
-2.25806
-2.25596
-2.25665
-2.25982
-2.26258
-2.26303
-2.2635
-2.26545
-2.2677
-2.26929
-2.26979
-2.26974
-2.26906
-2.26931
-2.26895
-2.26759
-2.26628
-2.2661
-2.26548
-2.26441
-2.26363
-2.26357
-2.26285
