-5.10706
-5.06339
-4.99901
-4.91585
-4.82796
-4.74704
-4.6831
-4.64315
-4.62167
-4.61653
-4.61484
-4.61149
-4.60191
-4.5874
-4.57034
-4.55519
-4.54938
-4.55466
-4.56768
-4.58219
-4.59222
-4.59482
-4.58968
-4.58346
-4.58309
-4.59218
-4.60852
-4.62667
-4.63866
-4.64193
-4.63308
-4.61367
-4.58628
-4.5551
-4.52672
-4.50385
-4.48579
-4.47314
-4.46496
-4.46101
-4.46527
-4.47792
-4.49817
-4.52608
-4.56157
-4.59483
-4.62249
-4.64391
-4.65875
-4.66757
-4.67179
-4.6729
-4.67216
-4.67345
-4.67568
-4.68001
-4.67984
-4.67019
-4.6511
-4.62357
-4.59174
-4.56286
-4.54182
-4.53026
-4.5307
-4.53621
-4.54199
-4.54205
-4.52927
-4.50352
-4.46635
-4.42538
-4.38789
-4.35855
-4.34856
-4.36269
-4.39815
-4.4454
-4.4912
-4.52515
-4.54403
-4.55275
-4.55586
-4.56112
-4.57239
-4.59474
-4.62534
-4.66035
-4.69274
-4.71387
-4.71728
-4.70488
-4.6766
-4.6389
-4.59546
-4.55731
-4.53399
-4.52849
-4.54473
-4.58246
-4.63474
-4.69809
-4.76501
-4.82903
-4.88418
-4.92315
-4.94678
-4.95315
-4.94465
-4.92695
-4.90293
-4.87664
-4.84962
-4.82205
-4.79014
-4.75334
-4.71625
-4.68135
-4.65587
-4.64542
-4.64899
-4.66167
-4.67866
-4.68968
-4.68993
-4.67759
-4.65124
-4.61575
-4.57369
-4.53016
-4.49124
-4.46284
-4.44559
-4.44274
-4.45378
-4.4761
-4.50849
-4.54741
-4.58945
-4.63105
-4.66729
-4.69799
-4.72071
-4.73488
-4.74217
-4.74353
-4.7404
-4.7308
-4.71479
-4.69961
-4.68628
-4.68082
-4.68541
-4.69657
-4.70928
-4.7173
-4.71633
-4.70475
-4.68439
-4.66104
-4.63798
-4.62021
-4.60824
-4.60512
-4.60718
-4.61034
-4.61266
-4.61229
-4.61002
-4.60656
-4.60382
-4.60196
-4.59833
-4.59209
-4.5802
-4.56065
-4.53187
-4.49541
-4.45786
-4.43215
-4.42666
-4.44116
-4.47208
-4.50966
-4.55263
-4.59747
-4.64126
-4.67602
-4.69418
-4.69367
-4.67003
-4.62667
-4.57005
-4.50725
-4.4482
-4.40149
-4.37057
-4.36042
-4.37494
-4.41139
-4.46175
-4.51356
-4.55799
-4.5855
-4.59443
-4.58749
-4.56711
-4.54041
-4.5138
-4.4932
-4.47855
-4.47098
-4.46881
-4.4729
-4.47748
-4.47967
-4.47703
-4.47106
-4.47286
-4.48968
-4.53193
-4.58836
-4.64778
-4.70044
-4.74173
-4.77106
-4.78403
-4.78236
-4.76266
-4.72758
-4.68242
-4.63743
-4.59951
-4.57017
-4.54979
-4.53659
-4.52268
-4.508
-4.49377
-4.48263
-4.47951
-4.48145
-4.4817
-4.48336
-4.48991
-4.50633
-4.53476
-4.5688
-4.59595
-4.61176
-4.61392
-4.60857
-4.60573
-4.61009
-4.62326
-4.6468
-4.67651
-4.70783
-4.73423
-4.75194
-4.76021
-4.75862
-4.74809
-4.72449
-4.6883
-4.64689
-4.6056
-4.57256
-4.55144
-4.53612
-4.52158
-4.50611
-4.48961
-4.47837
-4.47819
-4.48687
-4.49774
-4.49993
-4.48932
-4.47287
-4.45698
-4.44639
-4.44582
-4.45088
-4.46218
-4.47538
-4.48853
-4.5023
-4.51641
-4.5361
-4.5642
-4.60438
-4.65081
-4.69867
-4.74086
-4.77527
-4.79968
-4.81147
-4.8097
-4.7943
-4.76563
-4.73038
-4.69245
-4.65686
-4.63032
-4.61338
-4.6059
-4.60598
-4.61395
-4.62887
-4.64823
-4.67048
-4.69397
-4.71411
-4.72263
-4.71688
-4.69618
-4.66839
-4.64074
-4.62235
-4.61662
-4.61766
-4.62211
-4.62803
-4.6353
-4.6417
-4.64712
-4.65033
-4.64839
-4.63819
-4.61842
-4.5886
-4.5535
-4.52178
-4.49965
-4.49195
-4.49729
-4.51674
-4.54783
-4.58738
-4.62825
-4.66911
-4.70785
-4.74
-4.76472
-4.78059
-4.78844
-4.793
-4.79828
-4.80657
-4.81403
-4.81446
-4.80415
-4.78242
-4.75124
-4.71987
-4.68719
-4.65437
-4.62477
-4.60556
-4.60697
-4.63376
-4.68015
-4.73353
-4.78423
-4.82303
-4.8469
-4.85275
-4.83855
-4.80639
-4.76226
-4.71541
-4.6763
-4.65138
-4.64144
-4.64067
-4.64711
-4.65586
-4.66533
-4.67476
-4.68671
-4.70426
-4.72905
-4.76163
-4.79761
-4.83135
-4.85809
-4.87295
-4.87596
-4.86542
-4.83976
-4.80083
-4.75378
-4.70332
-4.65341
-4.6105
-4.57632
-4.55161
-4.53432
-4.52195
-4.5108
-4.49818
-4.48286
-4.46674
-4.45704
-4.45538
-4.46586
-4.48639
-4.51104
-4.53221
-4.54414
-4.54492
-4.53737
-4.52632
-4.51821
-4.52064
-4.53081
-4.54304
-4.55128
-4.55241
-4.54633
-4.53966
-4.53391
-4.53098
-4.53134
-4.5347
-4.53782
-4.54248
-4.54676
-4.54774
-4.54577
-4.54105
-4.53641
-4.53223
-4.53329
-4.54268
-4.55848
-4.57829
-4.59603
-4.60852
-4.61338
-4.61011
-4.60109
-4.59022
-4.57701
-4.56248
-4.55024
-4.539
-4.53443
-4.5389
-4.55729
-4.59231
-4.64026
-4.6945
-4.74207
-4.7797
-4.80181
-4.80876
-4.7999
-4.77801
-4.74501
-4.70518
-4.66256
-4.62551
-4.59909
-4.59214
-4.59772
-4.60821
-4.61262
-4.60596
-4.58272
-4.54787
-4.50706
-4.47156
-4.44848
-4.44361
-4.4546
-4.47707
-4.50371
-4.53434
-4.56942
-4.61426
-4.66262
-4.712
-4.75666
-4.79352
-4.81808
-4.82932
-4.82292
-4.79824
-4.75351
-4.69496
-4.63514
-4.58319
-4.54436
-4.51599
-4.50177
-4.50129
-4.51708
-4.54624
-4.58609
-4.63165
-4.67606
-4.71421
-4.73985
-4.75046
-4.74106
-4.71286
-4.67337
-4.63095
-4.5991
-4.58708
-4.59124
-4.60366
-4.61806
-4.6315
-4.64225
-4.64597
-4.63782
-4.61645
-4.58729
-4.56374
-4.55498
-4.56327
-4.58068
-4.60368
-4.62345
-4.63355
-4.6314
-4.61907
-4.60379
-4.59158
-4.59068
-4.59739
-4.60727
-4.61623
-4.61927
-4.61826
-4.61276
-4.60809
-4.60934
-4.62461
-4.64752
-4.67886
-4.71124
-4.74006
-4.76184
-4.77308
-4.77773
-4.77057
-4.75381
-4.72758
-4.69732
-4.66586
-4.63788
-4.61435
-4.59639
-4.58254
-4.57465
-4.56997
-4.56808
-4.56915
-4.56994
-4.56792
-4.56608
-4.56646
-4.57254
-4.58515
-4.60262
-4.62152
-4.63998
-4.6572
-4.66978
-4.67294
-4.66171
-4.63646
-4.59961
-4.5634
-4.54114
-4.54327
-4.56321
-4.5935
-4.62192
-4.6432
-4.65126
-4.64582
-4.63095
-4.61032
-4.58729
-4.56796
-4.55624
-4.54932
-4.54329
-4.53537
-4.52568
-4.52024
-4.51984
-4.52448
-4.53055
-4.53778
-4.54581
-4.55641
-4.57124
-4.58939
-4.61013
-4.63389
-4.65298
-4.65929
-4.64577
-4.61858
-4.57971
-4.53826
-4.50072
-4.47053
-4.45353
-4.45273
-4.46307
-4.48071
-4.50408
-4.53065
-4.55808
-4.59004
-4.62784
-4.67076
-4.71326
-4.74804
-4.77165
-4.78195
-4.78098
-4.77192
-4.75568
-4.73455
-4.71306
-4.69029
-4.67242
-4.66044
-4.65639
-4.66269
-4.67569
-4.6963
-4.72137
-4.7503
-4.77723
-4.79637
-4.80312
-4.79467
-4.77062
-4.7325
-4.68915
-4.65663
-4.64382
-4.65192
-4.67368
-4.70205
-4.7305
-4.74779
-4.74878
-4.72943
-4.69153
-4.64317
-4.59542
-4.55444
-4.52941
-4.52258
-4.52536
-4.52991
-4.5283
-4.51587
-4.49414
-4.47367
-4.47152
-4.49269
-4.53234
-4.57609
-4.6156
-4.64935
-4.68046
-4.70854
-4.73222
-4.74653
-4.74914
-4.74197
-4.73177
-4.73053
-4.73367
-4.73705
-4.73331
-4.71869
-4.69235
-4.65742
-4.62212
-4.59173
-4.57056
-4.56274
-4.57069
-4.59426
-4.62884
-4.66673
-4.69909
-4.72249
-4.73481
-4.73441
-4.71946
-4.69241
-4.65469
-4.61401
-4.57683
-4.54683
-4.52717
-4.5157
-4.50891
-4.50349
-4.50189
-4.50595
-4.51603
-4.53585
-4.56376
-4.59795
-4.63389
-4.66478
-4.68446
-4.69354
-4.6867
-4.66443
-4.63156
-4.5971
-4.56886
-4.55394
-4.55389
-4.56199
-4.57182
-4.57939
-4.58556
-4.59658
-4.61792
-4.64709
-4.67518
-4.69846
-4.70705
-4.70456
-4.69104
-4.67187
-4.64975
-4.63085
-4.61968
-4.61591
-4.62716
-4.65225
-4.69516
-4.75119
-4.81687
-4.88347
-4.94312
-4.98581
-5.00756
-5.0062
-4.98381
-4.93879
-4.88335
-4.8305
-4.79396
-4.78091
-4.79048
-4.8154
-4.84745
-4.87859
-4.90463
-4.92162
-4.92659
-4.91868
-4.90232
-4.87566
-4.84021
-4.79638
-4.7438
-4.68521
-4.63069
-4.59338
-4.58517
-4.60572
-4.64159
-4.6742
-4.69321
-4.69671
-4.68895
-4.67205
-4.64923
-4.62553
-4.60014
-4.57586
-4.55538
-4.54444
-4.54334
-4.55292
-4.57528
-4.60842
-4.64794
-4.68792
-4.72718
-4.76238
-4.79118
-4.80969
-4.81381
-4.80519
-4.78682
-4.76282
-4.73726
-4.71033
-4.68237
-4.65503
-4.63376
-4.62081
-4.61956
-4.62654
-4.63779
-4.65054
-4.66383
-4.67481
-4.68065
-4.68394
-4.68387
-4.68042
-4.67254
-4.65788
-4.6389
-4.61663
-4.59258
-4.57462
-4.57056
-4.58055
-4.60347
-4.62858
-4.65196
-4.67353
-4.69542
-4.72391
-4.76269
-4.80769
-4.84865
-4.87626
-4.8844
-4.87387
-4.85091
-4.82225
-4.78976
-4.75486
-4.71562
-4.67803
-4.64223
-4.61176
-4.59048
-4.5822
-4.58438
-4.59114
-4.5952
-4.58881
-4.57184
-4.54163
-4.50434
-4.4682
-4.43984
-4.42266
-4.42149
-4.44057
-4.48145
-4.53761
-4.59502
-4.63846
-4.65801
-4.65007
-4.61847
-4.56866
-4.51038
-4.45476
-4.41221
-4.38342
-4.3713
-4.3737
-4.389
-4.41555
-4.44806
-4.48155
-4.50995
-4.53209
-4.54812
-4.56317
-4.5822
-4.60471
-4.62787
-4.64525
-4.65548
-4.65319
-4.63808
-4.61327
-4.58281
-4.55417
-4.53104
-4.51798
-4.51629
-4.52684
-4.54531
-4.5714
-4.59805
-4.62208
-4.64052
-4.64961
-4.64374
-4.62497
-4.59578
-4.5598
-4.52691
-4.50984
-4.51668
-4.54685
-4.59299
-4.64161
-4.68421
-4.71375
-4.73129
-4.7359
-4.72939
-4.71245
-4.68545
-4.65208
-4.6122
-4.57001
-4.5241
-4.47281
-4.41792
-4.37181
-4.34261
-4.33571
-4.34968
-4.37739
-4.4124
-4.44993
-4.48981
-4.52864
-4.56353
-4.58962
-4.59996
-4.59504
-4.57053
-4.52737
-4.47187
-4.42486
-4.41095
-4.437
-4.48666
-4.53793
-4.58003
-4.61285
-4.63579
-4.64702
-4.64689
-4.63739
-4.62423
-4.61154
-4.60553
-4.60007
-4.59614
-4.58402
-4.56126
-4.52727
-4.48598
-4.44115
-4.40077
-4.37639
-4.38546
-4.4369
-4.52352
-4.61933
-4.70163
-4.76104
-4.79148
-4.79254
-4.76188
-4.70363
-4.62471
-4.54711
-4.49143
-4.45979
-4.44048
-4.42815
-4.42523
-4.43475
-4.4565
-4.48636
-4.52022
-4.55506
-4.59103
-4.6252
-4.65521
-4.67959
-4.69695
-4.70378
-4.69933
-4.685
-4.66318
-4.63852
