2.83711
2.79709
2.73315
2.65195
2.56391
2.48174
2.41659
2.37391
2.35215
2.34468
2.34326
2.34076
2.33276
2.31833
2.30055
2.28526
2.27826
2.28206
2.29436
2.30915
2.31986
2.32281
2.31889
2.31311
2.31197
2.31981
2.33575
2.35405
2.36786
2.37224
2.36502
2.34661
2.31996
2.28976
2.26089
2.23656
2.2178
2.20422
2.1954
2.1919
2.19511
2.20644
2.22658
2.25471
2.28795
2.32186
2.35191
2.37515
2.39086
2.40008
2.40454
2.40587
2.40577
2.40629
2.40892
2.41258
2.41302
2.40528
2.38707
2.35992
2.32849
2.29882
2.27625
2.26391
2.26192
2.26702
2.27309
2.27318
2.26199
2.23766
2.20225
2.16116
2.12172
2.09201
2.08028
2.0924
2.12682
2.17343
2.21905
2.25392
2.2745
2.2832
2.28618
2.29038
2.30124
2.32181
2.35192
2.38725
2.42005
2.44217
2.44809
2.43633
2.40908
2.37107
2.32897
2.29086
2.26514
2.25829
2.27312
2.30864
2.36092
2.424
2.49093
2.55471
2.60938
2.65061
2.67602
2.68518
2.67953
2.6623
2.63797
2.61088
2.58342
2.55514
2.52392
2.48856
2.45073
2.41552
2.38941
2.37729
2.37997
2.39358
2.41069
2.42316
2.42485
2.41298
2.38797
2.35255
2.31086
2.2678
2.22853
2.19771
2.17883
2.1738
2.18287
2.20479
2.23707
2.27639
2.31893
2.36079
2.39852
2.4294
2.45205
2.46666
2.47456
2.47676
2.47332
2.46386
2.44928
2.43282
2.41937
2.41333
2.41631
2.42638
2.43886
2.44797
2.44877
2.43899
2.41996
2.39604
2.37265
2.35422
2.34302
2.33883
2.33964
2.34258
2.34506
2.34552
2.34388
2.34095
2.33774
2.33467
2.33104
2.32501
2.31406
2.29554
2.2677
2.23179
2.19441
2.16693
2.15921
2.17275
2.2015
2.23865
2.2805
2.32494
2.36824
2.40414
2.42547
2.42669
2.40582
2.36483
2.309
2.24624
2.18598
2.13675
2.10436
2.09285
2.10497
2.13949
2.18883
2.2414
2.28645
2.31661
2.32834
2.32197
2.30185
2.2751
2.24877
2.22713
2.21169
2.20271
2.20008
2.20272
2.20761
2.21051
2.2084
2.20287
2.20243
2.21926
2.25935
2.31605
2.37596
2.42887
2.47073
2.50057
2.51659
2.51595
2.49725
2.46274
2.41829
2.37198
2.3315
2.30136
2.28123
2.26696
2.25374
2.23918
2.22486
2.21478
2.21094
2.21118
2.21193
2.21269
2.21757
2.2326
2.25971
2.2932
2.32278
2.34031
2.34436
2.34029
2.3364
2.33952
2.35284
2.37625
2.4066
2.43815
2.46484
2.48303
2.49204
2.49199
2.4817
2.45935
2.4251
2.38329
2.34181
2.30819
2.28493
2.26875
2.25429
2.23812
2.22102
2.20847
2.20689
2.21609
2.22721
2.23038
2.22216
2.20626
2.18974
2.17883
2.17647
2.1822
2.19342
2.20712
2.22107
2.23443
2.24844
2.26697
2.29471
2.33345
2.37989
2.4278
2.47128
2.5065
2.53129
2.54406
2.54351
2.52929
2.50288
2.46791
2.42969
2.394
2.36564
2.34696
2.33782
2.337
2.34325
2.35589
2.37429
2.39699
2.42092
2.44088
2.45072
2.44591
2.42671
2.39912
2.37254
2.35472
2.34771
2.34838
2.35275
2.35896
2.36659
2.37431
2.38002
2.3824
2.38052
2.37195
2.3533
2.32406
2.28909
2.25668
2.23393
2.22439
2.22893
2.24697
2.27648
2.31395
2.35512
2.39617
2.43414
2.46679
2.49204
2.5085
2.51686
2.52081
2.52538
2.53284
2.54045
2.54223
2.53314
2.51231
2.48318
2.45085
2.41843
2.38658
2.35707
2.33681
2.33625
2.36093
2.40574
2.45907
2.51002
2.55102
2.57694
2.58417
2.5712
2.53987
2.49619
2.44966
2.4103
2.3845
2.37297
2.37228
2.37798
2.38658
2.39614
2.40637
2.4186
2.43539
2.45913
2.49004
2.52511
2.55899
2.58607
2.6023
2.6056
2.5951
2.57078
2.53388
2.4874
2.43608
2.38548
2.34097
2.30605
2.28143
2.26514
2.25371
2.24314
2.23024
2.21449
2.19873
2.18769
2.18571
2.19493
2.21395
2.23774
2.25934
2.27276
2.27535
2.26879
2.2581
2.24999
2.24995
2.25881
2.27152
2.28086
2.28276
2.27806
2.27066
2.26449
2.26153
2.26175
2.26433
2.26827
2.27277
2.27686
2.27903
2.27775
2.27299
2.26694
2.26297
2.26428
2.27277
2.28815
2.3075
2.32605
2.339
2.34365
2.34045
2.33195
2.32066
2.30787
2.29415
2.28059
2.26927
2.26322
2.26637
2.28319
2.31631
2.36325
2.41607
2.46522
2.50345
2.52709
2.53527
2.52859
2.5084
2.47684
2.43738
2.39541
2.3577
2.3312
2.32062
2.32491
2.33594
2.34267
2.33677
2.31546
2.28141
2.24159
2.20537
2.18146
2.17467
2.18426
2.20517
2.23188
2.26211
2.29758
2.34047
2.38937
2.43927
2.48475
2.522
2.54825
2.56074
2.5562
2.53203
2.48844
2.43092
2.37017
2.31693
2.27582
2.24658
2.22978
2.22786
2.24207
2.27086
2.31036
2.3555
2.40068
2.43991
2.46743
2.47891
2.47212
2.44725
2.40829
2.36522
2.3324
2.3194
2.32379
2.33671
2.35156
2.3655
2.37641
2.38061
2.37347
2.35326
2.32522
2.30093
2.29065
2.29648
2.31357
2.33552
2.35571
2.36727
2.36623
2.35437
2.33845
2.32653
2.32374
2.32964
2.3397
2.34883
2.35348
2.35227
2.34695
2.34247
2.34463
2.35712
2.38029
2.41088
2.44312
2.47149
2.49284
2.506
2.51011
2.50401
2.48747
2.46237
2.4325
2.40198
2.3738
2.34966
2.33043
2.31637
2.30726
2.30261
2.30164
2.30264
2.30315
2.30162
2.29925
2.29935
2.30481
2.31627
2.33234
2.35094
2.37007
2.38746
2.39998
2.40353
2.39393
2.36934
2.33344
2.29684
2.27339
2.27201
2.29098
2.32041
2.34936
2.37019
2.37921
2.37573
2.36133
2.33964
2.31629
2.2972
2.28525
2.27851
2.27247
2.2643
2.25514
2.24863
2.24751
2.25145
2.25813
2.26563
2.2737
2.2837
2.29735
2.31537
2.33719
2.36032
2.37906
2.38573
2.3752
2.34807
2.3099
2.26812
2.22962
2.19984
2.18252
2.17915
2.18826
2.20629
2.22946
2.25536
2.28356
2.31549
2.353
2.39559
2.43859
2.47498
2.49946
2.51072
2.51058
2.5018
2.48656
2.4667
2.44428
2.42182
2.40226
2.3889
2.38422
2.38886
2.40186
2.42172
2.44683
2.47476
2.50161
2.52214
2.53092
2.524
2.50058
2.46402
2.4225
2.38851
2.37347
2.37998
2.40161
2.43001
2.45786
2.47734
2.48084
2.46427
2.42902
2.38153
2.33175
2.29022
2.26422
2.25486
2.25706
2.26227
2.26177
2.25007
2.22871
2.20849
2.2044
2.22418
2.26248
2.30674
2.34718
2.38145
2.41203
2.44053
2.46447
2.47916
2.48201
2.47557
2.46709
2.46378
2.46681
2.47055
2.4675
2.45318
2.42727
2.39316
2.35681
2.32478
2.30216
2.2923
2.29786
2.31963
2.35368
2.39181
2.42582
2.4506
2.46397
2.46487
2.45235
2.42641
2.38976
2.34866
2.31054
2.2805
2.25982
2.24694
2.23943
2.23551
2.2349
2.23859
2.24828
2.26586
2.29232
2.32587
2.3615
2.39296
2.41501
2.42403
2.41797
2.39718
2.3655
2.33042
2.30114
2.28475
2.28256
2.28967
2.29899
2.30621
2.31211
2.32221
2.34191
2.36999
2.39904
2.42148
2.43268
2.43125
2.41894
2.39974
2.37847
2.35971
2.34727
2.34422
2.35336
2.37729
2.41766
2.47316
2.53844
2.6051
2.66427
2.70873
2.73355
2.73575
2.71456
2.6729
2.61881
2.56527
2.52609
2.50985
2.51651
2.53951
2.57043
2.60199
2.62862
2.64635
2.65281
2.64741
2.63101
2.60509
2.57063
2.52766
2.4763
2.41917
2.36421
2.32497
2.31433
2.33338
2.3685
2.4019
2.42245
2.42769
2.42035
2.40455
2.38362
2.3598
2.335
2.31163
2.29253
2.28045
2.27771
2.2861
2.30652
2.3377
2.37587
2.41644
2.45581
2.49151
2.5207
2.53968
2.54548
2.53805
2.52058
2.49767
2.47255
2.4462
2.41874
2.3919
2.36975
2.35678
2.35466
2.36127
2.37283
2.38614
2.39897
2.40963
2.41704
2.42097
2.42141
2.41795
2.40969
2.39602
2.37721
2.35458
2.33124
2.31299
2.30657
2.31513
2.33556
2.36087
2.38487
2.40574
2.42671
2.45369
2.49072
2.5355
2.57877
2.60895
2.61903
2.60995
2.58818
2.55995
2.52821
2.49359
2.45638
2.41763
2.38
2.3478
2.32564
2.31584
2.31675
2.32304
2.32752
2.32347
2.30692
2.27805
2.24159
2.2049
2.17497
2.15671
2.15406
2.17125
2.21039
2.26574
2.32336
2.368
2.38943
2.38386
2.35327
2.30421
2.24662
2.19144
2.1472
2.11791
2.10412
2.10521
2.12015
2.14638
2.1793
2.2129
2.24181
2.26371
2.28036
2.29602
2.31451
2.33674
2.36003
2.37958
2.39044
2.38942
2.37593
2.35211
2.32225
2.2921
2.26766
2.25331
2.25062
2.25894
2.27647
2.30057
2.32761
2.3531
2.37241
2.38148
2.37772
2.36041
2.33117
2.29485
2.26078
2.24119
2.24544
2.27411
2.31885
2.36766
2.41063
2.44207
2.46032
2.46597
2.46036
2.44442
2.41892
2.38558
2.34713
2.30529
2.25928
2.20813
2.15489
2.10764
2.07612
2.06662
2.07871
2.10608
2.1411
2.17906
2.21827
2.25727
2.29277
2.31983
2.33342
2.32963
2.30622
2.26369
2.20893
2.16008
2.14234
2.166
2.21481
2.26619
2.30927
2.34259
2.36637
2.37963
2.38151
2.37367
2.36083
2.34873
2.34077
2.33621
2.33084
2.31943
2.29807
2.26572
2.22448
2.17936
2.13807
2.11183
2.11624
2.16336
2.24663
2.34204
2.42669
2.48856
2.52294
2.52766
2.50145
2.44556
2.36875
2.29046
2.23161
2.19721
2.17746
2.16465
2.15978
2.16705
2.18721
2.21657
2.25048
2.28601
2.32172
2.35625
2.38762
2.41331
2.43085
2.4383
2.43492
2.42137
2.39961
2.37567
