1.89141
1.86473
1.8221
1.76797
1.70928
1.65449
1.61106
1.58261
1.5681
1.56312
1.56217
1.56051
1.55517
1.54555
1.5337
1.52351
1.51884
1.52137
1.52958
1.53943
1.54657
1.54854
1.54593
1.54207
1.54131
1.54654
1.55716
1.56937
1.57857
1.5815
1.57668
1.56441
1.54664
1.52651
1.50726
1.49104
1.47853
1.46948
1.4636
1.46127
1.46341
1.47096
1.48438
1.50314
1.5253
1.54791
1.56794
1.58343
1.59391
1.60006
1.60302
1.60392
1.60385
1.60419
1.60594
1.60839
1.60868
1.60352
1.59138
1.57328
1.55233
1.53255
1.5175
1.50927
1.50794
1.51134
1.51539
1.51545
1.50799
1.49177
1.46817
1.44078
1.41448
1.39467
1.38685
1.39493
1.41788
1.44895
1.47937
1.50262
1.51633
1.52213
1.52412
1.52692
1.53416
1.54787
1.56795
1.5915
1.61337
1.62811
1.63206
1.62422
1.60605
1.58071
1.55265
1.52724
1.51009
1.50553
1.51541
1.5391
1.57395
1.616
1.66062
1.70314
1.73958
1.76707
1.78401
1.79012
1.78635
1.77486
1.75865
1.74059
1.72228
1.70342
1.68262
1.65904
1.63382
1.61034
1.59294
1.58486
1.58665
1.59572
1.60713
1.61544
1.61657
1.60865
1.59198
1.56837
1.54058
1.51186
1.48569
1.46514
1.45256
1.4492
1.45525
1.46986
1.49138
1.51759
1.54595
1.57386
1.59901
1.6196
1.6347
1.64444
1.6497
1.65118
1.64888
1.64257
1.63285
1.62188
1.61292
1.60888
1.61087
1.61758
1.62591
1.63198
1.63251
1.62599
1.6133
1.59736
1.58177
1.56948
1.56201
1.55922
1.55976
1.56172
1.56337
1.56368
1.56258
1.56063
1.55849
1.55645
1.55402
1.55001
1.54271
1.53036
1.5118
1.48786
1.46294
1.44462
1.43947
1.4485
1.46767
1.49243
1.52033
1.54996
1.57883
1.60276
1.61698
1.61779
1.60388
1.57655
1.53933
1.49749
1.45732
1.4245
1.40291
1.39523
1.40331
1.42633
1.45922
1.49427
1.5243
1.5444
1.55222
1.54798
1.53457
1.51674
1.49918
1.48475
1.47446
1.46847
1.46672
1.46848
1.47174
1.47367
1.47226
1.46858
1.46829
1.47951
1.50623
1.54403
1.58398
1.61925
1.64715
1.66705
1.67773
1.6773
1.66484
1.64182
1.6122
1.58132
1.55434
1.53424
1.52082
1.51131
1.5025
1.49279
1.48324
1.47652
1.47396
1.47412
1.47462
1.47512
1.47838
1.4884
1.50647
1.5288
1.54852
1.56021
1.56291
1.56019
1.5576
1.55968
1.56856
1.58417
1.6044
1.62544
1.64323
1.65535
1.66136
1.66133
1.65446
1.63957
1.61673
1.58886
1.5612
1.5388
1.52329
1.5125
1.50286
1.49208
1.48068
1.47232
1.47126
1.47739
1.48481
1.48692
1.48144
1.47084
1.45983
1.45255
1.45098
1.4548
1.46228
1.47141
1.48072
1.48962
1.49896
1.51131
1.52981
1.55563
1.58659
1.61853
1.64752
1.671
1.68753
1.69604
1.69567
1.68619
1.66859
1.64528
1.61979
1.596
1.5771
1.56464
1.55855
1.558
1.56217
1.5706
1.58286
1.598
1.61395
1.62726
1.63381
1.63061
1.61781
1.59942
1.58169
1.56981
1.56514
1.56559
1.5685
1.57264
1.57773
1.58287
1.58668
1.58827
1.58702
1.5813
1.56887
1.54937
1.52606
1.50445
1.48929
1.48293
1.48595
1.49798
1.51765
1.54263
1.57008
1.59745
1.62276
1.64452
1.66136
1.67233
1.6779
1.68054
1.68359
1.68856
1.69363
1.69482
1.68876
1.67487
1.65545
1.6339
1.61229
1.59105
1.57138
1.55788
1.5575
1.57395
1.60383
1.63938
1.67335
1.70068
1.71796
1.72278
1.71413
1.69325
1.66413
1.63311
1.60687
1.58967
1.58198
1.58152
1.58532
1.59105
1.59743
1.60425
1.6124
1.62359
1.63942
1.66002
1.68341
1.706
1.72404
1.73487
1.73707
1.73006
1.71385
1.68925
1.65827
1.62405
1.59032
1.56064
1.53737
1.52096
1.5101
1.50248
1.49543
1.48683
1.47633
1.46582
1.45846
1.45714
1.46329
1.47597
1.49183
1.50623
1.51517
1.5169
1.51253
1.5054
1.49999
1.49996
1.50588
1.51435
1.52057
1.52184
1.51871
1.51377
1.50966
1.50768
1.50784
1.50955
1.51218
1.51518
1.51791
1.51936
1.5185
1.51533
1.5113
1.50865
1.50952
1.51518
1.52543
1.53833
1.5507
1.55933
1.56243
1.5603
1.55463
1.54711
1.53858
1.52943
1.52039
1.51285
1.50882
1.51092
1.52213
1.54421
1.5755
1.61071
1.64348
1.66896
1.68473
1.69018
1.68573
1.67227
1.65123
1.62492
1.59694
1.5718
1.55413
1.54708
1.54994
1.55729
1.56178
1.55784
1.54364
1.52094
1.49439
1.47025
1.45431
1.44978
1.45617
1.47012
1.48792
1.50808
1.53172
1.56031
1.59291
1.62618
1.6565
1.68133
1.69883
1.70716
1.70414
1.68802
1.65896
1.62061
1.58011
1.54462
1.51721
1.49772
1.48652
1.48524
1.49471
1.51391
1.54024
1.57034
1.60045
1.6266
1.64496
1.65261
1.64808
1.6315
1.60553
1.57681
1.55493
1.54626
1.5492
1.55781
1.56771
1.577
1.58428
1.58707
1.58232
1.56884
1.55014
1.53395
1.5271
1.53098
1.54238
1.55702
1.57047
1.57818
1.57749
1.56958
1.55896
1.55102
1.54916
1.55309
1.5598
1.56589
1.56899
1.56818
1.56464
1.56165
1.56308
1.57141
1.58686
1.60725
1.62875
1.64766
1.66189
1.67066
1.6734
1.66934
1.65832
1.64158
1.62167
1.60132
1.58254
1.56644
1.55362
1.54424
1.53817
1.53508
1.53443
1.53509
1.53543
1.53441
1.53283
1.5329
1.53654
1.54418
1.55489
1.5673
1.58005
1.59164
1.59999
1.60235
1.59595
1.57956
1.55563
1.53123
1.51559
1.51467
1.52732
1.54694
1.56624
1.58013
1.58614
1.58382
1.57422
1.55976
1.54419
1.53147
1.5235
1.519
1.51498
1.50953
1.50342
1.49909
1.49834
1.50097
1.50542
1.51042
1.5158
1.52247
1.53157
1.54358
1.55813
1.57355
1.58604
1.59049
1.58346
1.56538
1.53993
1.51208
1.48641
1.46656
1.45501
1.45276
1.45884
1.47086
1.48631
1.50357
1.52237
1.54366
1.56866
1.59706
1.62572
1.64998
1.66631
1.67381
1.67372
1.66787
1.65771
1.64447
1.62952
1.61454
1.60151
1.5926
1.58948
1.59257
1.60124
1.61448
1.63122
1.64984
1.66774
1.68143
1.68728
1.68267
1.66705
1.64268
1.615
1.59234
1.58232
1.58665
1.60107
1.62001
1.63857
1.65156
1.65389
1.64285
1.61934
1.58769
1.5545
1.52681
1.50948
1.50324
1.50471
1.50818
1.50784
1.50004
1.4858
1.47232
1.4696
1.48279
1.50832
1.53782
1.56479
1.58763
1.60802
1.62702
1.64298
1.65278
1.65467
1.65038
1.64472
1.64252
1.64454
1.64703
1.645
1.63545
1.61818
1.59544
1.57121
1.54985
1.53477
1.5282
1.5319
1.54642
1.56912
1.59454
1.61721
1.63373
1.64265
1.64325
1.6349
1.61761
1.59318
1.56577
1.54036
1.52034
1.50655
1.49796
1.49295
1.49034
1.48993
1.49239
1.49885
1.51057
1.52821
1.55058
1.57433
1.59531
1.61001
1.61602
1.61198
1.59812
1.577
1.55362
1.53409
1.52317
1.52171
1.52645
1.53266
1.53747
1.54141
1.54814
1.56128
1.58
1.59936
1.61432
1.62179
1.62083
1.61262
1.59983
1.58565
1.57314
1.56485
1.56281
1.5689
1.58486
1.61177
1.64877
1.6923
1.73673
1.77618
1.80582
1.82237
1.82383
1.80971
1.78193
1.74587
1.71018
1.68406
1.67323
1.67767
1.69301
1.71362
1.73466
1.75241
1.76423
1.76854
1.76494
1.75401
1.73673
1.71375
1.68511
1.65087
1.61278
1.57614
1.54998
1.54289
1.55558
1.579
1.60127
1.61497
1.61846
1.61357
1.60304
1.58908
1.5732
1.55666
1.54109
1.52835
1.5203
1.51847
1.52406
1.53768
1.55847
1.58392
1.61096
1.63721
1.66101
1.68047
1.69312
1.69699
1.69203
1.68039
1.66511
1.64836
1.6308
1.61249
1.5946
1.57983
1.57119
1.56977
1.57418
1.58189
1.59076
1.59931
1.60642
1.61136
1.61398
1.61427
1.61196
1.60646
1.59735
1.5848
1.56972
1.55416
1.54199
1.53771
1.54342
1.55704
1.57391
1.58991
1.60383
1.61781
1.6358
1.66048
1.69033
1.71918
1.7393
1.74602
1.73997
1.72546
1.70664
1.68547
1.66239
1.63759
1.61175
1.58666
1.5652
1.55043
1.5439
1.5445
1.5487
1.55168
1.54898
1.53794
1.5187
1.49439
1.46994
1.44998
1.43781
1.43604
1.4475
1.47359
1.5105
1.5489
1.57867
1.59295
1.58924
1.56885
1.53614
1.49775
1.46096
1.43146
1.41194
1.40274
1.40348
1.41343
1.43092
1.45287
1.47527
1.49454
1.50914
1.52024
1.53068
1.54301
1.55782
1.57335
1.58639
1.59363
1.59295
1.58395
1.56807
1.54817
1.52807
1.51177
1.50221
1.50041
1.50596
1.51764
1.53371
1.55174
1.56874
1.5816
1.58765
1.58515
1.57361
1.55411
1.5299
1.50718
1.49413
1.49696
1.51607
1.5459
1.57844
1.60709
1.62805
1.64021
1.64398
1.64024
1.62962
1.61261
1.59039
1.56475
1.53686
1.50619
1.47209
1.43659
1.40509
1.38408
1.37775
1.38581
1.40405
1.4274
1.45271
1.47885
1.50485
1.52851
1.54655
1.55561
1.55309
1.53748
1.50912
1.47262
1.44005
1.42822
1.444
1.47654
1.51079
1.53951
1.56173
1.57758
1.58642
1.58768
1.58245
1.57389
1.56582
1.56051
1.55747
1.5539
1.54629
1.53205
1.51048
1.48299
1.45291
1.42538
1.40789
1.41082
1.44224
1.49776
1.56136
1.6178
1.65904
1.68196
1.6851
1.66763
1.63038
1.57917
1.52697
1.48774
1.4648
1.45164
1.4431
1.43985
1.4447
1.45814
1.47771
1.50032
1.524
1.54781
1.57083
1.59174
1.60888
1.62057
1.62553
1.62328
1.61425
1.59974
1.58378
