           1   -0.964664   -0.964664           0
           2   -0.975584   -0.970124   0.0038608
           3   -0.969424   -0.969891  0.00258091
           4   -0.959192   -0.967216  0.00301865
           5   -0.967144   -0.967202  0.00241495
           6   -0.962608   -0.966436  0.00213037
           7   -0.979112   -0.968247  0.00247894
           8   -0.978808   -0.969567  0.00249595
           9    -0.96844   -0.969442  0.00222177
          10   -0.972384   -0.969736  0.00201898
          11   -0.984288   -0.971059  0.00222706
          12   -0.980208   -0.971821  0.00216806
          13   -0.962624   -0.971114  0.00211357
          14    -0.98044    -0.97178  0.00206491
          15   -0.973136    -0.97187  0.00192923
          16   -0.969744   -0.971737  0.00181322
          17   -0.972744   -0.971797  0.00170753
          18   -0.969544   -0.971672  0.00161725
          19    -0.97296   -0.971739  0.00153355
          20   -0.972728   -0.971789  0.00145767
          21   -0.974368   -0.971912  0.00139342
          22   -0.967736   -0.971722  0.00134295
          23    -0.97564   -0.971892  0.00129532
          24    -0.98068   -0.972258  0.00129206
          25    -0.96936   -0.972142  0.00124557
          26   -0.964272    -0.97184   0.0012339
          27   -0.982304   -0.972227  0.00124758
          28   -0.972656   -0.972243  0.00120312
          29   -0.981288   -0.972554  0.00120138
          30   -0.970008    -0.97247  0.00116433
          31    -0.97676   -0.972608  0.00113497
          32    -0.96232   -0.972286  0.00114413
          33    -0.97648   -0.972414   0.0011165
          34    -0.97196     -0.9724  0.00108374
          35   -0.979672   -0.972608   0.0010725
          36   -0.973816   -0.972642  0.00104324
          37   -0.972776   -0.972645  0.00101505
          38   -0.985592   -0.972986  0.00104395
          39   -0.977984   -0.973114  0.00102502
          40   -0.972112   -0.973089 0.000999699
          41   -0.968984   -0.972989 0.000980317
          42   -0.978304   -0.973115  0.00096511
          43   -0.968208   -0.973001  0.00094939
          44    -0.98044    -0.97317 0.000942745
          45   -0.975984   -0.973233 0.000923866
          46     -0.9726   -0.973219 0.000903885
          47   -0.975984   -0.973278 0.000886565
          48   -0.977416   -0.973364 0.000872277
          49   -0.961984   -0.973132 0.000884854
          50   -0.979832   -0.973266 0.000877245
           1    -0.93212    -0.93212           0
           2   -0.928712   -0.930416  0.00120491
           3   -0.932376   -0.931069 0.000964267
           4   -0.928952    -0.93054  0.00085625
           5   -0.923304   -0.929093  0.00146449
           6   -0.926992   -0.928743  0.00126157
           7   -0.946856    -0.93133  0.00262841
           8   -0.941496   -0.932601  0.00258887
           9   -0.933816   -0.932736  0.00230473
          10   -0.927248   -0.932187   0.0021386
          11   -0.927568   -0.931767  0.00198498
          12   -0.936208   -0.932137  0.00185374
          13    -0.93676   -0.932493  0.00174492
          14    -0.94272   -0.933223  0.00176659
          15   -0.937016   -0.933476  0.00166681
          16    -0.93476   -0.933557  0.00156456
          17   -0.929784   -0.933335  0.00148819
          18   -0.936232   -0.933496  0.00141419
          19   -0.931736   -0.933403  0.00134278
          20   -0.946368   -0.934051  0.00142355
          21   -0.945136   -0.934579  0.00145033
          22   -0.927992    -0.93428  0.00141497
          23   -0.930216   -0.934103  0.00136444
          24   -0.944272   -0.934527   0.0013718
          25   -0.934712   -0.934534  0.00131694
          26   -0.939104    -0.93471  0.00127797
          27   -0.938728   -0.934859  0.00123927
          28   -0.937512   -0.934953  0.00119863
          29    -0.93744   -0.935039  0.00116036
          30   -0.926144   -0.934743  0.00115894
          31   -0.932192    -0.93466  0.00112448
          32    -0.93452   -0.934656  0.00108935
          33   -0.933976   -0.934635  0.00105653
          34   -0.944488   -0.934925  0.00106445
          35   -0.936144    -0.93496  0.00103461
          36   -0.934456   -0.934946  0.00100597
          37   -0.935312   -0.934956 0.000978826
          38   -0.931904   -0.934876 0.000956357
          39   -0.939728      -0.935 0.000939894
          40   -0.936136   -0.935028 0.000916825
          41   -0.937296   -0.935084  0.00089613
          42   -0.926448   -0.934878 0.000898072
          43   -0.936424   -0.934914 0.000877906
          44   -0.937304   -0.934968 0.000859633
          45   -0.941648   -0.935117 0.000853249
          46    -0.93872   -0.935195 0.000838288
          47   -0.928208   -0.935046  0.00083353
          48   -0.941464    -0.93518 0.000826818
          49   -0.936856   -0.935214 0.000810651
          50   -0.935504    -0.93522 0.000794458
           1   -0.895536   -0.895536           0
           2     -0.8866   -0.891068  0.00315935
           3   -0.893856   -0.891997  0.00223875
           4   -0.886392   -0.890596  0.00207173
           5   -0.888176   -0.890112  0.00171299
           6   -0.889672   -0.890039  0.00142906
           7   -0.899592   -0.891403   0.0017598
           8   -0.887992   -0.890977  0.00159065
           9   -0.885032   -0.890316  0.00154499
          10   -0.889232   -0.890208  0.00139429
          11   -0.884008   -0.889644  0.00137676
          12   -0.886776   -0.889405  0.00128261
          13   -0.901776   -0.890357  0.00149586
          14     -0.8904    -0.89036  0.00138902
          15   -0.900344   -0.891026  0.00144713
          16   -0.897024     -0.8914  0.00140441
          17     -0.8904   -0.891342  0.00132303
          18   -0.893304   -0.891451  0.00125401
          19   -0.884408    -0.89108  0.00124158
          20   -0.889688    -0.89101  0.00118145
          21   -0.895792   -0.891238  0.00114692
          22   -0.885528   -0.890979  0.00112377
          23   -0.891328   -0.890994  0.00107502
          24   -0.888192   -0.890877  0.00103654
          25   -0.892048   -0.890924 0.000996141
          26   -0.891616    -0.89095 0.000958183
          27   -0.890992   -0.890952 0.000922696
          28   -0.898384   -0.891217 0.000927134
          29    -0.90264   -0.891611  0.00097525
          30   -0.883696   -0.891347  0.00097778
          31     -0.8912   -0.891343 0.000946251
          32     -0.8874    -0.89122 0.000924667
          33   -0.895288   -0.891343 0.000904829
          34   -0.900024   -0.891598 0.000913531
          35     -0.8832   -0.891358 0.000918402
          36   -0.890912   -0.891346 0.000892974
          37   -0.898376   -0.891536 0.000888824
          38   -0.895208   -0.891632 0.000870672
          39   -0.896256   -0.891751  0.00085638
          40     -0.8862   -0.891612  0.00084614
          41   -0.895432   -0.891705 0.000830616
          42   -0.888328   -0.891625 0.000814722
          43   -0.896984    -0.89175 0.000805251
          44   -0.898288   -0.891898 0.000800544
          45   -0.891144   -0.891881  0.00078293
          46   -0.896152   -0.891974 0.000771394
          47   -0.892984   -0.891996 0.000755281
          48    -0.89856   -0.892133 0.000751824
          49   -0.895776   -0.892207 0.000740149
          50   -0.885704   -0.892077 0.000736684
           1   -0.847536   -0.847536           0
           2   -0.848352   -0.847944   0.0002885
           3   -0.852104   -0.849331  0.00114843
           4   -0.844896   -0.848222  0.00128986
           5   -0.848192   -0.848216   0.0010319
           6   -0.853272   -0.849059  0.00115377
           7   -0.856136    -0.85007  0.00136169
           8   -0.846736   -0.849653  0.00125362
           9   -0.846464   -0.849299  0.00116333
          10   -0.847368   -0.849106   0.0010629
          11   -0.841576   -0.848421  0.00116603
          12   -0.845496   -0.848177  0.00109405
          13   -0.851128   -0.848404  0.00103317
          14    -0.84508   -0.848167 0.000986277
          15   -0.851264   -0.848373  0.00094189
          16   -0.845264   -0.848179 0.000902847
          17   -0.849544   -0.848259 0.000853301
          18   -0.850912   -0.848407 0.000818523
          19   -0.844896   -0.848222 0.000796025
          20   -0.849072   -0.848264 0.000757357
          21   -0.846056   -0.848159 0.000728557
          22    -0.84856   -0.848177 0.000695669
          23   -0.846896   -0.848122  0.00066765
          24   -0.846616   -0.848059 0.000642772
          25   -0.845856   -0.847971 0.000623072
          26   -0.850656   -0.848074 0.000607606
          27    -0.85216   -0.848225 0.000603653
          28    -0.85512   -0.848472 0.000630316
          29    -0.85092   -0.848556 0.000614209
          30    -0.84496   -0.848436 0.000605319
          31   -0.843912    -0.84829  0.00060313
          32   -0.849704   -0.848334 0.000585898
          33   -0.853192   -0.848482 0.000586342
          34   -0.845568   -0.848396 0.000575326
          35   -0.843928   -0.848268 0.000572875
          36   -0.846088   -0.848208 0.000560155
          37   -0.849376   -0.848239 0.000545904
          38   -0.856272   -0.848451    0.000571
          39   -0.850856   -0.848512  0.00055968
          40   -0.843288   -0.848382 0.000560721
          41   -0.847504    -0.84836 0.000547453
          42   -0.842696   -0.848226  0.00055078
          43   -0.848528   -0.848233 0.000538016
          44   -0.856344   -0.848417 0.000556477
          45   -0.848744   -0.848424 0.000544158
          46    -0.85016   -0.848462 0.000533636
          47   -0.843872   -0.848364 0.000531142
          48   -0.856944   -0.848543 0.000549331
          49   -0.845896   -0.848489 0.000540769
          50   -0.848792   -0.848495 0.000529988
           1   -0.802216   -0.802216           0
           2    -0.80756   -0.804888  0.00188939
           3   -0.803928   -0.804568  0.00128641
           4   -0.807392   -0.805274  0.00114222
           5   -0.806336   -0.805486 0.000933318
           6   -0.808608   -0.806007 0.000911309
           7   -0.803552   -0.805656 0.000845903
           8   -0.802536   -0.805266 0.000825186
           9    -0.80404    -0.80513 0.000744657
          10    -0.80356   -0.804973 0.000686538
          11    -0.80028   -0.804546 0.000744977
          12   -0.801456   -0.804289  0.00072604
          13   -0.806736   -0.804477 0.000694168
          14   -0.805456   -0.804547 0.000648098
          15   -0.806536   -0.804679  0.00061831
          16   -0.804608   -0.804675 0.000579681
          17   -0.803136   -0.804584 0.000552606
          18   -0.809296   -0.804846 0.000580597
          19   -0.807984   -0.805011 0.000573046
          20   -0.802872   -0.804904 0.000554287
          21    -0.80152   -0.804743 0.000550824
          22   -0.808584   -0.804918 0.000552761
          23   -0.808072   -0.805055 0.000545474
          24   -0.804072   -0.805014 0.000524281
          25   -0.807384   -0.805109 0.000511809
          26   -0.801712   -0.804978 0.000508525
          27    -0.80884   -0.805121 0.000509409
          28   -0.807704   -0.805213 0.000499498
          29   -0.804688   -0.805195 0.000482602
          30    -0.80556   -0.805207 0.000466669
          31   -0.800128   -0.805044 0.000479518
          32   -0.804632   -0.805031 0.000464706
          33   -0.805984    -0.80506 0.000451521
          34     -0.7976    -0.80484 0.000488647
          35   -0.803888   -0.804813 0.000475443
          36   -0.800744     -0.8047 0.000475481
          37   -0.809296   -0.804824 0.000478581
          38   -0.807912   -0.804905 0.000472835
          39   -0.806976   -0.804959 0.000463682
          40     -0.8014    -0.80487 0.000460545
          41   -0.800392    -0.80476 0.000462079
          42   -0.802288   -0.804702 0.000454812
          43   -0.803328    -0.80467 0.000445355
          44   -0.805808   -0.804695 0.000435984
          45   -0.802168   -0.804639 0.000429898
          46   -0.805496   -0.804658 0.000420956
          47   -0.801576   -0.804592 0.000417075
          48   -0.806432   -0.804631 0.000410143
          49   -0.799184    -0.80452 0.000416564
          50   -0.804152   -0.804512 0.000408297
           1    -0.76224    -0.76224           0
           2   -0.763528   -0.762884 0.000455377
           3   -0.763912   -0.763227 0.000412848
           4   -0.763792   -0.763368  0.00033295
           5    -0.76044   -0.762782 0.000587614
           6   -0.763072   -0.762831 0.000491656
           7    -0.75868   -0.762238 0.000692069
           8   -0.763784   -0.762431 0.000631975
           9   -0.763456   -0.762545 0.000571926
          10   -0.758256   -0.762116 0.000656126
          11   -0.760584   -0.761977 0.000611081
          12   -0.760032   -0.761815  0.00058125
          13   -0.759304   -0.761622 0.000567717
          14   -0.763056   -0.761724 0.000536332
          15     -0.7584   -0.761502 0.000544435
          16   -0.762184   -0.761545 0.000512072
          17   -0.762528   -0.761603 0.000485204
          18      -0.765   -0.761792 0.000493591
          19      -0.765    -0.76196 0.000495658
          20   -0.763272   -0.762026 0.000475193
          21   -0.760896   -0.761972 0.000455601
          22   -0.763984   -0.762064 0.000443975
          23   -0.763784   -0.762138 0.000430926
          24   -0.759616   -0.762033 0.000425595
          25   -0.760568   -0.761975 0.000412588
          26   -0.760136   -0.761904 0.000402734
          27    -0.76492   -0.762016 0.000403012
          28   -0.762832   -0.762045 0.000389671
          29   -0.757552    -0.76189 0.000405866
          30    -0.76288   -0.761923 0.000393676
          31    -0.76148   -0.761909 0.000381236
          32   -0.759968   -0.761848 0.000374115
          33   -0.762792   -0.761877  0.00036387
          34   -0.762216   -0.761887 0.000353305
          35   -0.757768   -0.761769 0.000362278
          36   -0.760528   -0.761734  0.00035385
          37    -0.76572   -0.761842 0.000360309
          38    -0.76692   -0.761976 0.000374788
          39   -0.760552   -0.761939 0.000366952
          40   -0.763392   -0.761976 0.000359571
          41   -0.758264   -0.761885 0.000362018
          42   -0.760192   -0.761845 0.000355635
          43   -0.757312   -0.761739 0.000362651
          44   -0.764984   -0.761813 0.000361829
          45   -0.763656   -0.761854 0.000356098
          46    -0.76064   -0.761828 0.000349334
          47   -0.760976    -0.76181 0.000342371
          48   -0.764064   -0.761856 0.000338444
          49    -0.76112   -0.761841 0.000331871
          50    -0.76056   -0.761816 0.000326221
           1    -0.72632    -0.72632           0
           2    -0.72392    -0.72512 0.000848528
           3   -0.724544   -0.724928 0.000587006
           4   -0.722568   -0.724338 0.000674462
           5   -0.721088   -0.723688 0.000793181
           6   -0.721488   -0.723321 0.000740903
           7     -0.7186   -0.722647 0.000890635
           8    -0.72072   -0.722406  0.00081122
           9   -0.725056     -0.7227 0.000772675
          10   -0.716472   -0.722078 0.000912542
          11   -0.720272   -0.721913 0.000844218
          12    -0.72156   -0.721884  0.00077438
          13   -0.717696   -0.721562 0.000778946
          14   -0.719872   -0.721441 0.000732599
          15   -0.717712   -0.721193 0.000724716
          16    -0.72044   -0.721146 0.000680945
          17   -0.722064     -0.7212  0.00064303
          18   -0.719664   -0.721114 0.000612938
          19   -0.720488   -0.721081 0.000581564
          20   -0.723704   -0.721212 0.000567078
          21   -0.719496   -0.721131 0.000545933
          22   -0.717864   -0.720982 0.000540933
          23   -0.724128   -0.721119 0.000534427
          24   -0.720296   -0.721085 0.000513258
          25   -0.721272   -0.721092 0.000492782
          26     -0.7212   -0.721096 0.000473846
          27   -0.724928   -0.721238 0.000477075
          28   -0.724088    -0.72134 0.000470768
          29   -0.717536   -0.721209 0.000472456
          30   -0.721648   -0.721223 0.000456934
          31   -0.721552   -0.721234 0.000442317
          32     -0.7216   -0.721245 0.000428642
          33      -0.723   -0.721299 0.000418938
          34   -0.721608   -0.721308 0.000406715
          35    -0.71788    -0.72121 0.000406715
          36    -0.72196   -0.721231 0.000395951
          37   -0.722064   -0.721253 0.000385889
          38   -0.724912   -0.721349  0.00038756
          39   -0.721352    -0.72135 0.000377623
          40    -0.72396   -0.721415 0.000373779
          41   -0.720032   -0.721381 0.000366181
          42     -0.7228   -0.721415 0.000359017
          43    -0.71648     -0.7213 0.000368555
          44   -0.722744   -0.721333 0.000361637
          45   -0.718544   -0.721271 0.000358872
          46   -0.719952   -0.721242 0.000352214
          47   -0.721112   -0.721239 0.000344731
          48   -0.720552   -0.721225 0.000337846
          49   -0.721904   -0.721239 0.000331235
          50    -0.72256   -0.721265 0.000325662
           1   -0.685888   -0.685888           0
           2    -0.68588   -0.685884 2.82844e-06
           3    -0.68556   -0.685776 8.82018e-05
           4   -0.684176   -0.685376  0.00035267
           5    -0.68232   -0.684765 0.000615185
           6   -0.682968   -0.684465 0.000580989
           7    -0.68212    -0.68413 0.000586698
           8   -0.685128   -0.684255 0.000526449
           9   -0.683368   -0.684156 0.000477091
          10   -0.677432   -0.683484 0.000768981
          11   -0.684296   -0.683558 0.000702608
          12   -0.684224   -0.683613 0.000646247
          13   -0.680232   -0.683353 0.000646764
          14    -0.68084   -0.683174 0.000624984
          15    -0.68116   -0.683039 0.000597563
          16   -0.683744   -0.683083 0.000561835
          17   -0.681672      -0.683 0.000534886
          18   -0.682824   -0.682991  0.00050526
          19    -0.68392    -0.68304 0.000481029
          20   -0.684008   -0.683088 0.000459408
          21   -0.683624   -0.683114  0.00043824
          22     -0.6808   -0.683008 0.000430752
          23   -0.682376   -0.682981   0.0004129
          24   -0.681424   -0.682916  0.00040076
          25   -0.680864   -0.682834 0.000393045
          26   -0.683328   -0.682853 0.000378387
          27    -0.68432   -0.682907 0.000368253
          28   -0.683992   -0.682946 0.000357133
          29   -0.681544   -0.682898 0.000348075
          30   -0.683488   -0.682917 0.000337028
          31   -0.684936   -0.682982 0.000332388
          32   -0.683232    -0.68299 0.000322092
          33    -0.68588   -0.683078 0.000324017
          34   -0.683328   -0.683085 0.000314571
          35    -0.67824   -0.682947  0.00033466
          36   -0.682632   -0.682938 0.000325478
          37   -0.684272   -0.682974 0.000318672
          38   -0.686576   -0.683069 0.000324076
          39   -0.681896   -0.683039 0.000317159
          40   -0.684088   -0.683065 0.000310313
          41   -0.685368   -0.683121 0.000307786
          42   -0.682824   -0.683114 0.000300539
          43   -0.677016   -0.682972 0.000325293
          44   -0.683424   -0.682983 0.000318062
          45   -0.681864   -0.682958 0.000311964
          46   -0.681592   -0.682928 0.000306591
          47   -0.684896    -0.68297 0.000302914
          48   -0.681896   -0.682947 0.000297428
          49   -0.683128   -0.682951 0.000291381
          50   -0.685944   -0.683011 0.000291637
           1   -0.650744   -0.650744           0
           2   -0.648184   -0.649464 0.000905097
           3   -0.648152   -0.649027 0.000701139
           4   -0.649424   -0.649126 0.000532844
           5   -0.647768   -0.648854 0.000490636
           6   -0.646648   -0.648487 0.000529017
           7   -0.644792   -0.647959  0.00066663
           8   -0.649792   -0.648188 0.000621437
           9   -0.648488   -0.648221 0.000553282
          10   -0.644696   -0.647869 0.000599841
          11   -0.648568   -0.647932 0.000548668
          12   -0.644832   -0.647674 0.000560485
          13   -0.642456   -0.647273 0.000645282
          14   -0.646384   -0.647209 0.000602304
          15   -0.643032   -0.646931 0.000623211
          16   -0.649632   -0.647099 0.000606699
          17   -0.643248   -0.646873 0.000611852
          18   -0.648024   -0.646937 0.000581192
          19   -0.648824   -0.647036 0.000559025
          20   -0.646968   -0.647033 0.000531085
          21   -0.648512   -0.647103 0.000510445
          22   -0.645264    -0.64702 0.000494041
          23    -0.64204   -0.646803 0.000517833
          24   -0.643736   -0.646675 0.000511783
          25   -0.645672   -0.646635 0.000492883
          26   -0.648632   -0.646712 0.000479872
          27    -0.65036   -0.646847 0.000480744
          28    -0.64924   -0.646933 0.000471109
          29   -0.646648   -0.646923 0.000454966
          30   -0.647936   -0.646957 0.000441052
          31   -0.648624    -0.64701 0.000430092
          32   -0.647424   -0.647023 0.000416846
          33   -0.650248   -0.647121 0.000415511
          34   -0.646784   -0.647111 0.000403408
          35   -0.640856   -0.646932 0.000429649
          36   -0.647728   -0.646954 0.000418283
          37   -0.647368   -0.646966 0.000407127
          38   -0.649216   -0.647025 0.000400697
          39   -0.643624   -0.646938 0.000399799
          40   -0.649408   -0.646999 0.000394545
          41   -0.645896   -0.646972 0.000385839
          42   -0.648072   -0.646999 0.000377539
          43   -0.642456   -0.646893 0.000383255
          44   -0.646568   -0.646886 0.000374616
          45   -0.646304   -0.646873 0.000366514
          46   -0.648312   -0.646904 0.000359879
          47   -0.647736   -0.646922 0.000352657
          48   -0.645224   -0.646886 0.000347079
          49    -0.64548   -0.646858 0.000341181
          50   -0.650592   -0.646932 0.000342434
           1    -0.61452    -0.61452           0
           2    -0.61456    -0.61454 1.41421e-05
           3    -0.61524   -0.614773 0.000190749
           4   -0.616032   -0.615088 0.000307779
           5   -0.615224   -0.615115 0.000247422
           6   -0.614744   -0.615053  0.00021378
           7   -0.614448   -0.614967 0.000199967
           8   -0.616344   -0.615139  0.00023779
           9    -0.61328   -0.614932 0.000287404
          10   -0.611208    -0.61456 0.000437893
          11    -0.61472   -0.614575 0.000398326
          12    -0.61272    -0.61442 0.000393974
          13   -0.611488   -0.614194 0.000423331
          14   -0.614368   -0.614207 0.000393275
          15   -0.611592   -0.614033 0.000403848
          16   -0.617416   -0.614244 0.000430427
          17   -0.613728   -0.614214 0.000406176
          18    -0.61576     -0.6143 0.000392591
          19   -0.615496   -0.614363 0.000376944
          20   -0.613016   -0.614295  0.00036406
          21   -0.614312   -0.614296 0.000346725
          22   -0.610472   -0.614122 0.000371991
          23    -0.60876   -0.613889 0.000422606
          24   -0.611352   -0.613783  0.00041801
          25   -0.612552   -0.613734 0.000404181
          26    -0.61524   -0.613792 0.000392763
          27   -0.615272   -0.613847 0.000382023
          28   -0.614008   -0.613853 0.000368422
          29     -0.6122   -0.613796 0.000360098
          30    -0.61484    -0.61383 0.000349774
          31   -0.613096   -0.613807 0.000339292
          32    -0.61388   -0.613809 0.000328697
          33   -0.614464   -0.613829 0.000319335
          34   -0.613288   -0.613813 0.000310339
          35   -0.605832   -0.613585 0.000376027
          36   -0.614472    -0.61361 0.000366388
          37    -0.61436    -0.61363 0.000357046
          38   -0.615824   -0.613688 0.000352288
          39   -0.612544   -0.613658 0.000344474
          40   -0.615112   -0.613695 0.000337774
          41   -0.611472    -0.61364 0.000333857
          42    -0.61344   -0.613636 0.000325942
          43   -0.610784   -0.613569 0.000325038
          44   -0.616144   -0.613628 0.000322875
          45   -0.613672   -0.613629 0.000315702
          46   -0.615384   -0.613667 0.000311136
          47    -0.61456   -0.613686 0.000305096
          48   -0.611648   -0.613644 0.000301679
          49   -0.613328   -0.613637 0.000295591
          50   -0.617336   -0.613711 0.000298794
           1   -0.586328   -0.586328           0
           2   -0.584312    -0.58532 0.000712764
           3   -0.581944   -0.584195  0.00103443
           4   -0.583056    -0.58391 0.000814049
           5    -0.58488   -0.584104 0.000673959
           6    -0.58132    -0.58364 0.000703452
           7     -0.5832   -0.583577  0.00060576
           8   -0.585056   -0.583762 0.000557533
           9   -0.583256   -0.583706 0.000498412
          10   -0.582456   -0.583581 0.000463975
          11   -0.582512   -0.583484  0.00043185
          12   -0.581048   -0.583281 0.000440988
          13   -0.582616    -0.58323 0.000410019
          14   -0.582544   -0.583181 0.000383645
          15   -0.580952   -0.583032 0.000385766
          16   -0.584496   -0.583123 0.000372349
          17   -0.583072    -0.58312 0.000350458
          18    -0.58504   -0.583227 0.000346834
          19   -0.584088   -0.583272 0.000331526
          20   -0.581864   -0.583202 0.000322342
          21   -0.583424   -0.583213 0.000307166
          22   -0.578648   -0.583005 0.000356454
          23   -0.578912   -0.582827 0.000382811
          24   -0.579264   -0.582679 0.000394601
          25   -0.581928   -0.582649 0.000379957
          26    -0.58408   -0.582704  0.00036931
          27   -0.584432   -0.582768 0.000361137
          28   -0.582776   -0.582768 0.000348239
          29   -0.581656    -0.58273 0.000338336
          30   -0.585056   -0.582807 0.000335827
          31   -0.581712   -0.582772 0.000326847
          32   -0.580376   -0.582697 0.000325095
          33   -0.583696   -0.582727  0.00031665
          34    -0.58388   -0.582761 0.000309146
          35    -0.57536    -0.58255  0.00036555
          36   -0.585448    -0.58263 0.000364154
          37   -0.584936   -0.582693 0.000359604
          38    -0.58668   -0.582797  0.00036513
          39     -0.5828   -0.582798 0.000355768
          40   -0.583856   -0.582824 0.000347856
          41   -0.581824     -0.5828 0.000340226
          42    -0.58212   -0.582783  0.00033251
          43     -0.5818   -0.582761 0.000325563
          44    -0.58576   -0.582829 0.000325222
          45    -0.58276   -0.582827 0.000317999
          46   -0.585432   -0.582884 0.000316087
          47    -0.58252   -0.582876 0.000309457
          48    -0.58144   -0.582846 0.000304452
          49   -0.581328   -0.582815 0.000299811
          50    -0.58728   -0.582904 0.000306825
           1   -0.557528   -0.557528           0
           2   -0.557184   -0.557356 0.000121622
           3   -0.555016   -0.556576 0.000642008
           4   -0.555224   -0.556238 0.000563499
           5   -0.557888   -0.556568 0.000538832
           6   -0.553264   -0.556017 0.000674032
           7    -0.55252   -0.555518 0.000740098
           8   -0.556184   -0.555601 0.000652255
           9   -0.555416    -0.55558 0.000580106
          10   -0.553784   -0.555401 0.000549207
          11   -0.554872   -0.555353 0.000501379
          12   -0.552872   -0.555146 0.000500404
          13   -0.554264   -0.555078 0.000466488
          14   -0.555736   -0.555125 0.000435528
          15   -0.551656   -0.554894 0.000463853
          16   -0.554312   -0.554858 0.000436285
          17   -0.554336   -0.554827 0.000411698
          18   -0.556496    -0.55492 0.000399133
          19    -0.55544   -0.554947 0.000379065
          20   -0.555128   -0.554956  0.00036022
          21   -0.556248   -0.555018 0.000348281
          22   -0.552632   -0.554909 0.000348921
          23   -0.551104   -0.554744 0.000370904
          24   -0.551832   -0.554622 0.000374766
          25   -0.555448   -0.554655 0.000361227
          26   -0.556032   -0.554708 0.000351193
          27   -0.556256   -0.554766 0.000342832
          28   -0.554728   -0.554764 0.000330591
          29   -0.553792   -0.554731 0.000320887
          30    -0.55756   -0.554825 0.000323752
          31   -0.553176   -0.554772 0.000317649
          32   -0.553552   -0.554734 0.000310001
          33   -0.556144   -0.554776 0.000303539
          34   -0.554872   -0.554779 0.000294624
          35   -0.548752   -0.554607  0.00033275
          36     -0.5562   -0.554651 0.000326436
          37   -0.556208   -0.554693 0.000320313
          38   -0.560176   -0.554838 0.000342841
          39   -0.552616   -0.554781  0.00033875
          40   -0.556344    -0.55482 0.000332528
          41    -0.55444   -0.554811 0.000324546
          42    -0.55328   -0.554774 0.000318858
          43   -0.555328   -0.554787 0.000311703
          44   -0.555808    -0.55481 0.000305482
          45   -0.556192   -0.554841 0.000300232
          46     -0.5576   -0.554901 0.000299637
          47   -0.555248   -0.554908 0.000293353
          48   -0.551608   -0.554839 0.000295189
          49   -0.555312   -0.554849 0.000289322
          50   -0.556496   -0.554882 0.000285404
           1   -0.529752   -0.529752           0
           2   -0.531088    -0.53042 0.000472347
           3   -0.527328   -0.529389 0.000898523
           4   -0.528904   -0.529268 0.000682035
           5   -0.531136   -0.529642 0.000639822
           6   -0.527536   -0.529291 0.000622024
           7   -0.526976    -0.52896 0.000614804
           8    -0.53024    -0.52912 0.000558385
           9   -0.529344   -0.529145 0.000496897
          10    -0.52784   -0.529014 0.000464025
          11   -0.528072   -0.528929 0.000429677
          12   -0.527096   -0.528776 0.000420138
          13   -0.528024   -0.528718 0.000391781
          14   -0.528912   -0.528732 0.000364041
          15    -0.52496   -0.528481  0.00041769
          16    -0.52796   -0.528448 0.000392849
          17   -0.528664   -0.528461 0.000369946
          18   -0.529328   -0.528509 0.000352517
          19   -0.529888   -0.528581 0.000341355
          20   -0.529104   -0.528608 0.000325285
          21   -0.529176   -0.528635 0.000310919
          22   -0.525936   -0.528512 0.000320071
          23   -0.525448   -0.528379 0.000332725
          24   -0.526496     -0.5283  0.00032798
          25   -0.528952   -0.528326 0.000315895
          26       -0.53   -0.528391 0.000310234
          27    -0.52988   -0.528446 0.000303607
          28   -0.530368   -0.528515 0.000300424
          29     -0.5274   -0.528476 0.000292513
          30     -0.5294   -0.528507 0.000284379
          31    -0.52664   -0.528447  0.00028151
          32   -0.529144   -0.528468 0.000273555
          33   -0.529968   -0.528514 0.000269013
          34   -0.528288   -0.528507 0.000261183
          35   -0.523096   -0.528353 0.000295964
          36   -0.529016   -0.528371 0.000288316
          37   -0.530872   -0.528439 0.000288338
          38     -0.5334   -0.528569 0.000308898
          39    -0.52648   -0.528516 0.000305587
          40   -0.530688    -0.52857 0.000302735
          41   -0.526816   -0.528527 0.000298359
          42    -0.52692   -0.528489 0.000293699
          43   -0.527496   -0.528466 0.000287775
          44   -0.529968     -0.5285 0.000283252
          45    -0.53116   -0.528559 0.000283058
          46   -0.530288   -0.528597 0.000279389
          47   -0.531264   -0.528653 0.000279149
          48    -0.52536   -0.528585  0.00028164
          49   -0.529384   -0.528601 0.000276364
          50   -0.531376   -0.528657 0.000276352
           1   -0.507296   -0.507296           0
           2    -0.50712   -0.507208 6.22254e-05
           3   -0.504352   -0.506256 0.000778411
           4   -0.504456   -0.505806 0.000701931
           5   -0.506648   -0.505974 0.000581394
           6   -0.504168   -0.505673 0.000557019
           7   -0.503912   -0.505422 0.000531245
           8   -0.503832   -0.505223 0.000500626
           9   -0.506032   -0.505313 0.000452999
          10   -0.504984    -0.50528 0.000408892
          11    -0.50388   -0.505153 0.000391026
          12   -0.502944   -0.504969 0.000399418
          13   -0.504576   -0.504938 0.000369834
          14    -0.50704   -0.505089 0.000372638
          15   -0.499808   -0.504737 0.000486446
          16   -0.504192   -0.504703 0.000457233
          17   -0.503016   -0.504603 0.000440968
          18   -0.506728   -0.504721 0.000431979
          19   -0.505336   -0.504754 0.000410453
          20   -0.505864   -0.504809 0.000393667
          21   -0.505616   -0.504848 0.000376791
          22   -0.502576   -0.504744 0.000373544
          23   -0.502288   -0.504638 0.000372257
          24   -0.503688   -0.504598 0.000358843
          25   -0.503944   -0.504572 0.000345441
          26   -0.504792    -0.50458 0.000332259
          27   -0.504536   -0.504579 0.000319957
          28   -0.505536   -0.504613 0.000310352
          29   -0.503784   -0.504584 0.000300963
          30    -0.50592   -0.504629 0.000294206
          31   -0.503224   -0.504583 0.000288184
          32   -0.504056   -0.504567  0.00027965
          33   -0.505584   -0.504598 0.000272868
          34   -0.503904   -0.504577 0.000265605
          35   -0.501408   -0.504487 0.000273017
          36   -0.504888   -0.504498  0.00026566
          37   -0.505912   -0.504536 0.000261214
          38   -0.507512   -0.504615  0.00026582
          39   -0.503032   -0.504574 0.000262083
          40   -0.504872   -0.504581 0.000255636
          41   -0.503496   -0.504555 0.000250768
          42   -0.504304   -0.504549 0.000244869
          43   -0.505112   -0.504562 0.000239524
          44   -0.504992   -0.504572  0.00023428
          45   -0.505928   -0.504602 0.000231004
          46   -0.505032   -0.504611 0.000226171
          47   -0.505712   -0.504635 0.000222568
          48   -0.500472   -0.504548 0.000234218
          49   -0.504176    -0.50454 0.000229561
          50   -0.507152   -0.504593 0.000230836
           1   -0.485184   -0.485184           0
           2   -0.484592   -0.484888 0.000209304
           3   -0.481744    -0.48384 0.000866991
           4   -0.481824   -0.483336 0.000783153
           5   -0.483936   -0.483456 0.000635649
           6    -0.48104   -0.483053 0.000644754
           7   -0.482536   -0.482979 0.000556866
           8   -0.481952   -0.482851 0.000501848
           9   -0.483536   -0.482927 0.000451822
          10   -0.482128   -0.482847 0.000413646
          11    -0.48212   -0.482781 0.000381288
          12   -0.481496   -0.482674 0.000364243
          13    -0.48332   -0.482724 0.000339597
          14   -0.484504   -0.482851 0.000338312
          15    -0.47764   -0.482503 0.000460802
          16    -0.48108   -0.482415 0.000440506
          17   -0.482008   -0.482391 0.000415242
          18   -0.485504   -0.482564  0.00042668
          19   -0.483552   -0.482616 0.000407382
          20    -0.48264   -0.482617 0.000387015
          21   -0.484008   -0.482683 0.000374213
          22   -0.481464   -0.482628 0.000361282
          23   -0.480616    -0.48254 0.000356004
          24   -0.482504   -0.482539 0.000341173
          25   -0.481624   -0.482502 0.000329482
          26   -0.482768   -0.482512 0.000316969
          27   -0.484072    -0.48257 0.000310448
          28   -0.483416     -0.4826 0.000300827
          29   -0.481736    -0.48257 0.000291926
          30   -0.484296   -0.482628 0.000287806
          31      -0.481   -0.482575 0.000283273
          32   -0.482488   -0.482573 0.000274434
          33   -0.484208   -0.482622 0.000270554
          34    -0.48272   -0.482625 0.000262612
          35   -0.479968   -0.482549 0.000265856
          36   -0.482816   -0.482557 0.000258575
          37   -0.483632   -0.482586 0.000253214
          38   -0.485216   -0.482655 0.000255836
          39   -0.479944   -0.482585 0.000258547
          40   -0.482904   -0.482593 0.000252206
          41   -0.483872   -0.482625 0.000247975
          42    -0.48336   -0.482642 0.000242689
          43    -0.48248   -0.482638 0.000237074
          44   -0.482264    -0.48263 0.000231839
          45   -0.484336   -0.482668 0.000229766
          46   -0.482056   -0.482654 0.000225156
          47   -0.482728   -0.482656 0.000220371
          48   -0.479992   -0.482601 0.000222659
          49   -0.481296   -0.482574   0.0002197
          50    -0.48412   -0.482605 0.000217472
           1   -0.464472   -0.464472           0
           2   -0.462896   -0.463684   0.0005572
           3   -0.461576   -0.462981 0.000683482
           4   -0.462128   -0.462768 0.000544889
           5   -0.464368   -0.463088 0.000521477
           6   -0.460992   -0.462739 0.000539019
           7   -0.463184   -0.462802 0.000465755
           8   -0.461368   -0.462623 0.000440694
           9    -0.46232   -0.462589 0.000393012
          10   -0.461992    -0.46253 0.000358221
          11   -0.461768    -0.46246 0.000332279
          12   -0.461888   -0.462413 0.000307993
          13   -0.461968   -0.462378 0.000286195
          14    -0.46372   -0.462474 0.000281337
          15   -0.459272   -0.462261 0.000333896
          16   -0.460224   -0.462134 0.000336421
          17   -0.461752   -0.462111 0.000317379
          18   -0.464808   -0.462261 0.000333242
          19   -0.463496   -0.462326  0.00032198
          20   -0.464552   -0.462437  0.00032455
          21   -0.464624   -0.462541 0.000325373
          22   -0.460096    -0.46243 0.000329021
          23   -0.460336   -0.462339 0.000327072
          24   -0.461952   -0.462323 0.000313841
          25    -0.46136   -0.462284 0.000303642
          26   -0.461576   -0.462257 0.000293184
          27   -0.464368   -0.462335 0.000292563
          28    -0.46356   -0.462379 0.000285364
          29   -0.460856   -0.462327 0.000280316
          30   -0.461552   -0.462301 0.000272159
          31   -0.461928   -0.462289 0.000263645
          32   -0.461496   -0.462264 0.000256567
          33   -0.464128    -0.46232 0.000254934
          34   -0.462192   -0.462317 0.000247464
          35   -0.460248   -0.462258 0.000247352
          36   -0.461744   -0.462243 0.000240892
          37   -0.463376   -0.462274 0.000236319
          38    -0.46556    -0.46236 0.000245412
          39   -0.457808   -0.462244 0.000265432
          40      -0.461   -0.462213 0.000260611
          41   -0.462792   -0.462227 0.000254638
          42   -0.462304   -0.462229 0.000248581
          43   -0.461952   -0.462222 0.000242884
          44   -0.461352   -0.462202 0.000238167
          45   -0.463624   -0.462234 0.000234961
          46   -0.462664   -0.462243 0.000230039
          47    -0.46356   -0.462271 0.000226844
          48   -0.458664   -0.462196 0.000234236
          49   -0.460216   -0.462156 0.000232916
          50   -0.463024   -0.462173 0.000228904
