           1     34.5354     34.5354           0
           2     39.4966      37.016     1.75405
           3      37.533     37.1883      1.1778
           4     32.2623     35.9568     1.38483
           5     36.4419     36.0538     1.11126
           6     34.0445     35.7189    0.975203
           7     41.4606     36.5392     1.12933
           8       41.27     37.1305     1.13245
           9      38.035      37.231     1.01107
          10     39.7931     37.4872    0.941867
          11     44.4729     38.1223     1.04871
          12     41.9046     38.4375     1.00757
          13        33.6     38.0654    0.996411
          14     41.7575     38.3291    0.959505
          15     38.7244     38.3554      0.8959
          16     37.5626     38.3059    0.841275
          17     39.9209     38.4009    0.797135
          18     38.1875      38.389    0.752937
          19     39.1621     38.4297    0.714408
          20     39.1241     38.4644     0.67953
          21      40.826     38.5769    0.656411
          22     35.6601     38.4443    0.639824
          23     40.3938     38.5291    0.617594
          24      43.328      38.729     0.62339
          25     36.1106     38.6243    0.607189
          26     33.6874     38.4344    0.612807
          27      43.472      38.621     0.61786
          28     39.7999     38.6631    0.597227
          29     43.3262     38.8239    0.597888
          30     38.3245     38.8072     0.57819
          31     41.0826     38.8806    0.564178
          32     32.9456     38.6952    0.576227
          33     40.5041       38.75    0.561367
          34      37.894     38.7248     0.54542
          35     41.8935     38.8153    0.537298
          36     39.6027     38.8372    0.522818
          37     39.0475     38.8429    0.508719
          38     45.1377     39.0086    0.521605
          39     41.5716     39.0743    0.512354
          40     38.3635     39.0565    0.499853
          41      35.876     38.9789    0.493644
          42     41.9752     39.0503    0.487019
          43     36.6531     38.9945    0.478873
          44     42.1682     39.0667     0.47339
          45     40.7981     39.1051    0.464432
          46      38.286     39.0873    0.454677
          47     40.1408     39.1097    0.445555
          48     42.1104     39.1723    0.440636
          49     33.5887     39.0583    0.446134
          50     42.8723     39.1346    0.443685
           1     24.0454     24.0454           0
           2     22.0795     23.0624    0.695055
           3     24.9413     23.6887    0.690066
           4     25.6757     24.1855       0.673
           5     22.0149     23.7514    0.663801
           6     22.5574     23.5524    0.582232
           7     31.9178     24.7474     1.21376
           8     28.2403      25.184     1.13786
           9     25.7243     25.2441     1.01302
          10     23.4307     25.0627    0.927803
          11     22.4816     24.8281    0.872625
          12     28.6077     25.1431    0.854862
          13      26.316     25.2333    0.793851
          14     28.1231     25.4397    0.763511
          15     27.0222     25.5452    0.719862
          16     26.1749     25.5845    0.675945
          17      24.567     25.5247    0.638829
          18     27.7506     25.6484    0.615191
          19     24.1507     25.5695     0.58784
          20      31.714     25.8768    0.633666
          21     31.9058     26.1639    0.665358
          22     23.3171     26.0345    0.647574
          23      23.662     25.9313     0.62758
          24     31.5568     26.1657    0.643716
          25     25.9493      26.157    0.618026
          26     27.6053     26.2127    0.596761
          27     28.6267     26.3022    0.581317
          28     29.0152      26.399    0.568574
          29      28.272     26.4636    0.552624
          30     22.5378     26.3328    0.549479
          31     23.7426     26.2492    0.538069
          32      25.348     26.2211    0.521991
          33     24.7193     26.1755    0.508153
          34     29.8043     26.2823     0.50429
          35     28.3804     26.3422    0.493432
          36     25.1297     26.3085    0.480874
          37     26.3367     26.3093    0.467878
          38      25.461      26.287    0.456098
          39     28.9712     26.3558    0.449566
          40     28.3745     26.4063     0.44115
          41      28.008     26.4453    0.432117
          42     23.2829       26.37    0.428338
          43     27.6239     26.3992    0.419368
          44     26.5414     26.4024     0.40985
          45     29.9862     26.4821    0.408406
          46     27.8652     26.5121    0.400633
          47      24.396     26.4671    0.394631
          48     29.8422     26.5374    0.392624
          49      27.824     26.5637    0.385488
          50     26.4934     26.5623    0.377781
           1      18.204      18.204           0
           2     15.7437     16.9738    0.869877
           3     18.4183     17.4553    0.700612
           4     15.2289     16.8987    0.713067
           5     15.4091     16.6008    0.629623
           6     16.1848     16.5315     0.52849
           7     20.3368     17.0751    0.677131
           8     15.1714     16.8371    0.632923
           9     14.4185     16.5684    0.617017
          10     16.9305     16.6046    0.556377
          11     15.0372     16.4621    0.523726
          12     16.0331     16.4264    0.481301
          13     20.7352     16.7578    0.546619
          14     15.4538     16.6647     0.51545
          15     19.8026     16.8739    0.521813
          16     18.8048     16.9945    0.502961
          17      17.118     17.0018    0.473428
          18     18.1886     17.0677    0.451694
          19     13.2729      16.868    0.470009
          20     15.4636     16.7978    0.451723
          21     20.5204     16.9751    0.463691
          22       14.53     16.8639    0.455739
          23      16.038      16.828    0.437336
          24     15.3188     16.7651    0.423611
          25     17.8753     16.8095    0.408987
          26     15.7709     16.7696    0.395203
          27     15.8929     16.7371    0.381898
          28     19.9644     16.8524    0.385259
          29     21.2177     17.0029    0.400303
          30     12.9191     16.8668    0.409452
          31     16.4285     16.8526    0.396487
          32     15.1154     16.7984    0.387796
          33     18.5074     16.8501    0.379487
          34     19.3616      16.924    0.375445
          35     14.8744     16.8654    0.369257
          36     15.8544     16.8374    0.360067
          37     21.0817     16.9521    0.368154
          38     17.1382      16.957    0.358499
          39     18.6653     17.0008    0.351972
          40     15.4674     16.9624    0.345254
          41     17.7223      16.981     0.33733
          42      15.395     16.9432    0.331405
          43     20.2444       17.02    0.332472
          44     19.9532     17.0866    0.331532
          45      17.506      17.096    0.324295
          46     18.0156      17.116    0.317861
          47     17.7565     17.1296     0.31139
          48     18.5911       17.16    0.306388
          49     16.9415     17.1556    0.300167
          50     14.2435     17.0973    0.299761
           1     11.5214     11.5214           0
           2     11.7927      11.657   0.0959091
           3     12.0691     11.7944    0.129086
           4     11.1387     11.6305    0.171825
           5     11.7732      11.659    0.139812
           6     12.9738     11.8782    0.231497
           7     14.1368     12.2008    0.358626
           8     11.7607     12.1458    0.317989
           9     10.5447     11.9679    0.328676
          10      14.065     12.1776    0.356485
          11     11.1037       12.08     0.33718
          12     12.9404     12.1517    0.316614
          13      12.488     12.1776    0.293313
          14     10.3408     12.0464    0.300274
          15     12.7345     12.0922    0.283738
          16     11.0692     12.0283    0.273115
          17     12.1402     12.0349    0.257128
          18      11.797     12.0217    0.243183
          19     11.7742     12.0086    0.230732
          20     11.5722     11.9868    0.220225
          21     11.5081      11.964    0.210914
          22     10.8657     11.9141    0.207151
          23      10.741     11.8631    0.204327
          24     12.9563     11.9086    0.200826
          25     11.8031     11.9044    0.192838
          26      13.256     11.9564      0.1923
          27      12.437     11.9742       0.186
          28      13.929      12.044    0.192012
          29     14.9446      12.144    0.209831
          30      10.478     12.0885    0.210056
          31     10.5694     12.0395    0.208918
          32     12.6803     12.0595    0.203347
          33     13.6789     12.1086    0.203019
          34     11.3073      12.085    0.198412
          35     11.3238     12.0633    0.193931
          36     11.4569     12.0464    0.189274
          37     12.2092     12.0508     0.18421
          38      12.802     12.0706     0.18042
          39     11.9854     12.0684    0.175807
          40      11.982     12.0663    0.171425
          41      11.255     12.0465    0.168382
          42     10.1105     12.0004    0.170565
          43     12.3621     12.0088    0.166806
          44     13.0807     12.0331    0.164785
          45     13.8072     12.0726    0.165771
          46     13.0262     12.0933    0.163459
          47     11.4562     12.0797    0.160542
          48     13.8031     12.1156    0.161162
          49     12.3013     12.1194    0.157917
          50      11.655     12.1101    0.155032
           1      7.9251      7.9251           0
           2      8.7915      8.3583    0.306319
           3      8.8425      8.5197    0.243042
           4     9.74158     8.82517    0.321264
           5     9.76538     9.01322    0.307152
           6     10.1125     9.19643    0.305759
           7      8.5733     9.10741    0.274732
           8     8.76768     9.06494    0.243651
           9     8.43888     8.99538    0.226291
          10     10.0166      9.0975    0.225529
          11     9.45384      9.1299     0.20734
          12     8.93738     9.11385    0.190682
          13     10.3127     9.20607    0.197057
          14     9.53717     9.22972    0.184395
          15     8.73206     9.19655    0.175061
          16     9.41765     9.21036    0.164664
          17     8.60605     9.17482    0.158769
          18     8.77675      9.1527    0.151481
          19     9.53658     9.17291    0.144849
          20      7.7439     9.10146    0.154226
          21     8.22781     9.05985    0.152389
          22      9.2573     9.06883    0.145727
          23      9.9477     9.10704    0.144314
          24     8.88209     9.09767    0.138605
          25     9.23434     9.10313    0.133168
          26     8.87394     9.09432    0.128338
          27     10.2147     9.13581     0.13012
          28     9.48398     9.14825    0.126066
          29     9.57869     9.16309    0.122589
          30     8.82238     9.15173    0.119028
          31     8.02411     9.11536    0.120618
          32     10.2394     9.15049    0.121856
          33     9.09173     9.14871    0.118177
          34     7.73234     9.10705    0.121822
          35      7.3961     9.05816    0.127774
          36     8.50672     9.04285    0.125139
          37     9.54422      9.0564    0.122489
          38     9.42702     9.06615    0.119653
          39      8.8615      9.0609      0.1167
          40     9.23879     9.06535    0.113867
          41     7.50602     9.02732     0.11727
          42      7.9998     9.00285    0.117001
          43     8.33928     8.98742    0.115294
          44     9.67146     9.00297    0.113717
          45      9.4668     9.01327    0.111656
          46     10.4141     9.04373    0.113306
          47     8.84154     9.03943    0.110976
          48     10.4401     9.06861    0.112435
          49     8.01587     9.04712    0.112175
          50     9.46625      9.0555    0.110244
           1     7.39662     7.39662           0
           2     6.91812     7.15737    0.169177
           3     6.98278     7.09918    0.122385
           4     7.38536     7.17072    0.110745
           5     7.30504     7.19759    0.091796
           6     7.83406     7.30366    0.123406
           7     7.27327     7.29932    0.105853
           8     7.14727     7.28032   0.0943119
           9      7.2445     7.27634   0.0839167
          10     7.48579     7.29728   0.0780953
          11     7.80725     7.34364   0.0836319
          12     6.94864     7.31073   0.0828877
          13     7.89772     7.35588   0.0879548
          14     7.58433      7.3722   0.0831722
          15     6.01834     7.28194    0.116745
          16     7.31163      7.2838    0.109463
          17     7.49286     7.29609    0.103712
          18     7.45449     7.30489   0.0983232
          19     7.87327     7.33481    0.097593
          20     6.64279     7.30021   0.0986566
          21     6.90662     7.28146   0.0957224
          22     7.87356     7.30838   0.0950797
          23     7.96643     7.33699   0.0951532
          24     7.12031     7.32796   0.0916158
          25      6.9419     7.31252   0.0892431
          26     7.13226     7.30559   0.0860796
          27     7.58542     7.31595    0.083513
          28      7.7777     7.33244   0.0821425
          29     6.99911     7.32095   0.0801101
          30     7.52998     7.32791   0.0777422
          31     6.85646     7.31271   0.0767075
          32     7.32162     7.31298   0.0743109
          33     7.56819     7.32072   0.0724603
          34     7.11393     7.31464   0.0705839
          35     6.05869     7.27875   0.0771515
          36     6.91758     7.26872   0.0756579
          37     7.29677     7.26948   0.0736169
          38     7.21038     7.26792    0.071696
          39     7.08686     7.26328   0.0700078
          40     8.28694     7.28887   0.0727851
          41     6.34945     7.26596   0.0745291
          42     7.85761     7.28004   0.0740739
          43     6.51482     7.26225   0.0744583
          44     7.29455     7.26298   0.0727697
          45     7.58062     7.27004   0.0714941
          46     7.65429     7.27839   0.0704262
          47     7.68669     7.28708   0.0694614
          48     8.12748     7.30459   0.0701862
          49      7.2013     7.30248   0.0687855
          50     7.03869     7.29721   0.0676118
           1     6.95378     6.95378           0
           2     6.20012     6.57695    0.266458
           3     5.94619      6.3667    0.247034
           4      5.8678     6.24197    0.214463
           5     6.05931     6.20544    0.174654
           6     6.14901     6.19603    0.145798
           7     6.58813     6.25205    0.135302
           8     5.93379     6.21227      0.1241
           9     6.03755     6.19285    0.111819
          10     5.79727      6.1533    0.107407
          11      5.9598      6.1357   0.0990725
          12     6.03534     6.12734   0.0911689
          13     6.31808     6.14201   0.0853284
          14      5.8052     6.11795   0.0825554
          15     5.48393     6.07569   0.0872037
          16      5.8947     6.06437   0.0824838
          17     6.11395     6.06729   0.0776834
          18     6.11985     6.07021   0.0734225
          19     6.04645     6.06896   0.0695688
          20     6.11998     6.07151   0.0661371
          21     5.65751      6.0518   0.0658605
          22     5.97028     6.04809   0.0629709
          23      6.3488     6.06117   0.0615754
          24     5.91666     6.05514   0.0593034
          25     5.92667     6.05001   0.0571535
          26     6.08208     6.05124   0.0549686
          27     6.23296     6.05797   0.0533431
          28     6.58189     6.07668   0.0546213
          29     6.12118     6.07822   0.0527593
          30     6.28006     6.08494   0.0514279
          31     6.16873     6.08765   0.0498399
          32     6.31899     6.09488   0.0488039
          33      6.5452     6.10852   0.0491959
          34     6.01687     6.10583   0.0478227
          35     5.79599     6.09697   0.0472686
          36     6.13296     6.09797   0.0459661
          37     5.71018     6.08749   0.0459032
          38     6.18615     6.09009   0.0447686
          39     6.25449      6.0943   0.0438187
          40     7.08024     6.11895   0.0491694
          41     5.59656     6.10621   0.0495935
          42     6.07834     6.10555   0.0484171
          43     5.66128     6.09522   0.0483809
          44     5.94897     6.09189   0.0473954
          45     5.70612     6.08332   0.0471111
          46      6.2115     6.08611   0.0461693
          47     6.54198     6.09581   0.0461945
          48         6.2     6.09798   0.0452831
          49     5.79412     6.09178   0.0447816
          50     6.41047     6.09815   0.0443372
           1      5.5533      5.5533           0
           2     5.29382     5.42356   0.0917429
           3     5.31465     5.38726   0.0679664
           4      5.1247     5.32162   0.0763524
           5     5.36627     5.33055    0.061602
           6     5.30263      5.3259   0.0515104
           7     5.31487     5.32432   0.0441759
           8     5.35295      5.3279   0.0387986
           9     5.32007     5.32703   0.0344974
          10      4.9949     5.29382   0.0442354
          11     5.46408      5.3093   0.0428366
          12     5.12075     5.29358   0.0420497
          13     5.36125     5.29879   0.0391359
          14     5.39295     5.30551    0.036914
          15     4.81074     5.27253   0.0469308
          16     5.02719      5.2572   0.0464351
          17     5.04226     5.24455   0.0453921
          18     5.16412     5.24008   0.0430897
          19     5.20698     5.23834   0.0408571
          20     5.11606     5.23223   0.0392691
          21     5.07707     5.22484   0.0380878
          22     5.25607     5.22626    0.036383
          23      5.0295      5.2177   0.0357928
          24     5.37139     5.22411   0.0348695
          25     5.16354     5.22168   0.0335588
          26     5.26798     5.22346   0.0323153
          27     5.64624     5.23912   0.0347053
          28      5.4855     5.24792   0.0345634
          29     5.39431     5.25297   0.0337381
          30     5.24081     5.25257    0.032616
          31     5.65673      5.2656   0.0340701
          32     5.49383     5.27273   0.0337436
          33     5.57654     5.28194   0.0339537
          34     5.10961     5.27687   0.0333312
          35     4.95515     5.26768   0.0336225
          36     5.20776     5.26602   0.0327297
          37     5.31758     5.26741   0.0318748
          38     5.27754     5.26768   0.0310371
          39     5.55311     5.27499   0.0310922
          40      5.8699     5.28987   0.0336847
          41     5.17222       5.287   0.0329851
          42     5.10382     5.28264   0.0324868
          43     4.94075     5.27469   0.0326898
          44      5.3249     5.27583   0.0319667
          45     4.78744     5.26497   0.0330474
          46     5.43211     5.26861   0.0325281
          47     5.56318     5.27487   0.0324342
          48     5.17187     5.27273   0.0318294
          49     4.90856      5.2653   0.0320358
          50     5.62653     5.27252   0.0321994
           1     4.75257     4.75257           0
           2     4.64996     4.70126   0.0362774
           3     4.56943     4.65732     0.04327
           4     4.68602      4.6645   0.0330422
           5     4.73663     4.67892   0.0294153
           6     4.68338     4.67967   0.0245221
           7     4.73838     4.68805   0.0224078
           8     4.81466     4.70388   0.0245675
           9     4.87566     4.72297   0.0282966
          10     4.73218     4.72389    0.025482
          11     4.88791      4.7388   0.0271804
          12     4.49742     4.71868   0.0314909
          13     4.60854     4.71021   0.0301867
          14     4.76838     4.71437    0.028315
          15     4.22863     4.68198   0.0409525
          16     4.30626      4.6585   0.0446207
          17     4.49798     4.64906   0.0429834
          18      4.9165     4.66392   0.0430869
          19      4.5627     4.65859   0.0411472
          20     4.49268     4.65029   0.0399172
          21     4.45785     4.64113   0.0390542
          22     4.86899     4.65149    0.038628
          23     4.35185     4.63846   0.0390837
          24     4.59353     4.63659      0.0375
          25     4.83353     4.64446   0.0368182
          26     4.58386     4.64213   0.0354758
          27     4.95422     4.65369   0.0359958
          28      4.9412     4.66396   0.0361451
          29     4.74775     4.66685    0.035014
          30     4.65366     4.66641   0.0338496
          31     4.88977     4.67361   0.0335158
          32     4.38456     4.66458   0.0336636
          33     4.60895      4.6629   0.0326857
          34      4.4337     4.65616    0.032412
          35     4.50493     4.65183   0.0317727
          36     4.65719     4.65198   0.0308904
          37     4.55306     4.64931    0.030171
          38     4.75252     4.65203   0.0294991
          39     4.82592     4.65648   0.0290777
          40      4.9672     4.66425     0.02937
          41     4.44034     4.65879    0.029157
          42     4.16236     4.64697   0.0307654
          43     4.52299     4.64409   0.0301848
          44     4.73354     4.64612   0.0295671
          45     4.33219     4.63914   0.0297217
          46     4.89647     4.64474   0.0295973
          47     4.81196      4.6483   0.0291807
          48      4.9329     4.65423   0.0291689
          49     4.41155     4.64927    0.028991
          50     4.87197     4.65373   0.0287513
           1     3.99842     3.99842           0
           2     4.17517     4.08679   0.0624913
           3     4.12226     4.09861   0.0427643
           4     4.13409     4.10748     0.03298
           5     4.30762     4.14751    0.044474
           6     4.15428     4.14864    0.037076
           7     4.32745     4.17418   0.0396134
           8     4.29798     4.18966    0.037563
           9      4.4095     4.21408   0.0405611
          10      4.2202      4.2147   0.0365096
          11     4.37188     4.22899   0.0358781
          12     4.02009     4.21158   0.0368704
          13     4.28529     4.21725   0.0344675
          14     4.13824      4.2116   0.0324642
          15     3.88181     4.18962   0.0370035
          16     4.05762     4.18137   0.0355985
          17     4.19158     4.18197   0.0335095
          18     4.33042     4.19022    0.032647
          19     4.10294     4.18562   0.0312502
          20     4.00795     4.17674   0.0309246
          21     3.97106     4.16694   0.0309641
          22     4.37559     4.17643    0.030975
          23     3.93782     4.16605   0.0313174
          24      4.0541     4.16139   0.0303579
          25     4.30355     4.16708   0.0296714
          26     3.88078     4.15606   0.0305051
          27     4.23339     4.15893   0.0295094
          28     4.33868     4.16535   0.0291454
          29     4.08977     4.16274   0.0282567
          30     4.11706     4.16122   0.0273558
          31     4.27318     4.16483   0.0267107
          32     3.74658     4.15176   0.0288974
          33     4.18274      4.1527   0.0280369
          34     4.06857     4.15022   0.0273213
          35     4.09538     4.14866   0.0265856
          36     4.04217      4.1457   0.0260111
          37     4.02178     4.14235   0.0255229
          38     4.25927     4.14543    0.025036
          39     4.33556      4.1503   0.0248642
          40     4.28973     4.15379   0.0244857
          41     4.15152     4.15373   0.0238885
          42     3.86053     4.14675   0.0243184
          43     4.10596      4.1458   0.0237714
          44     4.31546     4.14966   0.0235417
          45     3.99216     4.14616   0.0232773
          46     4.23062       4.148   0.0228436
          47     4.27722     4.15074   0.0225224
          48     4.44018     4.15677   0.0228461
          49     4.04592     4.15451   0.0224916
          50     4.34098     4.15824   0.0223489
           1      3.6383      3.6383           0
           2     3.84987     3.74409   0.0748006
           3     3.71412      3.7341   0.0505297
           4     3.77517     3.74437   0.0389264
           5     3.91787     3.77907   0.0439671
           6     3.78522     3.78009   0.0366512
           7     3.81855     3.78559   0.0318245
           8       3.869     3.79601    0.029505
           9     3.98632     3.81716   0.0329435
          10     3.86866     3.82231    0.030049
          11      3.8676     3.82643   0.0275979
          12     3.70286     3.81613   0.0271511
          13      3.8648     3.81987   0.0253194
          14     3.75778     3.81544   0.0238961
          15     3.68556     3.80678   0.0238201
          16     3.79382     3.80597   0.0223451
          17      3.6537     3.79701   0.0227553
          18     3.67096     3.79001   0.0225429
          19     3.77068     3.78899   0.0213794
          20     3.54469     3.77678   0.0235428
          21     3.54465     3.76572   0.0248817
          22     3.68002     3.76183   0.0240538
          23     3.65251     3.75707   0.0234729
          24     3.77649     3.75788   0.0225088
          25     3.81758     3.76027   0.0217347
          26     3.54085     3.75183   0.0224775
          27     3.87974     3.75657   0.0221386
          28     3.86179     3.76033   0.0216645
          29     3.71304      3.7587   0.0209788
          30     3.86193     3.76214   0.0205597
          31     3.90226     3.76666   0.0203874
          32     3.34674     3.75353   0.0235986
          33     3.69423     3.75174   0.0229518
          34     3.69087     3.74995   0.0223465
          35     3.71622     3.74898   0.0217288
          36      3.7866     3.75003   0.0211503
          37     3.64195     3.74711   0.0207794
          38     3.80767      3.7487   0.0202936
          39     3.83461      3.7509   0.0198924
          40     3.88869     3.75435   0.0196911
          41     3.69376     3.75287   0.0192662
          42      3.4641       3.746   0.0199967
          43     3.81565     3.74762   0.0195972
          44     4.02878     3.75401   0.0201667
          45     3.77466     3.75446   0.0197238
          46     3.74345     3.75423   0.0192964
          47     3.94766     3.75834   0.0193198
          48     4.00985     3.76358    0.019615
          49     3.61308     3.76051   0.0194536
          50     3.99594     3.76522   0.0196262
           1     3.38502     3.38502           0
           2     3.54719      3.4661   0.0573379
           3     3.41362     3.44861   0.0408074
           4     3.41316     3.43975   0.0315531
           5     3.66806     3.48541   0.0480125
           6     3.47805     3.48418   0.0400261
           7     3.47638     3.48307   0.0343236
           8      3.5642     3.49321   0.0314958
           9     3.61805     3.50708   0.0309001
          10     3.46982     3.50335   0.0280338
          11     3.45932     3.49935   0.0257695
          12     3.43537     3.49402   0.0241673
          13     3.57126     3.49996   0.0230272
          14     3.56999     3.50496    0.021919
          15     3.43452     3.50027   0.0209548
          16      3.4391     3.49644   0.0199907
          17     3.40757     3.49122   0.0194864
          18     3.52975     3.49336   0.0185211
          19     3.50319     3.49387   0.0175535
          20     3.33601     3.48598    0.018365
          21      3.3303     3.47857   0.0189277
          22     3.48255     3.47875   0.0180682
          23     3.36574     3.47384   0.0179383
          24     3.46326      3.4734   0.0171963
          25     3.50774     3.47477   0.0165632
          26     3.24303     3.46586   0.0181667
          27      3.5203     3.46787   0.0176054
          28     3.46295      3.4677   0.0169775
          29     3.45457     3.46724   0.0163981
          30      3.5611     3.47037   0.0161472
          31     3.50192     3.47139   0.0156583
          32     3.13866     3.46099   0.0182986
          33     3.54524     3.46354   0.0179213
          34     3.36522     3.46065   0.0176259
          35     3.53985     3.46292    0.017267
          36     3.55008     3.46534   0.0169562
          37     3.34885     3.46219   0.0167877
          38      3.4771     3.46258   0.0163505
          39     3.53919     3.46455   0.0160488
          40     3.67855      3.4699   0.0165153
          41     3.51034     3.47088    0.016142
          42     3.17519     3.46384   0.0172246
          43     3.66606     3.46854   0.0174543
          44     3.66902      3.4731   0.0176423
          45     3.45713     3.47275   0.0172538
          46     3.41427     3.47148   0.0169255
          47     3.62454     3.47473   0.0168757
          48     3.61435     3.47764    0.016773
          49     3.48177     3.47772   0.0164309
          50     3.67806     3.48173   0.0165836
           1     3.10029     3.10029           0
           2     3.32742     3.21385   0.0803019
           3     3.13846     3.18872   0.0573318
           4     3.09838     3.16614   0.0472383
           5     3.35359     3.20363   0.0505231
           6     3.15123      3.1949   0.0428506
           7     3.19197     3.19448   0.0367311
           8     3.33963     3.21262   0.0363459
           9     3.27634      3.2197   0.0329897
          10      3.2381     3.22154    0.029742
          11     3.11942     3.21226   0.0284504
          12     3.24785     3.21522   0.0262337
          13     3.33503     3.22444   0.0257838
          14     3.29504     3.22948   0.0244302
          15     3.15498     3.22452   0.0233009
          16     3.13846     3.21914   0.0224567
          17      3.1453     3.21479   0.0215516
          18     3.23212     3.21576   0.0203758
          19     3.24074     3.21707   0.0193458
          20     3.07032     3.20973    0.019721
          21      3.1277     3.20583   0.0191649
          22     3.22279      3.2066   0.0183093
          23     3.11675     3.20269   0.0179251
          24     3.13296     3.19979   0.0174121
          25     3.19982     3.19979   0.0167156
          26     3.04273     3.19375   0.0171295
          27     3.33607     3.19902   0.0172871
          28     3.26044     3.20121   0.0168083
          29     3.12014     3.19842   0.0164596
          30     3.37797      3.2044   0.0169642
          31     3.20982     3.20458   0.0164179
          32     3.03896      3.1994   0.0167007
          33     3.19767     3.19935   0.0161947
          34     3.19374     3.19918   0.0157192
          35     3.23167     3.20011   0.0152974
          36     3.30647     3.20307   0.0151551
          37      3.1471     3.20155   0.0148208
          38     3.19734     3.20144   0.0144312
          39     3.32767     3.20468   0.0144196
          40     3.47206     3.21136   0.0155314
          41     3.21218     3.21138   0.0151526
          42     2.93927      3.2049   0.0161175
          43     3.35782     3.20846   0.0161302
          44     3.33552     3.21135     0.01602
          45     3.29538     3.21322   0.0157725
          46     3.24536     3.21391   0.0154451
          47      3.4276     3.21846   0.0157714
          48     3.32975     3.22078   0.0156124
          49     3.23921     3.22116   0.0152983
          50     3.45418     3.22582   0.0156862
           1     3.01178     3.01178           0
           2     3.10352     3.05765   0.0324364
           3     2.91365     3.00965   0.0447617
           4     2.84998     2.96973   0.0481883
           5     3.09503     2.99479   0.0445934
           6     2.99596     2.99499   0.0371616
           7     2.97874     2.99266   0.0319252
           8     3.10822     3.00711   0.0310309
           9     3.01492     3.00798   0.0275951
          10     3.08892     3.01607   0.0259957
          11     2.93791     3.00897   0.0245843
          12     3.08391     3.01521   0.0233154
          13     3.01789     3.01542   0.0215229
          14     3.07845     3.01992    0.020451
          15     2.95674     3.01571   0.0195166
          16     2.98941     3.01406   0.0183659
          17     3.01013     3.01383    0.017287
          18     3.03909     3.01524   0.0163834
          19     3.02789      3.0159   0.0155347
          20     2.92704     3.01146   0.0153802
          21     2.94622     3.00835   0.0149582
          22     3.07139     3.01122   0.0145502
          23     2.94569     3.00837   0.0141938
          24     2.89361     3.00359   0.0143853
          25     3.03721     3.00493   0.0138726
          26      2.8665     2.99961   0.0143244
          27     3.14906     3.00514   0.0148249
          28     3.00125       3.005   0.0142961
          29     2.94892     3.00307   0.0139333
          30     3.22882     3.01059   0.0153672
          31     3.00994     3.01057   0.0148715
          32     2.84832      3.0055   0.0152466
          33     3.03253     3.00632   0.0148066
          34     3.09702     3.00899   0.0146094
          35      2.9837     3.00827   0.0142099
          36     3.04939     3.00941    0.013861
          37     2.90673     3.00663   0.0137614
          38     2.95422     3.00525   0.0134682
          39     3.14182     3.00876   0.0135704
          40     3.24891     3.01476   0.0144986
          41     3.02378     3.01498   0.0141466
          42     2.73569     3.00833   0.0152931
          43     3.14616     3.01154   0.0152696
          44     3.15963      3.0149    0.015289
          45     3.06419       3.016   0.0149885
          46      2.9883     3.01539   0.0146747
          47      3.1148     3.01751   0.0145141
          48     3.15688     3.02041   0.0144992
          49     2.98073      3.0196   0.0142259
          50     3.20062     3.02322   0.0143947
           1     2.86159     2.86159           0
           2      2.8903     2.87595   0.0101512
           3     2.73146     2.82779   0.0399016
           4     2.65269     2.78401   0.0482985
           5     2.85242     2.79769   0.0405301
           6     2.84221     2.80511   0.0344474
           7     2.79179     2.80321   0.0295789
           8      2.8893     2.81397     0.02777
           9      2.8756     2.82082   0.0255148
          10     2.88154     2.82689    0.023675
          11     2.80275      2.8247   0.0216241
          12     2.90379     2.83129   0.0208025
          13     2.84948     2.83269   0.0192493
          14     2.89034     2.83681   0.0183096
          15     2.79646     2.83412   0.0172854
          16     2.78497     2.83104   0.0164757
          17     2.83676     2.83138     0.01551
          18     2.91367     2.83595   0.0153073
          19     2.83104     2.83569   0.0145039
          20     2.74936     2.83138   0.0144067
          21     2.78921     2.82937   0.0138599
          22     2.90982     2.83303   0.0137039
          23     2.81758     2.83235   0.0131245
          24     2.78438     2.83036    0.012729
          25     2.89303     2.83286   0.0124643
          26     2.75837        2.83   0.0123098
          27     2.93962     2.83406   0.0125056
          28     2.86827     2.83528   0.0121185
          29     2.75649     2.83256   0.0120013
          30     3.04242     2.83956   0.0134867
          31     2.82761     2.83917   0.0130571
          32     2.71994     2.83545     0.01317
          33     2.92467     2.83815   0.0130455
          34     2.93366     2.84096   0.0129608
          35     2.77846     2.83917   0.0127129
          36      2.8635     2.83985   0.0123777
          37     2.79322     2.83859   0.0121071
          38     2.75066     2.83627   0.0120076
          39     2.96229     2.83951   0.0121267
          40     3.11607     2.84642    0.013653
          41     2.88566     2.84738   0.0133535
          42     2.64313     2.84251   0.0138929
          43     3.02179     2.84668   0.0141816
          44     2.94927     2.84902   0.0140497
          45     2.83294     2.84866    0.013742
          46     2.82595     2.84816   0.0134521
          47     2.96911     2.85074   0.0134098
          48     3.03517     2.85458   0.0136698
          49     2.81894     2.85385   0.0134102
          50     2.93215     2.85542   0.0132331
           1     2.69494     2.69494           0
           2     2.71581     2.70537  0.00737937
           3     2.62043     2.67706   0.0236354
           4     2.57858     2.65244   0.0277284
           5     2.73141     2.66823   0.0262989
           6     2.65302      2.6657   0.0220376
           7      2.7163     2.67293   0.0200398
           8     2.72218     2.67908   0.0184565
           9     2.64638     2.67545   0.0167596
          10     2.71958     2.67986   0.0156537
          11     2.64263     2.67648    0.014592
          12     2.78959      2.6859   0.0161358
          13     2.70729     2.68755   0.0149782
          14     2.72369     2.69013    0.014129
          15      2.6584     2.68801   0.0133445
          16     2.66335     2.68647   0.0125992
          17     2.82518     2.69463   0.0142572
          18     2.78134     2.69945   0.0142556
          19     2.72735     2.70092   0.0135807
          20     2.62547     2.69715   0.0134154
          21     2.64643     2.69473   0.0129921
          22     2.73281     2.69646   0.0125163
          23     2.65699     2.69475   0.0120892
          24     2.64826     2.69281   0.0117396
          25     2.70994     2.69349     0.01129
          26     2.62038     2.69068   0.0112005
          27     2.83583     2.69606   0.0120067
          28     2.76518     2.69853    0.011829
          29     2.67062     2.69756   0.0114601
          30     2.87144     2.70336   0.0124578
          31     2.67502     2.70245   0.0120894
          32     2.55706      2.6979   0.0125363
          33     2.76182     2.69984   0.0123051
          34     2.73093     2.70075   0.0119771
          35     2.65982     2.69958   0.0116918
          36     2.70102     2.69962   0.0113671
          37     2.63422     2.69786   0.0111965
          38     2.60413     2.69539   0.0111702
          39     2.77545     2.69744   0.0110708
          40     2.86182     2.70155   0.0115316
          41      2.7599     2.70298   0.0113378
          42      2.5567     2.69949   0.0115905
          43      2.8489     2.70297   0.0118303
          44     2.79426     2.70504   0.0117419
          45     2.70713     2.70509   0.0114811
          46     2.70672     2.70512   0.0112316
          47     2.83133     2.70781    0.011309
          48     2.89828     2.71178    0.011749
          49     2.66513     2.71083   0.0115477
          50     2.76099     2.71183   0.0113603
