1.92768
1.94864
1.95754
1.95496
1.94415
1.92814
1.90795
1.88395
1.85912
1.8388
1.82706
1.82379
1.82512
1.82591
1.82261
1.81527
1.80745
1.80378
1.80643
1.8133
1.81977
1.82254
1.82186
1.82016
1.8196
1.82251
1.82998
1.83782
1.83977
1.83479
1.82618
1.8157
1.8025
1.78661
1.77106
1.76042
1.7582
1.76497
1.77802
1.79283
1.80537
1.81399
1.81983
1.82554
1.83321
1.84352
1.85581
1.86879
1.88108
1.8917
1.90018
1.90586
1.90754
1.90393
1.89491
1.88239
1.86994
1.86098
1.85715
1.85757
1.85965
1.86063
1.85872
1.8534
1.84532
1.83621
1.82897
1.82649
1.82938
1.83471
1.8382
1.83769
1.83419
1.82964
1.82464
1.8186
1.81181
1.80678
1.80779
1.81796
1.83576
1.8546
1.86688
1.86969
1.86625
1.86031
1.85097
1.83557
1.81505
1.79596
1.78936
1.80437
1.83937
1.88198
1.91806
1.93884
1.94237
1.93175
1.91253
1.8903
1.869
1.85115
1.83951
1.83724
1.84467
1.85797
1.87323
1.89065
1.91334
1.9428
1.97599
2.00689
2.02958
2.03979
2.03476
2.01365
1.9798
1.94298
1.91566
1.90283
1.89977
1.90064
1.90343
1.90828
1.91475
1.92099
1.92456
1.92365
1.9174
1.90493
1.8844
1.85357
1.81199
1.76371
1.71701
1.67968
1.65578
1.6476
1.65725
1.68483
1.72595
1.77105
1.80802
1.8272
1.82554
1.80689
1.77907
1.75148
1.73546
1.74398
1.78395
1.84809
1.91962
1.98341
2.03048
2.05671
2.0614
2.04716
2.01952
1.98545
1.95105
1.91946
1.89073
1.86353
1.83676
1.80993
1.78298
1.75667
1.7329
1.7145
1.70504
1.70825
1.72597
1.75624
1.79329
1.82949
1.85819
1.87587
1.88222
1.878
1.86269
1.83478
1.79613
1.75746
1.73618
1.74249
1.76922
1.80008
1.82325
1.83507
1.83647
1.82996
1.81965
1.81204
1.81459
1.83305
1.8686
1.91597
1.96419
2.00108
2.01852
2.01497
1.99493
1.96636
1.93708
1.91117
1.88734
1.86102
1.82932
1.79605
1.7728
1.77278
1.79847
1.83798
1.87665
1.90519
1.91857
1.91469
1.89453
1.86096
1.81785
1.77026
1.72575
1.69439
1.6858
1.70387
1.74307
1.79038
1.83131
1.85503
1.85618
1.83481
1.79668
1.75323
1.71812
1.69931
1.69409
1.69336
1.68922
1.67911
1.66622
1.65699
1.65607
1.6627
1.67259
1.68307
1.69651
1.71935
1.75657
1.80588
1.85845
1.90504
1.94037
1.96292
1.97318
1.97304
1.9661
1.9563
1.94461
1.92767
1.90175
1.87068
1.84921
1.84877
1.86115
1.86914
1.8648
1.85376
1.84863
1.85707
1.87584
1.89628
1.91167
1.91899
1.91766
1.90858
1.89441
1.87938
1.86739
1.85944
1.85309
1.8449
1.8331
1.8184
1.8029
1.78856
1.77643
1.76705
1.76079
1.75774
1.75758
1.75948
1.76211
1.76538
1.77189
1.78531
1.80616
1.83005
1.84985
1.85952
1.85671
1.84319
1.82446
1.80817
1.80102
1.80528
1.81847
1.83609
1.85437
1.87136
1.88716
1.9034
1.92055
1.93463
1.93851
1.92836
1.90949
1.8957
1.90002
1.92321
1.95381
1.97853
1.98976
1.98634
1.97154
1.95067
1.9283
1.90596
1.88246
1.85666
1.82996
1.80596
1.78803
1.77714
1.77153
1.7686
1.76714
1.76765
1.77087
1.77661
1.78479
1.79758
1.81865
1.84823
1.88015
1.90647
1.92445
1.93804
1.95422
1.97741
2.00546
2.03036
2.04335
2.0403
2.02301
1.99538
1.95895
1.9132
1.85888
1.80039
1.7458
1.70504
1.68617
1.69114
1.71473
1.748
1.78316
1.81601
1.84522
1.87028
1.8902
1.90347
1.90893
1.9063
1.89599
1.87881
1.85661
1.83325
1.81434
1.80561
1.8101
1.826
1.84717
1.86623
1.87754
1.87774
1.86527
1.84099
1.81083
1.78746
1.78336
1.79696
1.81372
1.82282
1.82501
1.8275
1.83681
1.85542
1.88128
1.90895
1.93275
1.94942
1.95781
1.95754
1.94858
1.93288
1.91577
1.90426
1.90217
1.90713
1.91248
1.9122
1.90519
1.89669
1.89441
1.901
1.91091
1.91518
1.90776
1.88743
1.85673
1.82
1.78252
1.75
1.72774
1.71864
1.72203
1.73477
1.75301
1.77231
1.78792
1.79645
1.7979
1.79586
1.79602
1.80382
1.82196
1.84818
1.87545
1.89562
1.90379
1.90071
1.89186
1.88433
1.8832
1.88924
1.8985
1.9049
1.90383
1.89415
1.87804
1.85982
1.84485
1.83811
1.84177
1.85326
1.86715
1.87968
1.89099
1.90359
1.91916
1.93699
1.95458
1.96934
1.97998
1.98698
1.99211
1.99718
2.00282
2.00847
2.01277
2.01404
2.01081
2.00271
1.99082
1.97662
1.96013
1.93934
1.91188
1.87727
1.8385
1.80207
1.77636
1.76845
1.77984
1.80492
1.83521
1.86475
1.89136
1.91453
1.93273
1.94209
1.93733
1.91548
1.88037
1.84245
1.81225
1.79603
1.79484
1.80421
1.81738
1.82924
1.83719
1.84038
1.83916
1.83443
1.82702
1.81753
1.80679
1.79647
1.78852
1.78322
1.77821
1.76956
1.75428
1.73223
1.70683
1.68427
1.67023
1.66558
1.66575
1.66506
1.6611
1.65642
1.65884
1.67812
1.71815
1.77335
1.83264
1.88428
1.91909
1.93309
1.92897
1.9161
1.90674
1.90613
1.90725
1.89955
1.87938
1.85143
1.82447
1.80681
1.80305
1.81309
1.83331
1.85883
1.88523
1.90967
1.93106
1.94955
1.9655
1.97854
1.98753
1.99154
1.9907
1.98562
1.97653
1.96467
1.95441
1.94994
1.94986
1.94809
1.939
1.92058
1.89496
1.86761
1.84566
1.83467
1.83561
1.84446
1.85506
1.86229
1.8637
1.86023
1.85633
1.85771
1.86668
1.87968
1.89044
1.89426
1.88967
1.87825
1.86368
1.85026
1.84072
1.83526
1.83281
1.83314
1.83734
1.84583
1.85682
1.86721
1.87433
1.87608
1.87037
1.85515
1.8294
1.79479
1.75649
1.72237
1.69993
1.6927
1.69897
1.71372
1.73178
1.74961
1.76551
1.77867
1.78875
1.79601
1.80181
1.80882
1.82008
1.83735
1.85981
1.8838
1.90341
1.91197
1.90477
1.88103
1.8443
1.80193
1.76387
1.73912
1.73018
1.73302
1.74282
1.75763
1.7766
1.79696
1.81317
1.8191
1.8123
1.79861
1.79137
1.80051
1.82299
1.84863
1.87035
1.88627
1.89664
1.90126
1.89867
1.88703
1.86618
1.83885
1.80963
1.78268
1.76041
1.74383
1.73322
1.72879
1.73073
1.73915
1.75404
1.7749
1.80004
1.8271
1.8537
1.87749
1.89614
1.90804
1.9133
1.91399
1.91218
1.90763
1.89883
1.88738
1.87975
1.88387
1.90357
1.93635
1.9755
2.01397
2.04641
2.06963
2.08227
2.0845
2.07846
2.0683
2.05807
2.0484
2.03679
2.02173
2.00542
1.99252
1.98702
1.98971
1.99737
2.00402
2.00295
1.9896
1.9648
1.93602
1.91236
1.89707
1.88751
1.8811
1.87772
1.87657
1.87396
1.86652
1.85431
1.83968
1.82518
1.81299
1.80524
1.80385
1.80994
1.82467
1.85072
1.88999
1.93746
1.98118
2.01039
2.02111
2.01512
1.9964
1.96916
1.93751
1.90641
1.88239
1.87148
1.87366
1.88061
1.88199
1.87271
1.8539
1.82923
1.80122
1.77128
1.74576
1.74018
1.76392
1.80384
1.83891
1.85764
1.85772
1.84152
1.81454
1.78516
1.76332
1.75702
1.76826
1.79197
1.81989
1.8457
1.86692
1.88336
1.89463
1.89891
1.89301
1.87367
1.83967
1.79347
1.74147
1.69297
1.65775
1.64246
1.64797
1.67017
1.7028
1.73951
1.77459
1.80402
1.82597
1.84026
1.84723
1.8472
1.84096
1.83045
1.81895
1.81019
1.8068
1.80835
1.81135
1.81178
1.80764
1.79956
1.78979
1.78089
1.77517
1.77467
1.78046
1.7912
1.80364
1.81526
1.82516
1.83194
1.83257
1.82476
1.81071
1.79903
1.80093
1.82074
1.85168
1.88275
1.90617
1.91866
1.9201
1.91265
1.90044
1.8884
1.88051
1.87861
1.88248
1.89032
1.89968
1.90805
1.91275
1.91066
1.89904
1.87693
1.84623
1.81134
1.77771
1.74983
1.72967
1.71606
1.70618
1.69935
1.69894
1.70841
1.72763
1.75482
1.78956
1.83169
1.87831
1.92332
1.95971
1.98192
1.98672
1.97363
1.94529
1.90761
1.86854
1.83539
1.81301
1.80415
1.80997
1.82898
1.85577
1.88231
1.90105
1.9072
1.89954
1.88032
1.85434
1.82723
1.80356
1.78573
1.7732
1.7628
1.75142
1.7392
1.72956
1.72592
1.7281
1.73343
1.74102
1.7534
1.77402
1.80386
1.8405
1.87968
1.91707
1.94884
1.97173
1.98312
1.98217
1.97191
1.959
1.94895
1.94216
1.93622
1.92941
1.92069
1.90864
1.8917
1.86951
1.84741
1.8423
1.87106
1.92527
1.98122
2.02628
2.05909
2.07965
2.0861
2.07731
2.0554
2.02544
1.99327
1.96387
1.94091
1.92665
1.92096
1.92063
1.92005
1.91315
1.89535
1.86514
1.82645
1.79048
1.77032
1.76877
1.7762
1.78118
1.77832
1.76894
1.75829
1.75227
1.75449
1.7639
1.7752
1.78286
1.78464
1.78244
1.78051
1.78271
1.7908
1.80387
1.81853
1.83008
1.83445
1.82995
1.8182
1.8048
1.79805
1.80427
1.8227
1.8455
1.86322
1.87014
1.86625
1.85698
1.85122
1.85673
1.87533
1.90273
1.93192
1.95605
1.97146
1.98023
1.98914
2.00389
2.0243
2.04495
2.05863
2.05902
2.04273
2.01148
1.97287
1.93842
1.91828
1.91657
1.93134
1.95765
1.98951
2.02034
2.04425
2.0578
2.06043
2.05315
2.03706
2.0134
1.98458
1.95473
1.92925
1.91359
1.91102
1.92057
1.93751
1.9563
1.97306
1.98604
1.99468
1.99884
1.99883
1.99543
1.98875
1.97772
1.96261
1.94791
1.93954
1.93814
1.93908
1.93799
1.93306
1.9235
1.9082
1.88614
1.85857
1.8312
1.81335
1.81297
1.83102
1.86014
1.88843
1.90431
