-4.52352
-4.55419
-4.56645
-4.56034
-4.54453
-4.52033
-4.48942
-4.45271
-4.41575
-4.38742
-4.36984
-4.3652
-4.36837
-4.36835
-4.36239
-4.35069
-4.33884
-4.33393
-4.33953
-4.35056
-4.3588
-4.36188
-4.36205
-4.35922
-4.35813
-4.3635
-4.3758
-4.38674
-4.38867
-4.38162
-4.36853
-4.35339
-4.33282
-4.30877
-4.2854
-4.27143
-4.26874
-4.27979
-4.29844
-4.32101
-4.33987
-4.35149
-4.36005
-4.36712
-4.37782
-4.39409
-4.41304
-4.4328
-4.45133
-4.46743
-4.48114
-4.48901
-4.48975
-4.48393
-4.46833
-4.4493
-4.43003
-4.41717
-4.41323
-4.41567
-4.41789
-4.41887
-4.41761
-4.40915
-4.39749
-4.38464
-4.37342
-4.3704
-4.37674
-4.38519
-4.39094
-4.39081
-4.38544
-4.37885
-4.37199
-4.36155
-4.35184
-4.34474
-4.3481
-4.3649
-4.39276
-4.41974
-4.43662
-4.44003
-4.43311
-4.42358
-4.4091
-4.38579
-4.35508
-4.3278
-4.3204
-4.34681
-4.40147
-4.46559
-4.51904
-4.54761
-4.55123
-4.53435
-4.50517
-4.47084
-4.43895
-4.41228
-4.39604
-4.39389
-4.40744
-4.42864
-4.45158
-4.47796
-4.51315
-4.55822
-4.60766
-4.65269
-4.68375
-4.69497
-4.68545
-4.65181
-4.60081
-4.54653
-4.50707
-4.48976
-4.48563
-4.48726
-4.49249
-4.49887
-4.50823
-4.51584
-4.51987
-4.51896
-4.50797
-4.48775
-4.45587
-4.40826
-4.34402
-4.27137
-4.20182
-4.1481
-4.11401
-4.10413
-4.12182
-4.16521
-4.22855
-4.29446
-4.34626
-4.37116
-4.36603
-4.33579
-4.29357
-4.25307
-4.23096
-4.24858
-4.31287
-4.41201
-4.51874
-4.61389
-4.68201
-4.71839
-4.72218
-4.6973
-4.65319
-4.60031
-4.54931
-4.50301
-4.46101
-4.42168
-4.38079
-4.34097
-4.30132
-4.26178
-4.22747
-4.20065
-4.18797
-4.19446
-4.22347
-4.2702
-4.32649
-4.38097
-4.42161
-4.44518
-4.45323
-4.44411
-4.41919
-4.37649
-4.31783
-4.2612
-4.23342
-4.24535
-4.28794
-4.33367
-4.36696
-4.38209
-4.3825
-4.37212
-4.35702
-4.34723
-4.35208
-4.38195
-4.43833
-4.5102
-4.58072
-4.63353
-4.65754
-4.64946
-4.61738
-4.57379
-4.53009
-4.49113
-4.45476
-4.4138
-4.3666
-4.31786
-4.28613
-4.2896
-4.33111
-4.3916
-4.44933
-4.49014
-4.50828
-4.50004
-4.46726
-4.41444
-4.34976
-4.27749
-4.21183
-4.16762
-4.15898
-4.19032
-4.25013
-4.32184
-4.38066
-4.41339
-4.41129
-4.37694
-4.32001
-4.25458
-4.20407
-4.17863
-4.17185
-4.17036
-4.16358
-4.14841
-4.12887
-4.115
-4.11494
-4.12464
-4.13979
-4.15626
-4.17659
-4.21279
-4.27186
-4.34731
-4.42553
-4.49353
-4.54448
-4.57594
-4.59081
-4.5896
-4.57837
-4.56405
-4.54574
-4.51899
-4.47894
-4.43153
-4.40149
-4.40424
-4.42372
-4.4345
-4.42659
-4.40988
-4.40396
-4.42091
-4.44962
-4.47944
-4.50174
-4.51021
-4.50619
-4.49219
-4.47095
-4.44969
-4.4331
-4.42299
-4.41312
-4.39914
-4.38105
-4.35917
-4.33629
-4.3146
-4.29679
-4.28272
-4.27321
-4.27
-4.27045
-4.27273
-4.27855
-4.28323
-4.29321
-4.31529
-4.34774
-4.38347
-4.41092
-4.42316
-4.41667
-4.39455
-4.36581
-4.34207
-4.33183
-4.34011
-4.36148
-4.38839
-4.41675
-4.4423
-4.46564
-4.49048
-4.51554
-4.53458
-4.53807
-4.52108
-4.49306
-4.4753
-4.48629
-4.52331
-4.57021
-4.60501
-4.62019
-4.61336
-4.58956
-4.55792
-4.52345
-4.48899
-4.45281
-4.41396
-4.37435
-4.33922
-4.31355
-4.29726
-4.28971
-4.28634
-4.28423
-4.28506
-4.29106
-4.30107
-4.3135
-4.33248
-4.36612
-4.41216
-4.45816
-4.4964
-4.52155
-4.54274
-4.56805
-4.60268
-4.64432
-4.68056
-4.69777
-4.69127
-4.66324
-4.61984
-4.56445
-4.49366
-4.41115
-4.32291
-4.24362
-4.18517
-4.1602
-4.17217
-4.20949
-4.25953
-4.31196
-4.3624
-4.40487
-4.44268
-4.47031
-4.48926
-4.49608
-4.49216
-4.47559
-4.44799
-4.41466
-4.38092
-4.35373
-4.34282
-4.35106
-4.37635
-4.40812
-4.43557
-4.45136
-4.44936
-4.43026
-4.39132
-4.34564
-4.31175
-4.30928
-4.33158
-4.35587
-4.36743
-4.36961
-4.37385
-4.38915
-4.41809
-4.45789
-4.49991
-4.53394
-4.55819
-4.56921
-4.56793
-4.55357
-4.52815
-4.50225
-4.48689
-4.48498
-4.49329
-4.50019
-4.49852
-4.48653
-4.47362
-4.47125
-4.48249
-4.49923
-4.50206
-4.48819
-4.45606
-4.40923
-4.35441
-4.29974
-4.25082
-4.21928
-4.20689
-4.21287
-4.23368
-4.26106
-4.28887
-4.31184
-4.32288
-4.32405
-4.32045
-4.32136
-4.33483
-4.36234
-4.40117
-4.44155
-4.47142
-4.4833
-4.4769
-4.46426
-4.45411
-4.45358
-4.46484
-4.47948
-4.48926
-4.48771
-4.4732
-4.44809
-4.42103
-4.39935
-4.3906
-4.39802
-4.41538
-4.43709
-4.45469
-4.47182
-4.49291
-4.5155
-4.54256
-4.56853
-4.59055
-4.60482
-4.61505
-4.62174
-4.6291
-4.63793
-4.64647
-4.65213
-4.65284
-4.64711
-4.63444
-4.61692
-4.59472
-4.56876
-4.53687
-4.49472
-4.44218
-4.38447
-4.33114
-4.29546
-4.28657
-4.30518
-4.34309
-4.38902
-4.43281
-4.47089
-4.50444
-4.52999
-4.54212
-4.53281
-4.49817
-4.44458
-4.38883
-4.34623
-4.32513
-4.3258
-4.34028
-4.35952
-4.37715
-4.38731
-4.39169
-4.38897
-4.38173
-4.37087
-4.35638
-4.34063
-4.32555
-4.31391
-4.30624
-4.29829
-4.28523
-4.26228
-4.22898
-4.1904
-4.15737
-4.13813
-4.13047
-4.13078
-4.12901
-4.12145
-4.11559
-4.12219
-4.15418
-4.2174
-4.30238
-4.39081
-4.46611
-4.51592
-4.53324
-4.5248
-4.50614
-4.49442
-4.49419
-4.49472
-4.48131
-4.44926
-4.40594
-4.36564
-4.34042
-4.33774
-4.35387
-4.38428
-4.42402
-4.46424
-4.50062
-4.53163
-4.55837
-4.58221
-4.60139
-4.61387
-4.61944
-4.6175
-4.60837
-4.59492
-4.57745
-4.5632
-4.55816
-4.55901
-4.55572
-4.54132
-4.51208
-4.47295
-4.43102
-4.39944
-4.38378
-4.38538
-4.39979
-4.41548
-4.42615
-4.42813
-4.42188
-4.41615
-4.41829
-4.43243
-4.45308
-4.46857
-4.47335
-4.46513
-4.44843
-4.42663
-4.40756
-4.39239
-4.38504
-4.38296
-4.38319
-4.3894
-4.40253
-4.41884
-4.43259
-4.44304
-4.44485
-4.435
-4.41106
-4.37076
-4.318
-4.2612
-4.21132
-4.17908
-4.1705
-4.18201
-4.2042
-4.23174
-4.25738
-4.28025
-4.30029
-4.31406
-4.3249
-4.33236
-4.34332
-4.36149
-4.38921
-4.42375
-4.45922
-4.48727
-4.49724
-4.48329
-4.44584
-4.38977
-4.32749
-4.27099
-4.23718
-4.22486
-4.22921
-4.24459
-4.26705
-4.29734
-4.32784
-4.351
-4.35829
-4.34551
-4.32524
-4.31704
-4.33358
-4.36787
-4.40473
-4.43647
-4.45949
-4.47363
-4.47991
-4.47432
-4.45421
-4.42262
-4.38146
-4.33894
-4.29803
-4.26574
-4.24146
-4.22661
-4.22121
-4.22614
-4.2411
-4.2647
-4.29556
-4.33373
-4.37456
-4.41344
-4.44911
-4.47721
-4.494
-4.50089
-4.50083
-4.4981
-4.49041
-4.47567
-4.45763
-4.4485
-4.45705
-4.48859
-4.53922
-4.59846
-4.65738
-4.70527
-4.73812
-4.75561
-4.75796
-4.74811
-4.7337
-4.7179
-4.70345
-4.68524
-4.66116
-4.63807
-4.61932
-4.61234
-4.61849
-4.63043
-4.6397
-4.63753
-4.6154
-4.57711
-4.53446
-4.49931
-4.47793
-4.46266
-4.45241
-4.44842
-4.44677
-4.44305
-4.43093
-4.41207
-4.38982
-4.36797
-4.34976
-4.33867
-4.33735
-4.34783
-4.37139
-4.41257
-4.47372
-4.54481
-4.60866
-4.64934
-4.66346
-4.65227
-4.62308
-4.58083
-4.53169
-4.48668
-4.45079
-4.43585
-4.44117
-4.4526
-4.45384
-4.43634
-4.4076
-4.37057
-4.32846
-4.28248
-4.24704
-4.24248
-4.28236
-4.34237
-4.39423
-4.42089
-4.41892
-4.39119
-4.35002
-4.30595
-4.27493
-4.26832
-4.28647
-4.3243
-4.3653
-4.404
-4.43617
-4.4592
-4.47522
-4.48036
-4.46908
-4.43743
-4.38388
-4.31378
-4.23623
-4.16666
-4.11648
-4.09705
-4.10804
-4.14244
-4.19032
-4.24474
-4.29644
-4.33878
-4.37009
-4.38995
-4.39947
-4.39873
-4.38885
-4.37284
-4.3565
-4.34421
-4.34103
-4.34342
-4.34884
-4.34872
-4.34272
-4.33002
-4.31502
-4.302
-4.29468
-4.29378
-4.30383
-4.32104
-4.34091
-4.35707
-4.3731
-4.38288
-4.38295
-4.3709
-4.34974
-4.3343
-4.33952
-4.37054
-4.41679
-4.46205
-4.49688
-4.51421
-4.51468
-4.50216
-4.48218
-4.46543
-4.45335
-4.45038
-4.45663
-4.46804
-4.48149
-4.4946
-4.49978
-4.49539
-4.47668
-4.4428
-4.39637
-4.34445
-4.29492
-4.2548
-4.22433
-4.20408
-4.1892
-4.17826
-4.1788
-4.19487
-4.2241
-4.2654
-4.31972
-4.38328
-4.45435
-4.52043
-4.57427
-4.60528
-4.60945
-4.58817
-4.54515
-4.48755
-4.42772
-4.37873
-4.34705
-4.33577
-4.34637
-4.37621
-4.41709
-4.45605
-4.48357
-4.48965
-4.47666
-4.44629
-4.40678
-4.3665
-4.33193
-4.30716
-4.28743
-4.27245
-4.2556
-4.23766
-4.22423
-4.21961
-4.22385
-4.2323
-4.24552
-4.26512
-4.297
-4.34256
-4.39851
-4.45746
-4.51369
-4.56038
-4.59239
-4.60701
-4.60402
-4.58818
-4.5658
-4.55192
-4.54309
-4.53353
-4.52371
-4.51009
-4.49184
-4.46423
-4.42991
-4.39712
-4.39391
-4.44235
-4.52547
-4.60853
-4.67469
-4.72122
-4.74994
-4.7587
-4.74437
-4.70975
-4.66348
-4.6155
-4.57214
-4.53889
-4.51903
-4.51204
-4.51222
-4.5105
-4.49788
-4.46917
-4.4235
-4.36584
-4.31393
-4.28546
-4.28563
-4.2971
-4.30296
-4.29792
-4.28295
-4.2685
-4.26055
-4.26486
-4.27877
-4.2958
-4.30782
-4.30952
-4.30534
-4.30284
-4.30682
-4.32029
-4.34041
-4.36242
-4.37814
-4.38387
-4.37582
-4.35883
-4.33929
-4.33096
-4.34178
-4.37073
-4.40462
-4.43014
-4.43935
-4.43268
-4.41789
-4.41006
-4.42004
-4.45057
-4.4917
-4.53515
-4.57091
-4.59304
-4.60615
-4.61966
-4.64342
-4.6765
-4.70661
-4.72296
-4.72147
-4.69529
-4.64679
-4.58747
-4.53827
-4.50966
-4.51027
-4.53392
-4.57329
-4.62138
-4.6662
-4.70036
-4.71873
-4.72004
-4.70773
-4.68266
-4.64618
-4.60143
-4.55737
-4.52058
-4.49861
-4.49675
-4.51242
-4.53998
-4.56943
-4.59528
-4.61397
-4.62671
-4.63229
-4.63111
-4.62661
-4.61586
-4.59922
-4.57589
-4.55324
-4.54021
-4.54005
-4.54153
-4.53924
-4.52999
-4.51519
-4.49158
-4.45717
-4.41444
-4.37322
-4.34834
-4.35039
-4.3795
-4.42421
-4.46705
-4.48765
