2.89153
2.92295
2.93631
2.93244
2.91622
2.89222
2.86193
2.82593
2.78869
2.7582
2.74059
2.73568
2.73768
2.73887
2.73392
2.72291
2.71118
2.70567
2.70964
2.71994
2.72965
2.73381
2.73279
2.73024
2.7294
2.73376
2.74497
2.75673
2.75966
2.75219
2.73926
2.72355
2.70375
2.67992
2.65658
2.64063
2.6373
2.64745
2.66703
2.68924
2.70805
2.72098
2.72975
2.7383
2.74982
2.76527
2.78372
2.80319
2.82161
2.83756
2.85027
2.8588
2.86132
2.85589
2.84236
2.82359
2.8049
2.79147
2.78572
2.78635
2.78947
2.79094
2.78808
2.7801
2.76798
2.75432
2.74346
2.73974
2.74407
2.75207
2.75729
2.75654
2.75129
2.74446
2.73696
2.7279
2.71771
2.71017
2.71168
2.72693
2.75363
2.7819
2.80032
2.80454
2.79937
2.79047
2.77646
2.75336
2.72257
2.69394
2.68405
2.70656
2.75906
2.82298
2.87708
2.90826
2.91356
2.89762
2.86879
2.83545
2.8035
2.77672
2.75927
2.75587
2.767
2.78695
2.80985
2.83597
2.87
2.91419
2.96399
3.01033
3.04438
3.05969
3.05213
3.02048
2.96969
2.91447
2.87349
2.85425
2.84966
2.85096
2.85514
2.86243
2.87212
2.88148
2.88683
2.88547
2.8761
2.85739
2.82661
2.78035
2.71798
2.64557
2.57552
2.51951
2.48367
2.4714
2.48587
2.52724
2.58892
2.65658
2.71203
2.74079
2.73831
2.71033
2.66861
2.62722
2.60319
2.61597
2.67593
2.77213
2.87943
2.97512
3.04573
3.08506
3.0921
3.07073
3.02927
2.97817
2.92658
2.87918
2.8361
2.79529
2.75514
2.71489
2.67447
2.635
2.59935
2.57175
2.55756
2.56237
2.58896
2.63436
2.68993
2.74424
2.78729
2.81381
2.82333
2.81699
2.79403
2.75217
2.6942
2.63618
2.60427
2.61374
2.65383
2.70011
2.73488
2.7526
2.75471
2.74493
2.72947
2.71805
2.72189
2.74958
2.8029
2.87395
2.94628
3.00162
3.02778
3.02245
2.99239
2.94953
2.90562
2.86675
2.83101
2.79153
2.74398
2.69408
2.6592
2.65917
2.69771
2.75698
2.81497
2.85779
2.87785
2.87203
2.84179
2.79145
2.72677
2.65539
2.58863
2.54159
2.52871
2.55581
2.6146
2.68557
2.74696
2.78255
2.78427
2.75221
2.69503
2.62985
2.57719
2.54897
2.54114
2.54004
2.53382
2.51866
2.49934
2.48548
2.4841
2.49405
2.50888
2.5246
2.54477
2.57902
2.63485
2.70882
2.78767
2.85757
2.91056
2.94438
2.95976
2.95956
2.94915
2.93446
2.91692
2.8915
2.85262
2.80603
2.77382
2.77315
2.79173
2.80372
2.79719
2.78063
2.77294
2.78561
2.81376
2.84442
2.86751
2.87849
2.87649
2.86287
2.84162
2.81907
2.80109
2.78916
2.77964
2.76735
2.74965
2.7276
2.70435
2.68283
2.66464
2.65058
2.64119
2.63661
2.63637
2.63921
2.64317
2.64807
2.65784
2.67797
2.70925
2.74508
2.77477
2.78928
2.78507
2.76479
2.73668
2.71226
2.70154
2.70792
2.7277
2.75414
2.78156
2.80703
2.83074
2.8551
2.88082
2.90195
2.90776
2.89255
2.86424
2.84355
2.85002
2.88481
2.93072
2.9678
2.98463
2.97951
2.95732
2.926
2.89244
2.85895
2.82369
2.78499
2.74494
2.70894
2.68205
2.66571
2.65729
2.65291
2.65072
2.65147
2.6563
2.66492
2.67718
2.69636
2.72798
2.77235
2.82023
2.85971
2.88668
2.90706
2.93133
2.96611
3.00819
3.04553
3.06503
3.06046
3.03452
2.99307
2.93843
2.8698
2.78832
2.70058
2.61869
2.55756
2.52925
2.53671
2.5721
2.622
2.67474
2.72402
2.76783
2.80541
2.8353
2.8552
2.86339
2.85946
2.84398
2.81821
2.78492
2.74987
2.72151
2.70842
2.71515
2.739
2.77075
2.79934
2.81631
2.81661
2.79791
2.76148
2.71624
2.68118
2.67503
2.69544
2.72057
2.73423
2.73752
2.74126
2.75522
2.78313
2.82192
2.86342
2.89912
2.92412
2.93672
2.93631
2.92287
2.89932
2.87365
2.85639
2.85326
2.8607
2.86872
2.8683
2.85778
2.84504
2.84162
2.8515
2.86637
2.87278
2.86163
2.83114
2.78509
2.73
2.67378
2.62501
2.5916
2.57796
2.58305
2.60216
2.62951
2.65847
2.68188
2.69468
2.69685
2.69378
2.69403
2.70573
2.73295
2.77227
2.81318
2.84343
2.85569
2.85106
2.83779
2.82649
2.8248
2.83386
2.84775
2.85736
2.85575
2.84122
2.81706
2.78973
2.76728
2.75716
2.76266
2.77988
2.80072
2.81952
2.83649
2.85538
2.87874
2.90549
2.93187
2.95401
2.96996
2.98046
2.98817
2.99576
3.00422
3.01271
3.01916
3.02106
3.01622
3.00407
2.98623
2.96493
2.94019
2.909
2.86782
2.8159
2.75775
2.7031
2.66455
2.65267
2.66976
2.70737
2.75281
2.79712
2.83704
2.87179
2.89909
2.91314
2.906
2.87322
2.82055
2.76367
2.71838
2.69404
2.69226
2.70632
2.72608
2.74386
2.75578
2.76056
2.75874
2.75164
2.74054
2.7263
2.71018
2.6947
2.68277
2.67484
2.66731
2.65433
2.63142
2.59834
2.56024
2.5264
2.50535
2.49838
2.49862
2.49759
2.49165
2.48463
2.48826
2.51717
2.57722
2.66002
2.74897
2.82643
2.87863
2.89964
2.89345
2.87415
2.86011
2.85919
2.86087
2.84932
2.81907
2.77714
2.73671
2.71021
2.70458
2.71963
2.74996
2.78825
2.82785
2.86451
2.89659
2.92433
2.94825
2.9678
2.98129
2.98731
2.98605
2.97844
2.96479
2.947
2.93162
2.9249
2.92478
2.92213
2.9085
2.88088
2.84244
2.80141
2.76848
2.75201
2.75342
2.76668
2.78259
2.79344
2.79554
2.79034
2.78449
2.78656
2.80003
2.81952
2.83566
2.84138
2.83451
2.81737
2.79552
2.77539
2.76108
2.7529
2.74921
2.74971
2.75601
2.76874
2.78523
2.80082
2.81149
2.81412
2.80556
2.78272
2.7441
2.69219
2.63473
2.58355
2.54989
2.53905
2.54846
2.57058
2.59767
2.62442
2.64826
2.668
2.68313
2.69402
2.70272
2.71323
2.73012
2.75603
2.78971
2.8257
2.85511
2.86796
2.85715
2.82154
2.76645
2.70289
2.6458
2.60868
2.59528
2.59953
2.61424
2.63645
2.6649
2.69544
2.71975
2.72865
2.71845
2.69791
2.68706
2.70076
2.73448
2.77294
2.80552
2.8294
2.84497
2.85189
2.848
2.83054
2.79927
2.75828
2.71445
2.67401
2.64061
2.61575
2.59984
2.59319
2.5961
2.60872
2.63106
2.66235
2.70006
2.74065
2.78055
2.81624
2.84421
2.86206
2.86995
2.87098
2.86827
2.86144
2.84824
2.83107
2.81963
2.8258
2.85536
2.90452
2.96325
3.02096
3.06962
3.10445
3.1234
3.12675
3.11769
3.10245
3.08711
3.07259
3.05518
3.03259
3.00812
2.98878
2.98053
2.98456
2.99605
3.00603
3.00443
2.9844
2.94719
2.90403
2.86855
2.8456
2.83126
2.82165
2.81658
2.81485
2.81094
2.79978
2.78146
2.75952
2.73777
2.71949
2.70787
2.70578
2.71491
2.73701
2.77608
2.83498
2.90618
2.97177
3.01558
3.03167
3.02268
2.9946
2.95374
2.90626
2.85961
2.82359
2.80722
2.81049
2.82091
2.82298
2.80907
2.78086
2.74384
2.70183
2.65691
2.61863
2.61027
2.64587
2.70576
2.75837
2.78647
2.78658
2.76228
2.7218
2.67774
2.64498
2.63554
2.65238
2.68795
2.72984
2.76855
2.80039
2.82504
2.84194
2.84837
2.83951
2.8105
2.75951
2.6902
2.6122
2.53946
2.48663
2.46368
2.47195
2.50525
2.5542
2.60926
2.66189
2.70604
2.73896
2.7604
2.77084
2.7708
2.76144
2.74567
2.72842
2.71529
2.71019
2.71253
2.71703
2.71767
2.71146
2.69934
2.68469
2.67134
2.66276
2.662
2.67069
2.68681
2.70546
2.7229
2.73775
2.74792
2.74886
2.73714
2.71606
2.69855
2.70139
2.73111
2.77752
2.82413
2.85925
2.87799
2.88016
2.86898
2.85065
2.8326
2.82076
2.81792
2.82372
2.83549
2.84952
2.86208
2.86912
2.86599
2.84855
2.8154
2.76935
2.717
2.66656
2.62475
2.5945
2.5741
2.55927
2.54903
2.5484
2.56261
2.59145
2.63224
2.68434
2.74754
2.81747
2.88498
2.93957
2.97288
2.98008
2.96044
2.91794
2.86142
2.80282
2.75308
2.71952
2.70622
2.71495
2.74347
2.78365
2.82347
2.85158
2.86079
2.84931
2.82049
2.78152
2.74084
2.70534
2.67859
2.6598
2.6442
2.62713
2.60879
2.59434
2.58888
2.59216
2.60014
2.61153
2.6301
2.66103
2.70579
2.76075
2.81952
2.8756
2.92325
2.95759
2.97467
2.97326
2.95786
2.9385
2.92342
2.91323
2.90433
2.89412
2.88103
2.86296
2.83754
2.80426
2.77112
2.76345
2.80659
2.8879
2.97183
3.03942
3.08864
3.11947
3.12914
3.11596
3.08309
3.03815
2.98991
2.94581
2.91136
2.88998
2.88144
2.88094
2.88007
2.86973
2.84303
2.79772
2.73967
2.68572
2.65548
2.65315
2.66431
2.67177
2.66748
2.65341
2.63744
2.62841
2.63174
2.64585
2.6628
2.67429
2.67697
2.67366
2.67076
2.67407
2.68621
2.70581
2.7278
2.74511
2.75168
2.74492
2.7273
2.7072
2.69707
2.70641
2.73405
2.76825
2.79483
2.8052
2.79938
2.78547
2.77683
2.78509
2.81299
2.8541
2.89788
2.93407
2.95719
2.97035
2.98371
3.00583
3.03646
3.06742
3.08794
3.08853
3.0641
3.01722
2.9593
2.90763
2.87742
2.87486
2.89701
2.93647
2.98426
3.03052
3.06638
3.08671
3.09065
3.07973
3.05559
3.0201
2.97688
2.9321
2.89388
2.87038
2.86653
2.88085
2.90627
2.93445
2.95959
2.97906
2.99202
2.99826
2.99824
2.99315
2.98312
2.96659
2.94391
2.92187
2.90931
2.90722
2.90862
2.90699
2.89959
2.88526
2.86231
2.82921
2.78786
2.74681
2.72003
2.71946
2.74653
2.79021
2.83264
2.85646
