-1.63199
-1.63124
-1.63014
-1.62789
-1.62831
-1.62812
-1.62749
-1.62677
-1.62706
-1.62921
-1.62925
-1.62951
-1.63069
-1.62948
-1.62847
-1.62779
-1.62766
-1.62826
-1.62989
-1.63061
-1.62915
-1.62807
-1.62925
-1.62898
-1.62873
-1.62974
-1.63083
-1.63
-1.62902
-1.62943
-1.62927
-1.62985
-1.62907
-1.62885
-1.62881
-1.6308
-1.63144
-1.63234
-1.63142
-1.63176
-1.63182
-1.63051
-1.6303
-1.62882
-1.628
-1.62882
-1.62932
-1.62961
-1.62971
-1.62987
-1.63087
-1.63021
-1.62844
-1.62804
-1.62597
-1.62572
-1.62513
-1.6257
-1.62751
-1.62932
-1.62842
-1.62793
-1.62954
-1.62905
-1.62951
-1.63032
-1.62996
-1.63066
-1.63267
-1.63312
-1.63364
-1.63427
-1.63415
-1.63439
-1.63504
-1.63365
-1.63413
-1.63458
-1.63642
-1.63797
-1.63912
-1.63785
-1.63631
-1.63549
-1.63374
-1.63311
-1.63264
-1.63243
-1.63251
-1.63387
-1.63636
-1.64025
-1.64241
-1.64262
-1.64195
-1.63935
-1.63767
-1.63673
-1.63638
-1.63539
-1.63545
-1.63556
-1.63677
-1.63802
-1.64044
-1.64169
-1.64173
-1.64199
-1.64315
-1.64403
-1.64367
-1.64236
-1.63938
-1.63528
-1.63332
-1.63134
-1.63112
-1.63206
-1.63358
-1.63551
-1.63597
-1.6363
-1.63734
-1.63644
-1.63611
-1.63436
-1.63303
-1.63348
-1.63187
-1.63036
-1.62927
-1.6279
-1.62604
-1.6258
-1.6263
-1.62858
-1.63033
-1.63273
-1.63595
-1.63796
-1.63963
-1.63788
-1.63423
-1.63037
-1.62772
-1.62545
-1.62496
-1.62586
-1.62776
-1.6326
-1.63694
-1.63988
-1.63931
-1.63877
-1.63629
-1.63332
-1.63007
-1.62656
-1.62391
-1.62214
-1.62273
-1.62383
-1.62491
-1.62639
-1.62565
-1.62608
-1.62685
-1.62677
-1.62812
-1.6289
-1.63041
-1.63209
-1.63451
-1.63585
-1.63656
-1.63673
-1.63432
-1.63137
-1.6299
-1.62711
-1.62516
-1.62432
-1.62363
-1.62502
-1.62916
-1.6316
-1.63411
-1.63355
-1.63208
-1.62949
-1.6278
-1.62719
-1.62755
-1.62918
-1.63019
-1.63237
-1.63543
-1.63625
-1.63443
-1.63192
-1.62976
-1.62701
-1.62499
-1.62426
-1.62446
-1.62438
-1.62375
-1.62227
-1.62263
-1.62378
-1.62693
-1.63042
-1.6334
-1.63463
-1.63436
-1.63235
-1.63043
-1.628
-1.62547
-1.62299
-1.62299
-1.62211
-1.6232
-1.62603
-1.63027
-1.63452
-1.63553
-1.63627
-1.6337
-1.63085
-1.62702
-1.62473
-1.62499
-1.62473
-1.62688
-1.62966
-1.6307
-1.63032
-1.62976
-1.62975
-1.62953
-1.62952
-1.63084
-1.63059
-1.63091
-1.63166
-1.63182
-1.63377
-1.63701
-1.6385
-1.63786
-1.63596
-1.63393
-1.63156
-1.63104
-1.63004
-1.62922
-1.62959
-1.62882
-1.62749
-1.62632
-1.6255
-1.62767
-1.63109
-1.63199
-1.63078
-1.6294
-1.62925
-1.63102
-1.6353
-1.63586
-1.63501
-1.63423
-1.63172
-1.62971
-1.62932
-1.62933
-1.63062
-1.63201
-1.63384
-1.63348
-1.63178
-1.6314
-1.63157
-1.63194
-1.63176
-1.63215
-1.63214
-1.63202
-1.63339
-1.63408
-1.63352
-1.63538
-1.63516
-1.63537
-1.63733
-1.6385
-1.63839
-1.63615
-1.63388
-1.6316
-1.62976
-1.62913
-1.62981
-1.63029
-1.63219
-1.63378
-1.63425
-1.63519
-1.63526
-1.6349
-1.63538
-1.63472
-1.63263
-1.63031
-1.62853
-1.62882
-1.63175
-1.63627
-1.6385
-1.63949
-1.63721
-1.63555
-1.63385
-1.63225
-1.63192
-1.631
-1.63004
-1.62912
-1.62897
-1.62941
-1.63028
-1.6315
-1.63155
-1.63242
-1.63343
-1.63351
-1.63359
-1.63476
-1.63615
-1.63632
-1.63612
-1.63814
-1.6398
-1.63793
-1.63669
-1.63487
-1.63568
-1.63671
-1.63656
-1.63612
-1.63503
-1.63274
-1.63082
-1.62872
-1.62677
-1.62602
-1.62386
-1.62283
-1.62233
-1.62493
-1.62762
-1.63095
-1.63546
-1.63739
-1.63753
-1.63722
-1.63838
-1.63704
-1.63726
-1.63501
-1.63405
-1.63269
-1.6327
-1.6316
-1.62978
-1.62974
-1.63105
-1.63222
-1.6344
-1.63591
-1.63735
-1.63737
-1.63623
-1.63504
-1.63275
-1.63235
-1.62984
-1.6294
-1.63057
-1.63425
-1.63614
-1.6353
-1.6332
-1.63209
-1.6326
-1.63393
-1.63496
-1.63596
-1.63649
-1.63481
-1.63407
-1.63249
-1.63162
-1.6307
-1.62883
-1.6286
-1.6305
-1.63172
-1.63259
-1.63147
-1.63022
-1.62875
-1.62858
-1.62964
-1.63099
-1.63286
-1.62929
-1.62656
-1.62492
-1.62414
-1.62441
-1.62596
-1.62581
-1.62767
-1.62893
-1.62982
-1.63152
-1.63155
-1.63041
-1.62996
-1.6282
-1.6272
-1.62667
-1.62733
-1.6291
-1.6294
-1.62891
-1.62837
-1.62798
-1.62761
-1.62584
-1.62647
-1.62762
-1.62877
-1.63098
-1.63173
-1.63191
-1.63196
-1.63198
-1.63103
-1.63129
-1.63207
-1.63344
-1.63536
-1.6355
-1.63637
-1.63517
-1.63533
-1.63753
-1.63677
-1.63707
-1.63666
-1.63654
-1.63486
-1.63459
-1.63357
-1.63334
-1.63371
-1.63377
-1.63298
-1.63178
-1.63089
-1.63037
-1.63069
-1.6298
-1.62857
-1.62786
-1.6269
-1.62628
-1.62672
-1.62804
-1.63092
-1.6339
-1.63542
-1.63571
-1.6362
-1.63569
-1.63384
-1.63265
-1.63089
-1.62899
-1.62681
-1.62496
-1.62403
-1.62516
-1.62785
-1.63109
-1.63354
-1.63397
-1.63344
-1.63328
-1.63154
-1.63113
-1.63023
-1.63008
-1.63034
-1.63008
-1.63045
-1.63085
-1.63114
-1.6314
-1.63098
-1.6309
-1.63086
-1.63064
-1.63015
-1.63097
-1.63278
-1.63209
-1.63216
-1.63142
-1.6298
-1.63096
-1.63392
-1.63701
-1.64017
-1.64236
-1.64184
-1.63969
-1.63729
-1.63361
-1.63135
-1.63198
-1.63431
-1.63499
-1.63385
-1.632
-1.63019
-1.6288
-1.62893
-1.63021
-1.63316
-1.63423
-1.63432
-1.63577
-1.63638
-1.63611
-1.63504
-1.63404
-1.63396
-1.63359
-1.63258
-1.63212
-1.63145
-1.62994
-1.63012
-1.63045
-1.63158
-1.63325
-1.63422
-1.63359
-1.63283
-1.6312
-1.6305
-1.62961
-1.63096
-1.63177
-1.63196
-1.6331
-1.63289
-1.63271
-1.63258
-1.63153
-1.63166
-1.63173
-1.6324
-1.63355
-1.63291
-1.63197
-1.63062
-1.63106
-1.63111
-1.63217
-1.63132
-1.63214
-1.63375
-1.63348
-1.63339
-1.63379
-1.63361
-1.63177
-1.63156
-1.63074
-1.62944
-1.62834
-1.62666
-1.62581
-1.62647
-1.62777
-1.62919
-1.63145
-1.63355
-1.63362
-1.63408
-1.63296
-1.63199
-1.6323
-1.63093
-1.63088
-1.62965
-1.63008
-1.63137
-1.63318
-1.63403
-1.63352
-1.63216
-1.62928
-1.62613
-1.6243
-1.62332
-1.62461
-1.62519
-1.6285
-1.62958
-1.62969
-1.63035
-1.6306
-1.63244
-1.63239
-1.63124
-1.62965
-1.62706
-1.62733
-1.62998
-1.63281
-1.6334
-1.63179
-1.63095
-1.63009
-1.62867
-1.62801
-1.62632
-1.62367
-1.62335
-1.62319
-1.62449
-1.62401
-1.62513
-1.62571
-1.62677
-1.62802
-1.63004
-1.63238
-1.63364
-1.63321
-1.63366
-1.63391
-1.63289
-1.63288
-1.633
-1.63195
-1.63093
-1.62985
-1.62983
-1.62897
-1.62743
-1.62656
-1.62887
-1.63126
-1.63323
-1.6347
-1.6352
-1.63642
-1.63565
-1.63367
-1.6322
-1.63121
-1.63043
-1.63125
-1.63079
-1.63085
-1.63006
-1.62857
-1.62995
-1.63054
-1.63181
-1.63393
-1.63438
-1.63367
-1.6331
-1.631
-1.62991
-1.63043
-1.63076
-1.63233
-1.6314
-1.63077
-1.63183
-1.63192
-1.63211
-1.63115
-1.6306
-1.6303
-1.63021
-1.63027
-1.63081
-1.63157
-1.63291
-1.63439
-1.63649
-1.63874
-1.63863
-1.6369
-1.63376
-1.63179
-1.62959
-1.62849
-1.62708
-1.62543
-1.62707
-1.62719
-1.62862
-1.63067
-1.63169
-1.63086
-1.62727
-1.62674
-1.62673
-1.62663
-1.62556
-1.6284
-1.6322
-1.63649
-1.63661
-1.63586
-1.63442
-1.63234
-1.62891
-1.62821
-1.62821
-1.62995
-1.63278
-1.63409
-1.63634
-1.63546
-1.63546
-1.63579
-1.63416
-1.63328
-1.63199
-1.62957
-1.62693
-1.62438
-1.62358
-1.62403
-1.6272
-1.62985
-1.63337
-1.63609
-1.6372
-1.63612
-1.63548
-1.63455
-1.63274
-1.63113
-1.62955
-1.62863
-1.62792
-1.62742
-1.62717
-1.62809
-1.62892
-1.63084
-1.63089
-1.63181
-1.63104
-1.63126
-1.63068
-1.63034
-1.63067
-1.63192
-1.63178
-1.63314
-1.63424
-1.63545
-1.63417
-1.63535
-1.63497
-1.63409
-1.63376
-1.63368
-1.63575
-1.63813
-1.63943
-1.63927
-1.63793
-1.63762
-1.63622
-1.63453
-1.63319
-1.63152
-1.63282
-1.63259
-1.63246
-1.63291
-1.63255
-1.63197
-1.63252
-1.63067
-1.6294
-1.62813
-1.6274
-1.62702
-1.62744
-1.62835
-1.63006
-1.62984
-1.62998
-1.62993
-1.62923
-1.63039
-1.63226
-1.63265
-1.63317
-1.63538
-1.63574
-1.63688
-1.63544
-1.6347
-1.6324
-1.62937
-1.62773
-1.62721
-1.62613
-1.62491
-1.62565
-1.62753
-1.62955
-1.63142
-1.63275
-1.63344
-1.63258
-1.632
-1.62886
-1.62735
-1.62581
-1.62526
-1.62566
-1.62659
-1.62856
-1.62763
-1.62825
-1.62846
-1.62887
-1.6299
-1.63073
-1.6317
-1.63216
-1.63399
-1.63502
-1.63597
-1.63678
-1.63777
-1.63793
-1.63809
-1.63712
-1.6348
-1.63233
-1.63076
-1.63032
-1.6273
-1.62849
-1.62985
-1.6292
-1.62959
-1.62905
-1.62887
-1.62669
-1.62565
-1.626
-1.63046
-1.63575
-1.63757
-1.6367
-1.63528
-1.63258
-1.63046
-1.62955
-1.6284
-1.62665
-1.62533
-1.62559
-1.62633
-1.62753
-1.62904
-1.6306
-1.63128
-1.63043
-1.62815
-1.62614
-1.62579
-1.62617
-1.62821
-1.62998
-1.63248
-1.63279
-1.63119
-1.63044
-1.62953
-1.63106
-1.63214
-1.63312
-1.63292
-1.63301
-1.63353
-1.63256
-1.63168
-1.63208
-1.63275
-1.63408
-1.63461
-1.63462
-1.63302
-1.63219
-1.6309
-1.63153
-1.63209
-1.63388
-1.63537
-1.63668
-1.63637
-1.63531
-1.63415
-1.6333
-1.63242
-1.63323
-1.63495
-1.63758
-1.6376
-1.63727
-1.63684
-1.63585
-1.6358
-1.63595
-1.63758
-1.64004
-1.63919
-1.63501
-1.63294
-1.63119
-1.62958
-1.62817
-1.63064
-1.63224
-1.63541
-1.63691
-1.63682
-1.63712
-1.63568
-1.63398
-1.63202
-1.62939
-1.628
-1.62707
-1.62609
-1.62455
-1.62527
-1.6267
-1.62822
-1.63022
-1.63156
-1.63371
-1.63497
-1.63569
-1.63491
-1.6347
-1.63403
-1.63287
-1.63346
-1.63274
-1.63263
-1.63198
-1.63137
-1.63089
-1.63283
-1.63291
-1.63225
-1.6304
-1.62994
-1.62927
-1.62796
-1.62657
-1.62642
-1.62831
-1.63093
-1.63297
-1.634
-1.63441
-1.63119
