-4.9875 0 0
-4.9625 0 0
-4.9375 0 0
-4.9125 0 0
-4.8875 0 0
-4.8625 0 0
-4.8375 0 0
-4.8125 0 0
-4.7875 0 0
-4.7625 0 0
-4.7375 0 0
-4.7125 0 0
-4.6875 0 0
-4.6625 0 0
-4.6375 0 0
-4.6125 0 0
-4.5875 0 0
-4.5625 0 0
-4.5375 0 0
-4.5125 0 0
-4.4875 0 0
-4.4625 0 0
-4.4375 0 0
-4.4125 0 0
-4.3875 0 0
-4.3625 0 0
-4.3375 0 0
-4.3125 0 0
-4.2875 0 0
-4.2625 0 0
-4.2375 0 0
-4.2125 0 0
-4.1875 0 0
-4.1625 0 0
-4.1375 0 0
-4.1125 0 0
-4.0875 0 0
-4.0625 0 0
-4.0375 0 0
-4.0125 0 0
-3.9875 0 0
-3.9625 0 0
-3.9375 0 0
-3.9125 0 0
-3.8875 0 0
-3.8625 0 0
-3.8375 0 0
-3.8125 0 0
-3.7875 0 0
-3.7625 0 0
-3.7375 0 0
-3.7125 0 0
-3.6875 0 0
-3.6625 0 0
-3.6375 0 0
-3.6125 0 0
-3.5875 0 0
-3.5625 0 0
-3.5375 0 0
-3.5125 0 0
-3.4875 0 0
-3.4625 0 0
-3.4375 0 0
-3.4125 0 0
-3.3875 0 0
-3.3625 0 0
-3.3375 0 0
-3.3125 0 0
-3.2875 0 0
-3.2625 0 0
-3.2375 0 0
-3.2125 0 0
-3.1875 0 0
-3.1625 0 0
-3.1375 0 0
-3.1125 0 0
-3.0875 0 0
-3.0625 0 0
-3.0375 0 0
-3.0125 0 0
-2.9875 0 0
-2.9625 0 0
-2.9375 0 0
-2.9125 0 0
-2.8875 0 0
-2.8625 0 0
-2.8375 0 0
-2.8125 0 0
-2.7875 0 0
-2.7625 0 0
-2.7375 0 0
-2.7125 0 0
-2.6875 0 0
-2.6625 0 0
-2.6375 0 0
-2.6125 0 0
-2.5875 0 0
-2.5625 0 0
-2.5375 0 0
-2.5125 0 0
-2.4875 0 0
-2.4625 0 0
-2.4375 1.63934e-05 1.09971e-05
-2.4125 0 0
-2.3875 8.19672e-06 7.98918e-06
-2.3625 4.09836e-05 2.28187e-05
-2.3375 0.000106557 3.5303e-05
-2.3125 0.000172131 4.84578e-05
-2.2875 0.000352459 0.000107045
-2.2625 0.000319672 9.73134e-05
-2.2375 0.000532787 0.000112313
-2.2125 0.000803279 0.000157624
-2.1875 0.00118033 0.000149621
-2.1625 0.00138525 0.000208485
-2.1375 0.00187705 0.000244937
-2.1125 0.00243443 0.000346456
-2.0875 0.00313115 0.00042289
-2.0625 0.00357377 0.000464198
-2.0375 0.00436066 0.000538294
-2.0125 0.00552459 0.00046988
-1.9875 0.00668852 0.000536444
-1.9625 0.00809836 0.000567341
-1.9375 0.0106475 0.000805073
-1.9125 0.0122705 0.000825412
-1.8875 0.0144754 0.000855221
-1.8625 0.0172213 0.000892764
-1.8375 0.020623 0.00114623
-1.8125 0.0236148 0.00130132
-1.7875 0.0293197 0.0014622
-1.7625 0.0347295 0.00116464
-1.7375 0.0390984 0.00155295
-1.7125 0.0454918 0.0020337
-1.6875 0.051418 0.00203903
-1.6625 0.0572787 0.00186786
-1.6375 0.0651066 0.00216971
-1.6125 0.077123 0.00266683
-1.5875 0.0853525 0.00233494
-1.5625 0.0962623 0.00258634
-1.5375 0.107254 0.00265935
-1.5125 0.117811 0.00258607
-1.4875 0.129361 0.00249616
-1.4625 0.14127 0.00316652
-1.4375 0.151295 0.003619
-1.4125 0.168361 0.0041655
-1.3875 0.181336 0.00429995
-1.3625 0.194877 0.00392637
-1.3375 0.208361 0.00357785
-1.3125 0.223787 0.00414229
-1.2875 0.236107 0.00473089
-1.2625 0.250402 0.00424716
-1.2375 0.262393 0.00478879
-1.2125 0.27823 0.00464893
-1.1875 0.288721 0.00500494
-1.1625 0.301311 0.00524769
-1.1375 0.313525 0.00522116
-1.1125 0.324828 0.00500832
-1.0875 0.335205 0.00510196
-1.0625 0.343033 0.00538883
-1.0375 0.346639 0.00598544
-1.0125 0.354828 0.00523267
-0.9875 0.363328 0.00566991
-0.9625 0.373205 0.00662853
-0.9375 0.378574 0.00635441
-0.9125 0.382893 0.00594158
-0.8875 0.386795 0.00667461
-0.8625 0.38977 0.00547609
-0.8375 0.38691 0.00502444
-0.8125 0.39073 0.00496837
-0.7875 0.385631 0.00442346
-0.7625 0.385418 0.00467644
-0.7375 0.38541 0.0042761
-0.7125 0.38832 0.00418076
-0.6875 0.382311 0.00433595
-0.6625 0.381426 0.00526642
-0.6375 0.383049 0.00539287
-0.6125 0.379623 0.00559953
-0.5875 0.382213 0.00509465
-0.5625 0.373041 0.00449634
-0.5375 0.372139 0.00439613
-0.5125 0.369131 0.00419169
-0.4875 0.362762 0.00423956
-0.4625 0.354869 0.00433234
-0.4375 0.350172 0.00494992
-0.4125 0.345525 0.00392566
-0.3875 0.341869 0.0039608
-0.3625 0.338311 0.00469623
-0.3375 0.337262 0.00379019
-0.3125 0.330549 0.00347669
-0.2875 0.327 0.00319571
-0.2625 0.327787 0.00394312
-0.2375 0.322295 0.00260921
-0.2125 0.321189 0.00241596
-0.1875 0.317779 0.00266159
-0.1625 0.316148 0.00292862
-0.1375 0.311 0.00269638
-0.1125 0.310115 0.00334595
-0.0875 0.310648 0.00301678
-0.0625 0.308057 0.00293498
-0.0375 0.310811 0.00318515
-0.0125 0.312385 0.00324657
0.0125 0.311115 0.00346636
0.0375 0.306738 0.00287531
0.0625 0.308197 0.00284104
0.0875 0.305959 0.00332266
0.1125 0.3085 0.00351314
0.1375 0.309918 0.00404421
0.1625 0.311664 0.00383451
0.1875 0.31177 0.0030637
0.2125 0.315197 0.00396356
0.2375 0.319525 0.00403991
0.2625 0.322541 0.00366256
0.2875 0.326369 0.00370953
0.3125 0.329238 0.00349637
0.3375 0.329516 0.00318642
0.3625 0.334975 0.00379317
0.3875 0.335508 0.00271569
0.4125 0.343189 0.00310459
0.4375 0.349459 0.00377713
0.4625 0.351803 0.00311216
0.4875 0.356451 0.00326527
0.5125 0.361213 0.00376536
0.5375 0.36573 0.00381829
0.5625 0.368672 0.00447198
0.5875 0.374902 0.00479509
0.6125 0.380238 0.00433602
0.6375 0.385115 0.00378617
0.6625 0.3885 0.00515293
0.6875 0.38827 0.0041642
0.7125 0.390254 0.00366906
0.7375 0.387287 0.00428019
0.7625 0.389844 0.0051158
0.7875 0.389959 0.0057185
0.8125 0.388336 0.0056952
0.8375 0.386828 0.00524964
0.8625 0.383328 0.00555783
0.8875 0.379164 0.00587393
0.9125 0.376557 0.00584875
0.9375 0.373148 0.00714063
0.9625 0.366639 0.00710932
0.9875 0.362451 0.00676086
1.0125 0.356795 0.00642726
1.0375 0.350066 0.00720287
1.0625 0.340877 0.00655169
1.0875 0.334066 0.00732431
1.1125 0.321148 0.00719286
1.1375 0.310295 0.00686393
1.1625 0.298377 0.00647443
1.1875 0.285369 0.00612907
1.2125 0.269877 0.00559988
1.2375 0.257377 0.00595573
1.2625 0.242984 0.00619175
1.2875 0.233328 0.00619387
1.3125 0.213393 0.00528725
1.3375 0.198385 0.00478741
1.3625 0.182148 0.00458507
1.3875 0.170623 0.00409174
1.4125 0.156287 0.00387869
1.4375 0.145262 0.00343005
1.4625 0.134582 0.00309668
1.4875 0.121877 0.00292359
1.5125 0.108074 0.00279896
1.5375 0.0980574 0.00250461
1.5625 0.0872213 0.00206803
1.5875 0.0769508 0.00207791
1.6125 0.067418 0.00190855
1.6375 0.061 0.00207773
1.6625 0.0527705 0.00147354
1.6875 0.0450246 0.001336
1.7125 0.0395738 0.00137761
1.7375 0.0344918 0.00134738
1.7625 0.0297623 0.000945397
1.7875 0.0257213 0.00104828
1.8125 0.0217623 0.000995075
1.8375 0.0189098 0.000919954
1.8625 0.0149344 0.000964633
1.8875 0.0131721 0.000789125
1.9125 0.0100246 0.000561733
1.9375 0.00837705 0.00052368
1.9625 0.00695902 0.00037499
1.9875 0.00557377 0.00040704
2.0125 0.00480328 0.000403908
2.0375 0.00352459 0.000297011
2.0625 0.0029918 0.000360632
2.0875 0.00246721 0.000368119
2.1125 0.00197541 0.000352645
2.1375 0.00145082 0.000268691
2.1625 0.000852459 0.00016336
2.1875 0.000655738 0.000171545
2.2125 0.000491803 0.00013568
2.2375 0.00042623 0.000190263
2.2625 0.000508197 0.000208944
2.2875 0.000336066 0.000155727
2.3125 0.000155738 8.78809e-05
2.3375 0.000122951 6.94306e-05
2.3625 9.01639e-05 5.11557e-05
2.3875 8.19672e-05 6.50595e-05
2.4125 2.45902e-05 2.39675e-05
2.4375 4.09836e-05 2.80969e-05
2.4625 0 0
2.4875 1.63934e-05 1.59784e-05
2.5125 0 0
2.5375 0 0
2.5625 0 0
2.5875 0 0
2.6125 0 0
2.6375 0 0
2.6625 0 0
2.6875 0 0
2.7125 0 0
2.7375 0 0
2.7625 0 0
2.7875 0 0
2.8125 0 0
2.8375 0 0
2.8625 0 0
2.8875 0 0
2.9125 0 0
2.9375 0 0
2.9625 0 0
2.9875 0 0
3.0125 0 0
3.0375 0 0
3.0625 0 0
3.0875 0 0
3.1125 0 0
3.1375 0 0
3.1625 0 0
3.1875 0 0
3.2125 0 0
3.2375 0 0
3.2625 0 0
3.2875 0 0
3.3125 0 0
3.3375 0 0
3.3625 0 0
3.3875 0 0
3.4125 0 0
3.4375 0 0
3.4625 0 0
3.4875 0 0
3.5125 0 0
3.5375 0 0
3.5625 0 0
3.5875 0 0
3.6125 0 0
3.6375 0 0
3.6625 0 0
3.6875 0 0
3.7125 0 0
3.7375 0 0
3.7625 0 0
3.7875 0 0
3.8125 0 0
3.8375 0 0
3.8625 0 0
3.8875 0 0
3.9125 0 0
3.9375 0 0
3.9625 0 0
3.9875 0 0
4.0125 0 0
4.0375 0 0
4.0625 0 0
4.0875 0 0
4.1125 0 0
4.1375 0 0
4.1625 0 0
4.1875 0 0
4.2125 0 0
4.2375 0 0
4.2625 0 0
4.2875 0 0
4.3125 0 0
4.3375 0 0
4.3625 0 0
4.3875 0 0
4.4125 0 0
4.4375 0 0
4.4625 0 0
4.4875 0 0
4.5125 0 0
4.5375 0 0
4.5625 0 0
4.5875 0 0
4.6125 0 0
4.6375 0 0
4.6625 0 0
4.6875 0 0
4.7125 0 0
4.7375 0 0
4.7625 0 0
4.7875 0 0
4.8125 0 0
4.8375 0 0
4.8625 0 0
4.8875 0 0
4.9125 0 0
4.9375 0 0
4.9625 0 0
4.9875 0 0
