-4.9875 0 0
-4.9625 0 0
-4.9375 0 0
-4.9125 0 0
-4.8875 0 0
-4.8625 0 0
-4.8375 0 0
-4.8125 0 0
-4.7875 0 0
-4.7625 0 0
-4.7375 0 0
-4.7125 0 0
-4.6875 0 0
-4.6625 0 0
-4.6375 0 0
-4.6125 0 0
-4.5875 0 0
-4.5625 0 0
-4.5375 0 0
-4.5125 0 0
-4.4875 0 0
-4.4625 0 0
-4.4375 0 0
-4.4125 0 0
-4.3875 0 0
-4.3625 0 0
-4.3375 0 0
-4.3125 0 0
-4.2875 0 0
-4.2625 0 0
-4.2375 0 0
-4.2125 0 0
-4.1875 0 0
-4.1625 0 0
-4.1375 0 0
-4.1125 0 0
-4.0875 0 0
-4.0625 0 0
-4.0375 0 0
-4.0125 0 0
-3.9875 0 0
-3.9625 0 0
-3.9375 0 0
-3.9125 0 0
-3.8875 0 0
-3.8625 0 0
-3.8375 0 0
-3.8125 0 0
-3.7875 0 0
-3.7625 0 0
-3.7375 0 0
-3.7125 0 0
-3.6875 0 0
-3.6625 0 0
-3.6375 0 0
-3.6125 0 0
-3.5875 0 0
-3.5625 0 0
-3.5375 0 0
-3.5125 0 0
-3.4875 0 0
-3.4625 0 0
-3.4375 0 0
-3.4125 0 0
-3.3875 0 0
-3.3625 0 0
-3.3375 0 0
-3.3125 0 0
-3.2875 0 0
-3.2625 0 0
-3.2375 0 0
-3.2125 0 0
-3.1875 0 0
-3.1625 0 0
-3.1375 0 0
-3.1125 0 0
-3.0875 0 0
-3.0625 0 0
-3.0375 0 0
-3.0125 0 0
-2.9875 0 0
-2.9625 0 0
-2.9375 0 0
-2.9125 0 0
-2.8875 0 0
-2.8625 0 0
-2.8375 0 0
-2.8125 0 0
-2.7875 0 0
-2.7625 0 0
-2.7375 0 0
-2.7125 0 0
-2.6875 0 0
-2.6625 0 0
-2.6375 0 0
-2.6125 0 0
-2.5875 0 0
-2.5625 1.63934e-05 1.59784e-05
-2.5375 0 0
-2.5125 8.19672e-06 7.98918e-06
-2.4875 0 0
-2.4625 8.19672e-06 7.98918e-06
-2.4375 1.63934e-05 1.09971e-05
-2.4125 2.45902e-05 1.30891e-05
-2.3875 2.45902e-05 1.30891e-05
-2.3625 7.37705e-05 2.45218e-05
-2.3375 0.000114754 4.50447e-05
-2.3125 0.000122951 3.8227e-05
-2.2875 0.000188525 6.88476e-05
-2.2625 0.000204918 4.61862e-05
-2.2375 0.00042623 7.18325e-05
-2.2125 0.000508197 0.000119852
-2.1875 0.000827869 0.000105909
-2.1625 0.00112295 0.000116656
-2.1375 0.00166393 0.000146295
-2.1125 0.00186885 0.000166537
-2.0875 0.00242623 0.000150516
-2.0625 0.00332787 0.000202477
-2.0375 0.00415574 0.000260051
-2.0125 0.00519672 0.000236174
-1.9875 0.00654918 0.000258288
-1.9625 0.00816393 0.00034903
-1.9375 0.00987705 0.000368374
-1.9125 0.0117623 0.000343652
-1.8875 0.015377 0.000461731
-1.8625 0.0178115 0.000642099
-1.8375 0.0205574 0.000683962
-1.8125 0.0245738 0.000684699
-1.7875 0.0284098 0.000691844
-1.7625 0.0332869 0.00100405
-1.7375 0.0390328 0.000981206
-1.7125 0.0442787 0.001226
-1.6875 0.0518689 0.0011026
-1.6625 0.0596639 0.00132734
-1.6375 0.0672541 0.00137665
-1.6125 0.0753852 0.0014806
-1.5875 0.0846967 0.00183054
-1.5625 0.0937459 0.00203455
-1.5375 0.105902 0.00172088
-1.5125 0.116246 0.00197706
-1.4875 0.128402 0.00222993
-1.4625 0.14173 0.00218883
-1.4375 0.156074 0.0026323
-1.4125 0.167525 0.00264067
-1.3875 0.178918 0.00266817
-1.3625 0.194402 0.00246203
-1.3375 0.207639 0.00285447
-1.3125 0.226139 0.0027329
-1.2875 0.234426 0.00324292
-1.2625 0.249992 0.00303955
-1.2375 0.266484 0.00361795
-1.2125 0.283721 0.00392369
-1.1875 0.292631 0.00396985
-1.1625 0.305459 0.00397588
-1.1375 0.31618 0.00369746
-1.1125 0.329115 0.00395064
-1.0875 0.337541 0.00326034
-1.0625 0.348369 0.0037992
-1.0375 0.360746 0.00406143
-1.0125 0.363566 0.00395479
-0.9875 0.368959 0.00390082
-0.9625 0.377115 0.00409418
-0.9375 0.385098 0.0042234
-0.9125 0.386098 0.00331526
-0.8875 0.393041 0.00409302
-0.8625 0.397369 0.00414972
-0.8375 0.392713 0.00466455
-0.8125 0.397566 0.00433064
-0.7875 0.397811 0.00388513
-0.7625 0.394828 0.0040462
-0.7375 0.394352 0.00291721
-0.7125 0.389033 0.00341271
-0.6875 0.388254 0.00346052
-0.6625 0.385713 0.00275049
-0.6375 0.381926 0.00352165
-0.6125 0.374557 0.0028756
-0.5875 0.37173 0.00241233
-0.5625 0.3685 0.00253631
-0.5375 0.364025 0.00271316
-0.5125 0.359918 0.00302936
-0.4875 0.35668 0.00248778
-0.4625 0.351959 0.00221534
-0.4375 0.345107 0.00279282
-0.4125 0.342467 0.00343624
-0.3875 0.335598 0.00256465
-0.3625 0.335926 0.00330959
-0.3375 0.327107 0.00249862
-0.3125 0.327016 0.00328003
-0.2875 0.320934 0.00257325
-0.2625 0.316557 0.00301927
-0.2375 0.315393 0.00244669
-0.2125 0.310484 0.00162069
-0.1875 0.306385 0.00223722
-0.1625 0.304934 0.00195725
-0.1375 0.303205 0.00211924
-0.1125 0.303467 0.00232854
-0.0875 0.298992 0.00228673
-0.0625 0.29877 0.00236474
-0.0375 0.298123 0.00237621
-0.0125 0.297557 0.00243325
0.0125 0.300918 0.00261069
0.0375 0.300689 0.00245709
0.0625 0.300508 0.00229277
0.0875 0.299959 0.00281509
0.1125 0.300705 0.00253129
0.1375 0.305418 0.00231929
0.1625 0.307574 0.00217485
0.1875 0.308615 0.00227938
0.2125 0.310803 0.00231997
0.2375 0.317311 0.0023157
0.2625 0.321295 0.00234701
0.2875 0.324762 0.00214214
0.3125 0.326418 0.00277239
0.3375 0.329508 0.00271887
0.3625 0.337033 0.00253693
0.3875 0.33873 0.00295902
0.4125 0.343705 0.00270664
0.4375 0.341672 0.00254163
0.4625 0.348459 0.00230126
0.4875 0.354885 0.00282702
0.5125 0.357959 0.00334817
0.5375 0.364164 0.0028478
0.5625 0.364713 0.00318005
0.5875 0.370008 0.00294776
0.6125 0.373115 0.00266811
0.6375 0.372975 0.00266874
0.6625 0.381205 0.00235065
0.6875 0.382475 0.00253062
0.7125 0.383623 0.00325638
0.7375 0.38518 0.0035111
0.7625 0.388984 0.00361767
0.7875 0.385664 0.00370745
0.8125 0.387779 0.00336528
0.8375 0.385115 0.00380318
0.8625 0.383156 0.00361009
0.8875 0.380984 0.00443499
0.9125 0.377049 0.00341857
0.9375 0.377213 0.00448065
0.9625 0.369361 0.00421203
0.9875 0.366074 0.00434705
1.0125 0.358484 0.00402707
1.0375 0.350033 0.00441525
1.0625 0.341344 0.00432642
1.0875 0.332115 0.0039676
1.1125 0.323639 0.00354981
1.1375 0.316984 0.00364273
1.1625 0.30177 0.00368954
1.1875 0.29127 0.00334822
1.2125 0.275148 0.00307261
1.2375 0.263 0.00319075
1.2625 0.250057 0.00366288
1.2875 0.237484 0.00230558
1.3125 0.222541 0.00247976
1.3375 0.209148 0.00242962
1.3625 0.193459 0.00212865
1.3875 0.180197 0.00220413
1.4125 0.166541 0.00190206
1.4375 0.154549 0.00191974
1.4625 0.138787 0.00134003
1.4875 0.127295 0.00121425
1.5125 0.114803 0.00144286
1.5375 0.101918 0.00130285
1.5625 0.0918197 0.000899991
1.5875 0.0812213 0.00132257
1.6125 0.0740574 0.00111463
1.6375 0.0668361 0.00107061
1.6625 0.0576639 0.00088698
1.6875 0.0505574 0.000973196
1.7125 0.0438689 0.0008712
1.7375 0.0391803 0.000814574
1.7625 0.0323689 0.0007468
1.7875 0.028918 0.000776174
1.8125 0.023541 0.00071677
1.8375 0.0203279 0.000614809
1.8625 0.017041 0.000505077
1.8875 0.014541 0.000448519
1.9125 0.0115164 0.000525981
1.9375 0.0100082 0.000486512
1.9625 0.00797541 0.000317092
1.9875 0.00631967 0.000260618
2.0125 0.00571311 0.000366069
2.0375 0.00434426 0.000303721
2.0625 0.0032459 0.00026168
2.0875 0.00263115 0.000148664
2.1125 0.00232787 0.00019174
2.1375 0.00147541 0.000127511
2.1625 0.00135246 0.000124781
2.1875 0.001 7.85347e-05
2.2125 0.00057377 7.81917e-05
2.2375 0.000639344 8.89637e-05
2.2625 0.000377049 6.46451e-05
2.2875 0.000278689 7.06061e-05
2.3125 0.000188525 4.5305e-05
2.3375 0.000139344 3.33456e-05
2.3625 0.000139344 3.89236e-05
2.3875 0.000131148 3.59162e-05
2.4125 9.83607e-05 2.93255e-05
2.4375 6.55738e-05 2.43154e-05
2.4625 4.09836e-05 1.9655e-05
2.4875 1.63934e-05 1.09971e-05
2.5125 8.19672e-06 7.98918e-06
2.5375 0 0
2.5625 8.19672e-06 7.98918e-06
2.5875 8.19672e-06 7.98918e-06
2.6125 8.19672e-06 7.98918e-06
2.6375 0 0
2.6625 0 0
2.6875 0 0
2.7125 0 0
2.7375 0 0
2.7625 0 0
2.7875 0 0
2.8125 0 0
2.8375 0 0
2.8625 0 0
2.8875 0 0
2.9125 0 0
2.9375 0 0
2.9625 0 0
2.9875 0 0
3.0125 0 0
3.0375 0 0
3.0625 0 0
3.0875 0 0
3.1125 0 0
3.1375 0 0
3.1625 0 0
3.1875 0 0
3.2125 0 0
3.2375 0 0
3.2625 0 0
3.2875 0 0
3.3125 0 0
3.3375 0 0
3.3625 0 0
3.3875 0 0
3.4125 0 0
3.4375 0 0
3.4625 0 0
3.4875 0 0
3.5125 0 0
3.5375 0 0
3.5625 0 0
3.5875 0 0
3.6125 0 0
3.6375 0 0
3.6625 0 0
3.6875 0 0
3.7125 0 0
3.7375 0 0
3.7625 0 0
3.7875 0 0
3.8125 0 0
3.8375 0 0
3.8625 0 0
3.8875 0 0
3.9125 0 0
3.9375 0 0
3.9625 0 0
3.9875 0 0
4.0125 0 0
4.0375 0 0
4.0625 0 0
4.0875 0 0
4.1125 0 0
4.1375 0 0
4.1625 0 0
4.1875 0 0
4.2125 0 0
4.2375 0 0
4.2625 0 0
4.2875 0 0
4.3125 0 0
4.3375 0 0
4.3625 0 0
4.3875 0 0
4.4125 0 0
4.4375 0 0
4.4625 0 0
4.4875 0 0
4.5125 0 0
4.5375 0 0
4.5625 0 0
4.5875 0 0
4.6125 0 0
4.6375 0 0
4.6625 0 0
4.6875 0 0
4.7125 0 0
4.7375 0 0
4.7625 0 0
4.7875 0 0
4.8125 0 0
4.8375 0 0
4.8625 0 0
4.8875 0 0
4.9125 0 0
4.9375 0 0
4.9625 0 0
4.9875 0 0
