-4.9875 0 0
-4.9625 0 0
-4.9375 0 0
-4.9125 0 0
-4.8875 0 0
-4.8625 0 0
-4.8375 0 0
-4.8125 0 0
-4.7875 0 0
-4.7625 0 0
-4.7375 0 0
-4.7125 0 0
-4.6875 0 0
-4.6625 0 0
-4.6375 0 0
-4.6125 0 0
-4.5875 0 0
-4.5625 0 0
-4.5375 0 0
-4.5125 0 0
-4.4875 0 0
-4.4625 0 0
-4.4375 0 0
-4.4125 0 0
-4.3875 0 0
-4.3625 0 0
-4.3375 0 0
-4.3125 0 0
-4.2875 0 0
-4.2625 0 0
-4.2375 0 0
-4.2125 0 0
-4.1875 0 0
-4.1625 0 0
-4.1375 0 0
-4.1125 0 0
-4.0875 0 0
-4.0625 0 0
-4.0375 0 0
-4.0125 0 0
-3.9875 0 0
-3.9625 0 0
-3.9375 0 0
-3.9125 0 0
-3.8875 0 0
-3.8625 0 0
-3.8375 0 0
-3.8125 0 0
-3.7875 0 0
-3.7625 0 0
-3.7375 0 0
-3.7125 0 0
-3.6875 0 0
-3.6625 0 0
-3.6375 0 0
-3.6125 0 0
-3.5875 0 0
-3.5625 0 0
-3.5375 0 0
-3.5125 0 0
-3.4875 0 0
-3.4625 0 0
-3.4375 0 0
-3.4125 0 0
-3.3875 0 0
-3.3625 0 0
-3.3375 0 0
-3.3125 0 0
-3.2875 0 0
-3.2625 0 0
-3.2375 0 0
-3.2125 0 0
-3.1875 0 0
-3.1625 0 0
-3.1375 0 0
-3.1125 0 0
-3.0875 0 0
-3.0625 0 0
-3.0375 0 0
-3.0125 0 0
-2.9875 0 0
-2.9625 0 0
-2.9375 0 0
-2.9125 0 0
-2.8875 0 0
-2.8625 0 0
-2.8375 0 0
-2.8125 0 0
-2.7875 0 0
-2.7625 0 0
-2.7375 0 0
-2.7125 0 0
-2.6875 0 0
-2.6625 0 0
-2.6375 0 0
-2.6125 0 0
-2.5875 0 0
-2.5625 0 0
-2.5375 0 0
-2.5125 0 0
-2.4875 0 0
-2.4625 8.19672e-06 7.98918e-06
-2.4375 1.63934e-05 1.09971e-05
-2.4125 3.27869e-05 1.86914e-05
-2.3875 3.27869e-05 1.86914e-05
-2.3625 0.000106557 3.5303e-05
-2.3375 0.000139344 4.37969e-05
-2.3125 0.000163934 6.02334e-05
-2.2875 0.000262295 7.54811e-05
-2.2625 0.000418033 7.81703e-05
-2.2375 0.000508197 0.00011929
-2.2125 0.000770492 0.000155565
-2.1875 0.000934426 0.000111848
-2.1625 0.0012541 0.000169288
-2.1375 0.002 0.000186049
-2.1125 0.00231148 0.000232388
-2.0875 0.00289344 0.000291018
-2.0625 0.00370492 0.000283801
-2.0375 0.00515574 0.000471219
-2.0125 0.00568852 0.000503962
-1.9875 0.00683607 0.000469451
-1.9625 0.00904918 0.000560215
-1.9375 0.010041 0.000608203
-1.9125 0.0124098 0.00064344
-1.8875 0.0147541 0.000637555
-1.8625 0.0175328 0.00084593
-1.8375 0.0206557 0.00098824
-1.8125 0.0250164 0.0011936
-1.7875 0.0294016 0.00121717
-1.7625 0.0350246 0.00149739
-1.7375 0.0386639 0.0014035
-1.7125 0.0455656 0.00164338
-1.6875 0.0531475 0.00178461
-1.6625 0.0603279 0.00169828
-1.6375 0.0677787 0.00195139
-1.6125 0.0786967 0.002737
-1.5875 0.086959 0.00291745
-1.5625 0.0955738 0.00307017
-1.5375 0.106074 0.00302066
-1.5125 0.117664 0.00363639
-1.4875 0.129197 0.00415503
-1.4625 0.140533 0.00362803
-1.4375 0.154328 0.00312047
-1.4125 0.167295 0.00333836
-1.3875 0.178877 0.00377835
-1.3625 0.193779 0.00379993
-1.3375 0.207123 0.00354891
-1.3125 0.222934 0.0040284
-1.2875 0.235844 0.00395575
-1.2625 0.249615 0.00454584
-1.2375 0.26582 0.0051801
-1.2125 0.278689 0.00553204
-1.1875 0.292844 0.0058392
-1.1625 0.304098 0.00558872
-1.1375 0.316574 0.00632776
-1.1125 0.330156 0.00588938
-1.0875 0.335787 0.00576757
-1.0625 0.34582 0.00596039
-1.0375 0.356172 0.00516327
-1.0125 0.365295 0.00498673
-0.9875 0.368926 0.00466238
-0.9625 0.374574 0.00561318
-0.9375 0.380943 0.00545532
-0.9125 0.383943 0.00534141
-0.8875 0.38782 0.0056939
-0.8625 0.390877 0.00559072
-0.8375 0.390705 0.00572211
-0.8125 0.391656 0.00552989
-0.7875 0.389303 0.00518973
-0.7625 0.386295 0.0045873
-0.7375 0.393705 0.00571283
-0.7125 0.387787 0.00579595
-0.6875 0.385287 0.00522834
-0.6625 0.381148 0.0051508
-0.6375 0.384582 0.00500392
-0.6125 0.37823 0.00486714
-0.5875 0.377926 0.00447537
-0.5625 0.369943 0.00365181
-0.5375 0.366762 0.00348304
-0.5125 0.362049 0.00323216
-0.4875 0.35623 0.00335203
-0.4625 0.355467 0.00303859
-0.4375 0.355713 0.00317623
-0.4125 0.351344 0.00331019
-0.3875 0.346139 0.00297807
-0.3625 0.344574 0.00309996
-0.3375 0.339943 0.00296575
-0.3125 0.336615 0.00281613
-0.2875 0.330861 0.00216232
-0.2625 0.321779 0.00303062
-0.2375 0.319148 0.00316618
-0.2125 0.318943 0.00283622
-0.1875 0.314131 0.00330135
-0.1625 0.309148 0.00293639
-0.1375 0.307607 0.00295103
-0.1125 0.307836 0.00391995
-0.0875 0.303811 0.00341139
-0.0625 0.307393 0.00369458
-0.0375 0.300615 0.00351244
-0.0125 0.303189 0.00338907
0.0125 0.306189 0.00353696
0.0375 0.306664 0.00266597
0.0625 0.30441 0.00387834
0.0875 0.307525 0.0030895
0.1125 0.309369 0.0030339
0.1375 0.308582 0.00314793
0.1625 0.311705 0.00379384
0.1875 0.314705 0.00315873
0.2125 0.317254 0.0032801
0.2375 0.319 0.00295309
0.2625 0.322049 0.00282297
0.2875 0.326869 0.00345709
0.3125 0.326762 0.00291388
0.3375 0.332746 0.00381853
0.3625 0.33732 0.00424328
0.3875 0.33923 0.00338055
0.4125 0.343 0.00376493
0.4375 0.344025 0.00366091
0.4625 0.347713 0.00332473
0.4875 0.354148 0.00388348
0.5125 0.356082 0.00418866
0.5375 0.360779 0.00445969
0.5625 0.362057 0.00398806
0.5875 0.366689 0.00487039
0.6125 0.370713 0.00459255
0.6375 0.373197 0.0052115
0.6625 0.379762 0.00481711
0.6875 0.385172 0.00524287
0.7125 0.384984 0.00501194
0.7375 0.383033 0.00536746
0.7625 0.38068 0.00514382
0.7875 0.38427 0.0056963
0.8125 0.380279 0.00565343
0.8375 0.381836 0.00661887
0.8625 0.377893 0.00597156
0.8875 0.375738 0.00569296
0.9125 0.37077 0.00617577
0.9375 0.371934 0.00590487
0.9625 0.363131 0.00532547
0.9875 0.359451 0.00517328
1.0125 0.355975 0.00622691
1.0375 0.347516 0.00614708
1.0625 0.339098 0.00637839
1.0875 0.330254 0.00624442
1.1125 0.321098 0.0059159
1.1375 0.308352 0.00600341
1.1625 0.297746 0.00588681
1.1875 0.288902 0.00463153
1.2125 0.272262 0.00477612
1.2375 0.260975 0.00395108
1.2625 0.244541 0.00458233
1.2875 0.233385 0.00458429
1.3125 0.218902 0.00363238
1.3375 0.204787 0.00402683
1.3625 0.189738 0.00378476
1.3875 0.176762 0.00346472
1.4125 0.164303 0.00301915
1.4375 0.151893 0.00316857
1.4625 0.137844 0.00314518
1.4875 0.125549 0.00258734
1.5125 0.114107 0.00265365
1.5375 0.101943 0.00239953
1.5625 0.0927459 0.00251026
1.5875 0.0839426 0.00219982
1.6125 0.0721393 0.00198579
1.6375 0.0636066 0.00172622
1.6625 0.0542951 0.00136935
1.6875 0.0467951 0.00137463
1.7125 0.0408689 0.00129488
1.7375 0.0353607 0.00125445
1.7625 0.0318689 0.00129552
1.7875 0.0269672 0.00107352
1.8125 0.0228115 0.00100511
1.8375 0.018918 0.00106931
1.8625 0.0158197 0.000947528
1.8875 0.0134508 0.000918799
1.9125 0.0114098 0.000938186
1.9375 0.00915574 0.000849481
1.9625 0.00781967 0.000786638
1.9875 0.0057623 0.000550985
2.0125 0.00495082 0.000508805
2.0375 0.00347541 0.000370325
2.0625 0.00286066 0.000387849
2.0875 0.0022541 0.00028249
2.1125 0.00192623 0.000265319
2.1375 0.00142623 0.000223005
2.1625 0.00107377 0.000232554
2.1875 0.000885246 0.00016694
2.2125 0.000713115 0.000155641
2.2375 0.000540984 0.000155565
2.2625 0.000327869 8.03111e-05
2.2875 0.000278689 8.20491e-05
2.3125 0.000254098 7.98707e-05
2.3375 0.000163934 6.34915e-05
2.3625 0.000122951 6.00938e-05
2.3875 1.63934e-05 1.09971e-05
2.4125 8.19672e-06 7.98918e-06
2.4375 4.09836e-05 3.25297e-05
2.4625 0 0
2.4875 0 0
2.5125 0 0
2.5375 0 0
2.5625 0 0
2.5875 0 0
2.6125 0 0
2.6375 0 0
2.6625 0 0
2.6875 0 0
2.7125 0 0
2.7375 0 0
2.7625 0 0
2.7875 0 0
2.8125 0 0
2.8375 0 0
2.8625 0 0
2.8875 0 0
2.9125 0 0
2.9375 0 0
2.9625 0 0
2.9875 0 0
3.0125 0 0
3.0375 0 0
3.0625 0 0
3.0875 0 0
3.1125 0 0
3.1375 0 0
3.1625 0 0
3.1875 0 0
3.2125 0 0
3.2375 0 0
3.2625 0 0
3.2875 0 0
3.3125 0 0
3.3375 0 0
3.3625 0 0
3.3875 0 0
3.4125 0 0
3.4375 0 0
3.4625 0 0
3.4875 0 0
3.5125 0 0
3.5375 0 0
3.5625 0 0
3.5875 0 0
3.6125 0 0
3.6375 0 0
3.6625 0 0
3.6875 0 0
3.7125 0 0
3.7375 0 0
3.7625 0 0
3.7875 0 0
3.8125 0 0
3.8375 0 0
3.8625 0 0
3.8875 0 0
3.9125 0 0
3.9375 0 0
3.9625 0 0
3.9875 0 0
4.0125 0 0
4.0375 0 0
4.0625 0 0
4.0875 0 0
4.1125 0 0
4.1375 0 0
4.1625 0 0
4.1875 0 0
4.2125 0 0
4.2375 0 0
4.2625 0 0
4.2875 0 0
4.3125 0 0
4.3375 0 0
4.3625 0 0
4.3875 0 0
4.4125 0 0
4.4375 0 0
4.4625 0 0
4.4875 0 0
4.5125 0 0
4.5375 0 0
4.5625 0 0
4.5875 0 0
4.6125 0 0
4.6375 0 0
4.6625 0 0
4.6875 0 0
4.7125 0 0
4.7375 0 0
4.7625 0 0
4.7875 0 0
4.8125 0 0
4.8375 0 0
4.8625 0 0
4.8875 0 0
4.9125 0 0
4.9375 0 0
4.9625 0 0
4.9875 0 0
