-4.9875 0 0
-4.9625 0 0
-4.9375 0 0
-4.9125 0 0
-4.8875 0 0
-4.8625 0 0
-4.8375 0 0
-4.8125 0 0
-4.7875 0 0
-4.7625 0 0
-4.7375 0 0
-4.7125 0 0
-4.6875 0 0
-4.6625 0 0
-4.6375 0 0
-4.6125 0 0
-4.5875 0 0
-4.5625 0 0
-4.5375 0 0
-4.5125 0 0
-4.4875 0 0
-4.4625 0 0
-4.4375 0 0
-4.4125 0 0
-4.3875 0 0
-4.3625 0 0
-4.3375 0 0
-4.3125 0 0
-4.2875 0 0
-4.2625 0 0
-4.2375 0 0
-4.2125 0 0
-4.1875 0 0
-4.1625 0 0
-4.1375 0 0
-4.1125 0 0
-4.0875 0 0
-4.0625 0 0
-4.0375 0 0
-4.0125 0 0
-3.9875 0 0
-3.9625 0 0
-3.9375 0 0
-3.9125 0 0
-3.8875 0 0
-3.8625 0 0
-3.8375 0 0
-3.8125 0 0
-3.7875 0 0
-3.7625 0 0
-3.7375 0 0
-3.7125 0 0
-3.6875 0 0
-3.6625 0 0
-3.6375 0 0
-3.6125 0 0
-3.5875 0 0
-3.5625 0 0
-3.5375 0 0
-3.5125 0 0
-3.4875 0 0
-3.4625 0 0
-3.4375 0 0
-3.4125 0 0
-3.3875 0 0
-3.3625 0 0
-3.3375 0 0
-3.3125 0 0
-3.2875 0 0
-3.2625 0 0
-3.2375 0 0
-3.2125 0 0
-3.1875 0 0
-3.1625 0 0
-3.1375 0 0
-3.1125 0 0
-3.0875 0 0
-3.0625 0 0
-3.0375 0 0
-3.0125 0 0
-2.9875 0 0
-2.9625 0 0
-2.9375 0 0
-2.9125 0 0
-2.8875 0 0
-2.8625 0 0
-2.8375 0 0
-2.8125 0 0
-2.7875 0 0
-2.7625 0 0
-2.7375 0 0
-2.7125 0 0
-2.6875 0 0
-2.6625 0 0
-2.6375 0 0
-2.6125 0 0
-2.5875 0 0
-2.5625 0 0
-2.5375 0 0
-2.5125 8.19672e-05 7.98918e-05
-2.4875 8.19672e-05 7.98918e-05
-2.4625 6.55738e-05 6.39134e-05
-2.4375 0.000155738 0.000151794
-2.4125 6.55738e-05 6.39134e-05
-2.3875 9.01639e-05 5.11557e-05
-2.3625 0.00045082 0.000266583
-2.3375 0.000754098 0.000341991
-2.3125 0.000868852 0.000382551
-2.2875 0.000729508 0.000262673
-2.2625 0.00101639 0.000427583
-2.2375 0.00163934 0.000681561
-2.2125 0.00213115 0.000609541
-2.1875 0.00230328 0.000579998
-2.1625 0.0024918 0.000474505
-2.1375 0.00342623 0.000706622
-2.1125 0.00331967 0.000804689
-2.0875 0.00363115 0.000816163
-2.0625 0.00336066 0.00063845
-2.0375 0.00563115 0.000856255
-2.0125 0.00681148 0.00104021
-1.9875 0.00782787 0.00122018
-1.9625 0.00984426 0.0014758
-1.9375 0.0118197 0.00173162
-1.9125 0.0146803 0.00193458
-1.8875 0.0166066 0.00183501
-1.8625 0.0200984 0.00224801
-1.8375 0.0241557 0.00261834
-1.8125 0.0271557 0.00317145
-1.7875 0.0282541 0.00250093
-1.7625 0.0324262 0.00263618
-1.7375 0.0382787 0.00360295
-1.7125 0.043959 0.00335183
-1.6875 0.048082 0.00267768
-1.6625 0.0528443 0.00279575
-1.6375 0.0610082 0.00231665
-1.6125 0.0657213 0.00264334
-1.5875 0.0799344 0.00292834
-1.5625 0.089541 0.00327156
-1.5375 0.0954508 0.00405261
-1.5125 0.106254 0.00477303
-1.4875 0.118926 0.00528504
-1.4625 0.124836 0.00400965
-1.4375 0.137172 0.00502989
-1.4125 0.146443 0.00541759
-1.3875 0.158016 0.00698414
-1.3625 0.172582 0.00549519
-1.3375 0.182746 0.00519126
-1.3125 0.200705 0.00652824
-1.2875 0.210393 0.00598152
-1.2625 0.2275 0.0066288
-1.2375 0.241779 0.0074696
-1.2125 0.250016 0.00776459
-1.1875 0.261902 0.00858007
-1.1625 0.28 0.00702101
-1.1375 0.299328 0.00678325
-1.1125 0.316344 0.00630632
-1.0875 0.326303 0.00493336
-1.0625 0.338402 0.00737401
-1.0375 0.346115 0.00723657
-1.0125 0.352631 0.00725253
-0.9875 0.355697 0.00676683
-0.9625 0.36241 0.00868898
-0.9375 0.367746 0.0086275
-0.9125 0.380762 0.00954481
-0.8875 0.385361 0.00983682
-0.8625 0.390516 0.00917301
-0.8375 0.39373 0.00783381
-0.8125 0.403328 0.00813872
-0.7875 0.407303 0.00942985
-0.7625 0.411377 0.0077361
-0.7375 0.406607 0.00886088
-0.7125 0.409893 0.00891087
-0.6875 0.420139 0.00891325
-0.6625 0.41177 0.00778456
-0.6375 0.409967 0.0091083
-0.6125 0.400377 0.00942117
-0.5875 0.406344 0.00853798
-0.5625 0.404787 0.00725396
-0.5375 0.39673 0.00788794
-0.5125 0.388123 0.00683825
-0.4875 0.37323 0.00704378
-0.4625 0.367402 0.005432
-0.4375 0.363123 0.00740777
-0.4125 0.35532 0.00656309
-0.3875 0.35441 0.00750127
-0.3625 0.35477 0.00701464
-0.3375 0.351402 0.00613437
-0.3125 0.339361 0.0065073
-0.2875 0.334049 0.00521956
-0.2625 0.331828 0.00569647
-0.2375 0.322541 0.00593132
-0.2125 0.315328 0.00596266
-0.1875 0.311115 0.00438611
-0.1625 0.308484 0.00544932
-0.1375 0.307082 0.00635572
-0.1125 0.304475 0.00567542
-0.0875 0.301156 0.0055093
-0.0625 0.298221 0.00494546
-0.0375 0.296795 0.00611142
-0.0125 0.298689 0.0055917
0.0125 0.285377 0.00465761
0.0375 0.288672 0.00562075
0.0625 0.293664 0.00539414
0.0875 0.291369 0.00621557
0.1125 0.303492 0.00568233
0.1375 0.300107 0.00583301
0.1625 0.306189 0.00436938
0.1875 0.309328 0.00511226
0.2125 0.309369 0.00573879
0.2375 0.315934 0.00658299
0.2625 0.317402 0.00796002
0.2875 0.325139 0.00862298
0.3125 0.334631 0.00662539
0.3375 0.339123 0.0063575
0.3625 0.341787 0.0055009
0.3875 0.352434 0.00608848
0.4125 0.35809 0.0041953
0.4375 0.369918 0.00586889
0.4625 0.366926 0.00709465
0.4875 0.377451 0.00535659
0.5125 0.385623 0.00622974
0.5375 0.379697 0.00705709
0.5625 0.383828 0.00722248
0.5875 0.38377 0.00780635
0.6125 0.386344 0.00794948
0.6375 0.392795 0.00814698
0.6625 0.395221 0.00889863
0.6875 0.400893 0.00924565
0.7125 0.41382 0.0106396
0.7375 0.415459 0.0094977
0.7625 0.420115 0.0114058
0.7875 0.420861 0.00998431
0.8125 0.413582 0.00892071
0.8375 0.4095 0.0104506
0.8625 0.40627 0.0107594
0.8875 0.39927 0.00960131
0.9125 0.386762 0.00780973
0.9375 0.381787 0.00737319
0.9625 0.370189 0.00642296
0.9875 0.358311 0.00644139
1.0125 0.357057 0.00621554
1.0375 0.338057 0.00562881
1.0625 0.324459 0.00567127
1.0875 0.307738 0.0064394
1.1125 0.302434 0.00745755
1.1375 0.29168 0.00574082
1.1625 0.275869 0.00545602
1.1875 0.262148 0.00595728
1.2125 0.255107 0.00587768
1.2375 0.240959 0.00536841
1.2625 0.225525 0.00508632
1.2875 0.216033 0.00648797
1.3125 0.202566 0.00592707
1.3375 0.180484 0.00560114
1.3625 0.163115 0.00609306
1.3875 0.14882 0.00543215
1.4125 0.136213 0.00432136
1.4375 0.128451 0.00410754
1.4625 0.120967 0.00492382
1.4875 0.116139 0.0055051
1.5125 0.106656 0.0050159
1.5375 0.0981803 0.00485219
1.5625 0.0889918 0.00452811
1.5875 0.0794262 0.00417384
1.6125 0.0714426 0.00423414
1.6375 0.0622541 0.00350946
1.6625 0.0559754 0.00370257
1.6875 0.0494918 0.00326015
1.7125 0.042418 0.0029668
1.7375 0.0359918 0.00227076
1.7625 0.0333197 0.0020601
1.7875 0.0281066 0.00161961
1.8125 0.0270082 0.001698
1.8375 0.0232213 0.00196934
1.8625 0.0180902 0.00163673
1.8875 0.0152869 0.00128868
1.9125 0.0141639 0.00116839
1.9375 0.0101557 0.0014091
1.9625 0.00738525 0.00116581
1.9875 0.00683607 0.00143974
2.0125 0.00592623 0.00120507
2.0375 0.00568033 0.00115578
2.0625 0.00465574 0.00104078
2.0875 0.0037377 0.000737942
2.1125 0.00265574 0.000584858
2.1375 0.00232787 0.000488459
2.1625 0.00190164 0.000605382
2.1875 0.00127049 0.000422251
2.2125 0.000803279 0.000325793
2.2375 0.00095082 0.000385786
2.2625 0.000959016 0.000450339
2.2875 0.00104098 0.000408896
2.3125 0.000786885 0.000325731
2.3375 0.000836066 0.000409656
2.3625 0.000336066 0.000148211
2.3875 9.83607e-05 5.84214e-05
2.4125 7.37705e-05 7.19026e-05
2.4375 0.000122951 0.000119838
2.4625 3.27869e-05 3.19567e-05
2.4875 6.55738e-05 6.39134e-05
2.5125 7.37705e-05 7.19026e-05
2.5375 8.19672e-06 7.98918e-06
2.5625 0 0
2.5875 0 0
2.6125 0 0
2.6375 0 0
2.6625 0 0
2.6875 0 0
2.7125 0 0
2.7375 0 0
2.7625 0 0
2.7875 0 0
2.8125 0 0
2.8375 0 0
2.8625 0 0
2.8875 0 0
2.9125 0 0
2.9375 0 0
2.9625 0 0
2.9875 0 0
3.0125 0 0
3.0375 0 0
3.0625 0 0
3.0875 0 0
3.1125 0 0
3.1375 0 0
3.1625 0 0
3.1875 0 0
3.2125 0 0
3.2375 0 0
3.2625 0 0
3.2875 0 0
3.3125 0 0
3.3375 0 0
3.3625 0 0
3.3875 0 0
3.4125 0 0
3.4375 0 0
3.4625 0 0
3.4875 0 0
3.5125 0 0
3.5375 0 0
3.5625 0 0
3.5875 0 0
3.6125 0 0
3.6375 0 0
3.6625 0 0
3.6875 0 0
3.7125 0 0
3.7375 0 0
3.7625 0 0
3.7875 0 0
3.8125 0 0
3.8375 0 0
3.8625 0 0
3.8875 0 0
3.9125 0 0
3.9375 0 0
3.9625 0 0
3.9875 0 0
4.0125 0 0
4.0375 0 0
4.0625 0 0
4.0875 0 0
4.1125 0 0
4.1375 0 0
4.1625 0 0
4.1875 0 0
4.2125 0 0
4.2375 0 0
4.2625 0 0
4.2875 0 0
4.3125 0 0
4.3375 0 0
4.3625 0 0
4.3875 0 0
4.4125 0 0
4.4375 0 0
4.4625 0 0
4.4875 0 0
4.5125 0 0
4.5375 0 0
4.5625 0 0
4.5875 0 0
4.6125 0 0
4.6375 0 0
4.6625 0 0
4.6875 0 0
4.7125 0 0
4.7375 0 0
4.7625 0 0
4.7875 0 0
4.8125 0 0
4.8375 0 0
4.8625 0 0
4.8875 0 0
4.9125 0 0
4.9375 0 0
4.9625 0 0
4.9875 0 0
