-4.9875 0 0
-4.9625 0 0
-4.9375 0 0
-4.9125 0 0
-4.8875 0 0
-4.8625 0 0
-4.8375 0 0
-4.8125 0 0
-4.7875 0 0
-4.7625 0 0
-4.7375 0 0
-4.7125 0 0
-4.6875 0 0
-4.6625 0 0
-4.6375 0 0
-4.6125 0 0
-4.5875 0 0
-4.5625 0 0
-4.5375 0 0
-4.5125 0 0
-4.4875 0 0
-4.4625 0 0
-4.4375 0 0
-4.4125 0 0
-4.3875 0 0
-4.3625 0 0
-4.3375 0 0
-4.3125 0 0
-4.2875 0 0
-4.2625 0 0
-4.2375 0 0
-4.2125 0 0
-4.1875 0 0
-4.1625 0 0
-4.1375 0 0
-4.1125 0 0
-4.0875 0 0
-4.0625 0 0
-4.0375 0 0
-4.0125 0 0
-3.9875 0 0
-3.9625 0 0
-3.9375 0 0
-3.9125 0 0
-3.8875 0 0
-3.8625 0 0
-3.8375 0 0
-3.8125 0 0
-3.7875 0 0
-3.7625 0 0
-3.7375 0 0
-3.7125 0 0
-3.6875 0 0
-3.6625 0 0
-3.6375 0 0
-3.6125 0 0
-3.5875 0 0
-3.5625 0 0
-3.5375 0 0
-3.5125 0 0
-3.4875 0 0
-3.4625 0 0
-3.4375 0 0
-3.4125 0 0
-3.3875 0 0
-3.3625 0 0
-3.3375 0 0
-3.3125 0 0
-3.2875 0 0
-3.2625 0 0
-3.2375 0 0
-3.2125 0 0
-3.1875 0 0
-3.1625 0 0
-3.1375 0 0
-3.1125 0 0
-3.0875 0 0
-3.0625 0 0
-3.0375 0 0
-3.0125 0 0
-2.9875 0 0
-2.9625 0 0
-2.9375 0 0
-2.9125 0 0
-2.8875 0 0
-2.8625 0 0
-2.8375 0 0
-2.8125 0 0
-2.7875 0 0
-2.7625 0 0
-2.7375 0 0
-2.7125 0 0
-2.6875 0 0
-2.6625 0 0
-2.6375 0 0
-2.6125 0 0
-2.5875 0 0
-2.5625 0 0
-2.5375 1.63934e-05 1.59784e-05
-2.5125 5.7377e-05 4.81797e-05
-2.4875 0.000147541 9.965e-05
-2.4625 0.000303279 0.00021695
-2.4375 0.000278689 0.000192614
-2.4125 0.000262295 0.000176334
-2.3875 0.000418033 0.000280963
-2.3625 0.000401639 0.000291064
-2.3375 0.000352459 0.000258756
-2.3125 0.000491803 0.000303389
-2.2875 0.00052459 0.000249859
-2.2625 0.000483607 0.00022191
-2.2375 0.000729508 0.00030548
-2.2125 0.000959016 0.000386252
-2.1875 0.00131148 0.000371665
-2.1625 0.00127049 0.000466404
-2.1375 0.00168033 0.000484214
-2.1125 0.00237705 0.000530892
-2.0875 0.0032623 0.000607211
-2.0625 0.00335246 0.000486374
-2.0375 0.00390984 0.000516754
-2.0125 0.0057459 0.000806324
-1.9875 0.0077623 0.000880167
-1.9625 0.00965574 0.000941867
-1.9375 0.011123 0.00117395
-1.9125 0.0149262 0.00144251
-1.8875 0.0173115 0.0017342
-1.8625 0.0198115 0.0020279
-1.8375 0.0233689 0.00257462
-1.8125 0.0271803 0.00252312
-1.7875 0.0279672 0.00246102
-1.7625 0.0309016 0.00268756
-1.7375 0.0331803 0.00260858
-1.7125 0.0394918 0.0025956
-1.6875 0.0470164 0.00284486
-1.6625 0.0553689 0.00327737
-1.6375 0.0618361 0.00322252
-1.6125 0.0696557 0.0032001
-1.5875 0.0796148 0.00294415
-1.5625 0.086541 0.00316249
-1.5375 0.0995902 0.00311172
-1.5125 0.111 0.00319409
-1.4875 0.121795 0.00305175
-1.4625 0.131475 0.00366508
-1.4375 0.138689 0.00447248
-1.4125 0.147754 0.00479865
-1.3875 0.161738 0.00542248
-1.3625 0.178623 0.00535849
-1.3375 0.193844 0.00571445
-1.3125 0.206582 0.00612477
-1.2875 0.220467 0.00577896
-1.2625 0.228582 0.00682884
-1.2375 0.240352 0.00627143
-1.2125 0.263098 0.00732485
-1.1875 0.276877 0.00764574
-1.1625 0.294172 0.00798458
-1.1375 0.303836 0.0080573
-1.1125 0.313467 0.00831101
-1.0875 0.328287 0.00920255
-1.0625 0.336254 0.00839381
-1.0375 0.339754 0.00760145
-1.0125 0.348811 0.00715974
-0.9875 0.356475 0.00633318
-0.9625 0.368516 0.00664381
-0.9375 0.382262 0.00659563
-0.9125 0.389361 0.00631133
-0.8875 0.394205 0.00586737
-0.8625 0.400648 0.00624445
-0.8375 0.413705 0.00834492
-0.8125 0.409762 0.00783577
-0.7875 0.413582 0.00681319
-0.7625 0.414 0.00594297
-0.7375 0.412402 0.00723767
-0.7125 0.408713 0.00637531
-0.6875 0.407639 0.00630533
-0.6625 0.400164 0.00640715
-0.6375 0.3975 0.00618774
-0.6125 0.396303 0.00684639
-0.5875 0.394164 0.00572736
-0.5625 0.394049 0.00494119
-0.5375 0.384828 0.00449943
-0.5125 0.3885 0.00532898
-0.4875 0.382541 0.0039438
-0.4625 0.376279 0.00503566
-0.4375 0.366844 0.00561835
-0.4125 0.361861 0.00623559
-0.3875 0.353197 0.00690441
-0.3625 0.348025 0.00637014
-0.3375 0.35373 0.00540026
-0.3125 0.340107 0.00634088
-0.2875 0.337926 0.00526844
-0.2625 0.334008 0.0046378
-0.2375 0.334393 0.00451925
-0.2125 0.328377 0.00482927
-0.1875 0.323566 0.00476862
-0.1625 0.316377 0.00490441
-0.1375 0.310557 0.00455983
-0.1125 0.303893 0.00363474
-0.0875 0.305648 0.00433433
-0.0625 0.299336 0.00509532
-0.0375 0.298115 0.00599787
-0.0125 0.295623 0.00541388
0.0125 0.296967 0.00458768
0.0375 0.291287 0.0040214
0.0625 0.294984 0.00476521
0.0875 0.290861 0.00437173
0.1125 0.287172 0.00562996
0.1375 0.293861 0.00597572
0.1625 0.295959 0.0058999
0.1875 0.305721 0.00634256
0.2125 0.31123 0.00551256
0.2375 0.31859 0.0057339
0.2625 0.323541 0.00574874
0.2875 0.329779 0.00651679
0.3125 0.331279 0.00562223
0.3375 0.334459 0.00662325
0.3625 0.34227 0.00572455
0.3875 0.346385 0.00645609
0.4125 0.34768 0.00587809
0.4375 0.354402 0.00547519
0.4625 0.35677 0.00639639
0.4875 0.363975 0.00675568
0.5125 0.36809 0.00692181
0.5375 0.376205 0.00593999
0.5625 0.380516 0.0051385
0.5875 0.384484 0.00673636
0.6125 0.387967 0.00605603
0.6375 0.385738 0.00663135
0.6625 0.392877 0.00752606
0.6875 0.40418 0.00753822
0.7125 0.40968 0.00791148
0.7375 0.405738 0.00802166
0.7625 0.40523 0.00786581
0.7875 0.401557 0.00740919
0.8125 0.394279 0.00721152
0.8375 0.390656 0.00775214
0.8625 0.392352 0.00852376
0.8875 0.382762 0.00923366
0.9125 0.374418 0.00931243
0.9375 0.370713 0.00765607
0.9625 0.366557 0.0070619
0.9875 0.356541 0.00665972
1.0125 0.350648 0.00688127
1.0375 0.34123 0.00551219
1.0625 0.328533 0.00672421
1.0875 0.317852 0.00620372
1.1125 0.312189 0.0054189
1.1375 0.299377 0.00567918
1.1625 0.282844 0.00496962
1.1875 0.267328 0.00487012
1.2125 0.259262 0.00577358
1.2375 0.25182 0.00544409
1.2625 0.237828 0.00466019
1.2875 0.223279 0.00608802
1.3125 0.212279 0.00673543
1.3375 0.194885 0.0057947
1.3625 0.176844 0.00453657
1.3875 0.161672 0.0036956
1.4125 0.148369 0.00314621
1.4375 0.136139 0.00392111
1.4625 0.124549 0.00397176
1.4875 0.112189 0.00344998
1.5125 0.103369 0.00282932
1.5375 0.0927869 0.00281208
1.5625 0.0843033 0.0035609
1.5875 0.0756803 0.00385618
1.6125 0.0670574 0.00331088
1.6375 0.058041 0.003149
1.6625 0.0513115 0.00343438
1.6875 0.0443443 0.00318602
1.7125 0.0399836 0.00299744
1.7375 0.0343852 0.00245425
1.7625 0.0299754 0.00240281
1.7875 0.0257869 0.00198784
1.8125 0.0223443 0.00176712
1.8375 0.0186475 0.00145431
1.8625 0.0151557 0.00134688
1.8875 0.014418 0.001391
1.9125 0.0116721 0.00120297
1.9375 0.0107377 0.00124706
1.9625 0.00840984 0.000981494
1.9875 0.00621311 0.000718128
2.0125 0.00534426 0.000632838
2.0375 0.00412295 0.000545224
2.0625 0.00348361 0.000499109
2.0875 0.00318852 0.00050826
2.1125 0.0022459 0.000391577
2.1375 0.00153279 0.00029194
2.1625 0.00118033 0.000259617
2.1875 0.000713115 0.000236792
2.2125 0.000639344 0.000200744
2.2375 0.000377049 0.000150739
2.2625 0.000409836 0.000211374
2.2875 0.000418033 0.000248477
2.3125 0.000311475 0.000166738
2.3375 0.000131148 7.01287e-05
2.3625 6.55738e-05 4.97238e-05
2.3875 8.19672e-05 5.7377e-05
2.4125 4.91803e-05 3.49684e-05
2.4375 0.000147541 0.00013563
2.4625 5.7377e-05 5.59242e-05
2.4875 9.83607e-05 9.58701e-05
2.5125 0.000114754 0.000111848
2.5375 3.27869e-05 3.19567e-05
2.5625 8.19672e-06 7.98918e-06
2.5875 1.63934e-05 1.59784e-05
2.6125 0 0
2.6375 0 0
2.6625 2.45902e-05 2.39675e-05
2.6875 0.000114754 0.000111848
2.7125 9.83607e-05 9.58701e-05
2.7375 0.000106557 0.000103859
2.7625 0.000139344 0.000135816
2.7875 1.63934e-05 1.59784e-05
2.8125 0 0
2.8375 0 0
2.8625 0 0
2.8875 0 0
2.9125 0 0
2.9375 0 0
2.9625 0 0
2.9875 0 0
3.0125 0 0
3.0375 0 0
3.0625 0 0
3.0875 0 0
3.1125 0 0
3.1375 0 0
3.1625 0 0
3.1875 0 0
3.2125 0 0
3.2375 0 0
3.2625 0 0
3.2875 0 0
3.3125 0 0
3.3375 0 0
3.3625 0 0
3.3875 0 0
3.4125 0 0
3.4375 0 0
3.4625 0 0
3.4875 0 0
3.5125 0 0
3.5375 0 0
3.5625 0 0
3.5875 0 0
3.6125 0 0
3.6375 0 0
3.6625 0 0
3.6875 0 0
3.7125 0 0
3.7375 0 0
3.7625 0 0
3.7875 0 0
3.8125 0 0
3.8375 0 0
3.8625 0 0
3.8875 0 0
3.9125 0 0
3.9375 0 0
3.9625 0 0
3.9875 0 0
4.0125 0 0
4.0375 0 0
4.0625 0 0
4.0875 0 0
4.1125 0 0
4.1375 0 0
4.1625 0 0
4.1875 0 0
4.2125 0 0
4.2375 0 0
4.2625 0 0
4.2875 0 0
4.3125 0 0
4.3375 0 0
4.3625 0 0
4.3875 0 0
4.4125 0 0
4.4375 0 0
4.4625 0 0
4.4875 0 0
4.5125 0 0
4.5375 0 0
4.5625 0 0
4.5875 0 0
4.6125 0 0
4.6375 0 0
4.6625 0 0
4.6875 0 0
4.7125 0 0
4.7375 0 0
4.7625 0 0
4.7875 0 0
4.8125 0 0
4.8375 0 0
4.8625 0 0
4.8875 0 0
4.9125 0 0
4.9375 0 0
4.9625 0 0
4.9875 0 0
