           1    0.953008    0.953008           0
           2    0.905588    0.929298   0.0167655
           3    0.974452    0.944349   0.0166119
           4     0.88942    0.930617   0.0172237
           5     0.89898     0.92429   0.0148959
           6    0.936348    0.926299   0.0125481
           7    0.795812    0.907658   0.0203354
           8    0.969476    0.915385   0.0192056
           9    0.932308    0.917266   0.0171634
          10    0.914608       0.917   0.0154491
          11    0.553156    0.883923   0.0345234
          12    0.927668    0.887569   0.0318383
          13    0.924144    0.890382   0.0295132
          14      0.9297    0.893191   0.0275384
          15    0.924724    0.895293   0.0257827
          16    0.864228    0.893351   0.0242442
          17    0.933876    0.895735    0.022935
          18       0.941     0.89825   0.0217983
          19     0.95828    0.901409   0.0208787
          20    0.952608    0.903969   0.0199911
          21    0.934512    0.905424    0.019092
          22    0.918412    0.906014   0.0182333
          23      0.9615    0.908426   0.0175994
          24    0.934544    0.909515   0.0168997
          25    0.796688    0.905002   0.0168155
          26    0.952092    0.906813    0.016266
          27    0.941572      0.9081   0.0157144
          28    0.945264    0.909427   0.0152092
          29    0.857084    0.907622   0.0147914
          30    0.936596    0.908588   0.0143299
          31    0.647284    0.900159   0.0161576
          32    0.924688    0.900926   0.0156709
          33    0.856344    0.899575   0.0152541
          34    0.896884    0.899496   0.0148057
          35    0.910932    0.899822   0.0143863
          36    0.910724    0.900125   0.0139898
          37     0.95596    0.901634   0.0136929
          38    0.977188    0.903622   0.0134761
          39    0.852648    0.902315   0.0131938
          40    0.873756    0.901601   0.0128833
          41    0.979716    0.903507   0.0127091
          42      0.9461    0.904521   0.0124469
          43    0.749348    0.900912   0.0126698
          44    0.935904    0.901707   0.0124068
          45    0.963632    0.903083   0.0122072
          46     0.94992    0.904102   0.0119842
          47    0.850896     0.90297   0.0117825
          48    0.973412    0.904437   0.0116281
          49    0.458368    0.895334   0.0145235
          50     0.96952    0.896817   0.0143086
           1    0.584344    0.584344           0
           2    0.756124    0.670234   0.0607334
           3    0.653944    0.664804    0.040731
           4    0.674096    0.667127   0.0306144
           5     0.70852    0.675406   0.0255864
           6    0.730688    0.684619    0.022921
           7    0.698344     0.68658   0.0197302
           8    0.822316    0.703547   0.0234508
           9    0.763472    0.710205   0.0217698
          10    0.693604    0.708545   0.0196561
          11    0.704852    0.708209    0.017872
          12    0.736012    0.710526   0.0165322
          13    0.642692    0.705308   0.0160629
          14    0.563856    0.695205    0.017812
          15    0.540096    0.684864   0.0193952
          16     0.58006    0.678314   0.0192573
          17    0.564988    0.671648   0.0192438
          18    0.864296     0.68235   0.0209405
          19    0.823812    0.689796   0.0211205
          20    0.683536    0.689483   0.0200668
          21    0.598896    0.685169   0.0195694
          22    0.748308    0.688039   0.0188891
          23    0.759792    0.691159   0.0183237
          24    0.709344    0.691916   0.0175759
          25     0.55372    0.686388   0.0177208
          26    0.833292    0.692039   0.0179174
          27     0.76796    0.694851    0.017473
          28    0.791464    0.698301   0.0171863
          29    0.712124    0.698778   0.0166003
          30    0.866868    0.704381   0.0169662
          31    0.469936    0.696818   0.0180258
          32    0.648548     0.69531   0.0175255
          33    0.649868    0.693932   0.0170484
          34    0.820504    0.697655   0.0169486
          35    0.778344    0.699961   0.0166204
          36    0.688252    0.699635   0.0161619
          37      0.6709    0.698859   0.0157437
          38    0.854064    0.702943   0.0158504
          39    0.634892    0.701198   0.0155397
          40    0.598688    0.698635   0.0153611
          41    0.729204    0.699381   0.0150045
          42     0.81828    0.702212   0.0149119
          43    0.661324    0.701261   0.0145954
          44     0.75646    0.702516   0.0143175
          45    0.742444    0.703403   0.0140268
          46    0.708732    0.703519   0.0137224
          47     0.69112    0.703255   0.0134329
          48      0.8299    0.705893   0.0134097
          49    0.606968    0.703874   0.0132871
          50    0.720304    0.704203   0.0130254
           1    0.384692    0.384692           0
           2    0.481576    0.433134   0.0342537
           3    0.429892    0.432053   0.0228528
           4    0.417824    0.428496   0.0174143
           5    0.506048    0.444006   0.0196607
           6    0.455624    0.445943    0.016479
           7    0.473852     0.44993   0.0145992
           8    0.469008    0.452314   0.0129676
           9    0.442944    0.451273   0.0115685
          10    0.455396    0.451686    0.010419
          11    0.538252    0.459555   0.0120837
          12     0.48382    0.461577   0.0112447
          13      0.3764    0.455025   0.0121394
          14     0.36736    0.448763   0.0127857
          15    0.408912    0.446107   0.0122063
          16     0.45082    0.446401   0.0114469
          17      0.4775    0.448231   0.0109188
          18    0.517552    0.452082   0.0109703
          19    0.469856    0.453017   0.0104328
          20    0.438476     0.45229  0.00993643
          21    0.463384    0.452818   0.0094773
          22    0.437644    0.452129  0.00907158
          23    0.475372    0.453139  0.00873327
          24     0.49392    0.454838  0.00853309
          25     0.37612     0.45169  0.00875345
          26    0.414412    0.450256  0.00853339
          27     0.38122    0.447699  0.00859187
          28     0.29612    0.442286  0.00984385
          29    0.497644    0.444194  0.00968772
          30    0.445144    0.444226  0.00936485
          31    0.370884     0.44186  0.00935684
          32    0.479144    0.443025  0.00913669
          33    0.296628    0.438589  0.00987829
          34    0.413616    0.437855  0.00961502
          35    0.443472    0.438015  0.00934165
          36    0.429564     0.43778   0.0090851
          37    0.577036    0.441544   0.0095875
          38    0.501316    0.443117  0.00946335
          39    0.416824    0.442443  0.00924468
          40    0.432268    0.442188  0.00901706
          41    0.554036    0.444916  0.00920054
          42     0.55422    0.447519   0.0093423
          43    0.447872    0.447527  0.00912504
          44    0.544268    0.449726  0.00917872
          45    0.499256    0.450826   0.0090405
          46     0.25928    0.446662  0.00975593
          47     0.57458    0.449384  0.00992073
          48     0.55286     0.45154  0.00994551
          49    0.425344    0.451005   0.0097569
          50    0.489252     0.45177   0.0095917
           1    0.254612    0.254612           0
           2     0.33012    0.292366   0.0266961
           3    0.248664    0.277799   0.0214061
           4     0.24774    0.270284   0.0173234
           5    0.225864      0.2614   0.0159751
           6    0.314368    0.270228   0.0155618
           7    0.224124    0.263642   0.0146664
           8    0.276684    0.265272   0.0129234
           9    0.266836    0.265446   0.0114886
          10    0.383484     0.27725   0.0152416
          11    0.296612     0.27901   0.0139573
          12      0.2803    0.279117   0.0127946
          13     0.30218    0.280891   0.0119328
          14    0.225104    0.276907   0.0117269
          15     0.33662    0.280887   0.0116012
          16    0.291528    0.281552   0.0108951
          17     0.31954    0.283787   0.0104809
          18    0.313004     0.28541   0.0100235
          19     0.32988    0.287751  0.00976539
          20     0.28794     0.28776  0.00927713
          21    0.281736    0.287473  0.00883979
          22     0.29892    0.287994  0.00845328
          23    0.336564    0.290105  0.00834536
          24    0.288692    0.290046  0.00799784
          25    0.243672    0.288192  0.00789011
          26    0.272868    0.287602  0.00760863
          27    0.211564    0.284786  0.00783069
          28    0.246852    0.283431  0.00766733
          29    0.303432    0.284121  0.00743389
          30    0.337676    0.285906  0.00739733
          31    0.257488    0.284989  0.00721529
          32    0.277064    0.284742  0.00699406
          33    0.243728    0.283499  0.00689166
          34    0.324216    0.284696  0.00679222
          35    0.246716    0.283611  0.00668428
          36    0.260724    0.282975  0.00652877
          37    0.348248     0.28474  0.00658634
          38     0.35562    0.286605  0.00667192
          39    0.238252    0.285365  0.00661503
          40    0.322048    0.286282  0.00651292
          41    0.319116    0.287083  0.00640311
          42    0.339748    0.288337  0.00637225
          43     0.32898    0.289282  0.00629377
          44    0.319892    0.289978  0.00618906
          45    0.331804    0.290907  0.00612092
          46    0.279056     0.29065  0.00599328
          47     0.33912    0.291681  0.00595383
          48    0.317404    0.292217  0.00585386
          49    0.283764    0.292044  0.00573693
          50    0.295428    0.292112  0.00562259
           1    0.191004    0.191004           0
           2    0.177348    0.184176  0.00482813
           3     0.15526    0.174537  0.00850272
           4    0.200076    0.180922  0.00844036
           5     0.11134    0.167006   0.0141607
           6     0.22062    0.175941   0.0143455
           7    0.176652    0.176043   0.0122965
           8    0.192804    0.178138   0.0109365
           9    0.168896    0.177111  0.00976941
          10     0.28552    0.187952   0.0135307
          11    0.210812     0.19003   0.0124592
          12    0.171912     0.18852   0.0115121
          13    0.168432    0.186975   0.0107297
          14    0.184824    0.186821  0.00996442
          15    0.241176    0.190445  0.00993719
          16     0.18328    0.189997   0.0093262
          17    0.186536    0.189794  0.00877982
          18    0.206404    0.190716  0.00834041
          19    0.200168    0.191214  0.00791626
          20    0.233096    0.193308   0.0077925
          21    0.198124    0.193537  0.00742481
          22    0.224788    0.194958  0.00722192
          23      0.2003     0.19519  0.00691166
          24    0.216456    0.196076  0.00668023
          25      0.1921    0.195917  0.00641491
          26    0.226904    0.197109  0.00627792
          27    0.124588    0.194423    0.006595
          28    0.187948    0.194192  0.00636352
          29     0.17528     0.19354  0.00617741
          30    0.222492    0.194505  0.00604642
          31    0.164112    0.193524  0.00593032
          32      0.2058    0.193908  0.00575739
          33    0.135856    0.192149   0.0058455
          34    0.229656    0.193252  0.00577673
          35      0.1577    0.192236  0.00570029
          36    0.235288    0.193432    0.005666
          37    0.185232     0.19321   0.0055172
          38    0.256292     0.19487   0.0056162
          39    0.139008    0.193438   0.0056519
          40    0.233324    0.194435  0.00559788
          41    0.234936    0.195423  0.00554782
          42    0.249696    0.196715  0.00556418
          43    0.227896     0.19744  0.00548183
          44    0.254752    0.198743  0.00550982
          45     0.23942    0.199647  0.00546102
          46    0.139984     0.19835  0.00549417
          47    0.196816    0.198317  0.00537737
          48     0.26056    0.199614  0.00541944
          49    0.216224    0.199953  0.00531943
          50    0.204548    0.200045  0.00521383
           1     0.14088     0.14088           0
           2     0.12498     0.13293   0.0056215
           3    0.106172    0.124011  0.00819032
           4     0.15794    0.132493  0.00957579
           5    0.092336    0.124462   0.0105018
           6    0.162668    0.130829   0.0105061
           7    0.163032     0.13543  0.00996167
           8     0.15326    0.137658  0.00896232
           9    0.109796    0.134563  0.00848437
          10    0.203616    0.141468    0.010061
          11    0.186784    0.145588  0.00995408
          12     0.14826     0.14581  0.00912706
          13    0.142088    0.145524  0.00842947
          14     0.13152    0.144524  0.00788649
          15     0.15404    0.145158   0.0073862
          16    0.151904     0.14558  0.00693659
          17    0.117428    0.143924  0.00672331
          18    0.138092      0.1436   0.0063576
          19    0.173252     0.14516  0.00621159
          20    0.158084    0.145807  0.00593452
          21     0.17378    0.147139   0.0057995
          22    0.192872    0.149217  0.00589669
          23    0.132464    0.148489  0.00568512
          24    0.154908    0.148756  0.00545453
          25    0.125684    0.147834  0.00531385
          26    0.151208    0.147963  0.00511106
          27    0.121488    0.146983  0.00501494
          28    0.135476    0.146572  0.00485264
          29    0.118492    0.145604  0.00478094
          30    0.156596     0.14597  0.00463559
          31     0.12442    0.145275  0.00453788
          32      0.1555    0.145594  0.00440731
          33    0.112232    0.144583  0.00438818
          34    0.170392    0.145342  0.00432427
          35     0.09892    0.144016  0.00439943
          36    0.176376    0.144915  0.00436809
          37      0.1435    0.144877   0.0042502
          38    0.165948    0.145431  0.00417437
          39    0.075996    0.143651  0.00443077
          40     0.16968    0.144302  0.00436752
          41      0.1548    0.144558   0.0042685
          42     0.16954    0.145152  0.00420811
          43     0.18116     0.14599  0.00419273
          44    0.161836     0.14635  0.00411288
          45    0.137756    0.146159  0.00402591
          46    0.104736    0.145259  0.00403785
          47     0.15272    0.145417  0.00395506
          48    0.160188    0.145725  0.00388461
          49     0.14148    0.145638   0.0038063
          50    0.126412    0.145254  0.00374955
           1    0.115452    0.115452           0
           2    0.066832    0.091142   0.0171898
           3    0.094356   0.0922133   0.0114932
           4      0.1114     0.09701  0.00956862
           5    0.076344   0.0928768  0.00850083
           6     0.11226   0.0961073  0.00767335
           7    0.104584   0.0973183  0.00667203
           8     0.11272   0.0992435  0.00610947
           9     0.10498   0.0998809  0.00546379
          10    0.158396    0.105732    0.007416
          11    0.127352    0.107698  0.00699742
          12    0.107032    0.107642  0.00641452
          13    0.108144    0.107681  0.00592121
          14     0.10928    0.107795  0.00549937
          15    0.112568    0.108113  0.00514194
          16    0.106768    0.108029  0.00482126
          17    0.094324    0.107223  0.00460456
          18    0.119072    0.107881  0.00439556
          19    0.131788     0.10914  0.00434057
          20    0.103332    0.108849  0.00413324
          21    0.134448    0.110068  0.00411225
          22    0.133592    0.111137  0.00406196
          23    0.117956    0.111434  0.00389616
          24    0.099532    0.110938  0.00376525
          25    0.091108    0.110145  0.00369724
          26    0.117124    0.110413  0.00356477
          27    0.099332    0.110003  0.00345629
          28    0.093296    0.109406  0.00338396
          29    0.099384    0.109061  0.00328487
          30    0.125864    0.109621  0.00322278
          31    0.085748    0.108851   0.0032095
          32     0.11534    0.109053  0.00311561
          33    0.089028    0.108447  0.00307972
          34    0.137568    0.109303  0.00310597
          35    0.057564    0.107825  0.00335059
          36    0.122484    0.108232  0.00328217
          37     0.10286    0.108087  0.00319667
          38    0.119452    0.108386  0.00312651
          39    0.062032    0.107197  0.00326445
          40    0.131132    0.107796  0.00323722
          41    0.114144    0.107951  0.00316196
          42    0.138496    0.108678  0.00316921
          43    0.136872    0.109333  0.00316261
          44    0.108696    0.109319  0.00309076
          45    0.099256    0.109095  0.00303016
          46    0.058408    0.107993  0.00315829
          47    0.114484    0.108132  0.00309411
          48    0.134248    0.108676  0.00307711
          49    0.096896    0.108435  0.00302369
          50    0.064816    0.107563   0.0030865
           1     0.07204     0.07204           0
           2    0.056396    0.064218  0.00553099
           3    0.090568   0.0730013  0.00806397
           4    0.082596      0.0754  0.00639478
           5    0.074608   0.0752416  0.00511779
           6     0.09144   0.0779413   0.0049257
           7    0.068984   0.0766617  0.00438509
           8    0.076356   0.0766235  0.00383712
           9    0.092872   0.0784289  0.00381191
          10    0.120628   0.0826488  0.00527226
          11    0.106844   0.0848484  0.00523171
          12    0.091288    0.085385  0.00482317
          13     0.08328   0.0852231  0.00445488
          14    0.083116   0.0850726  0.00413921
          15     0.09296   0.0855984  0.00389652
          16    0.074292   0.0848917  0.00371651
          17    0.095524   0.0855172  0.00355013
          18    0.097328   0.0861733    0.003413
          19    0.099016   0.0868493  0.00329962
          20    0.081228   0.0865682  0.00314659
          21    0.105644   0.0874766  0.00312512
          22     0.12326   0.0891031  0.00337994
          23    0.086972   0.0890104  0.00323426
          24    0.064748   0.0879995  0.00325366
          25    0.087096   0.0879634  0.00312371
          26    0.092564   0.0881403  0.00300858
          27    0.093212   0.0883281  0.00290301
          28    0.080096   0.0880341  0.00281418
          29     0.09828   0.0883874  0.00273922
          30    0.088252   0.0883829  0.00264792
          31    0.061768   0.0875244   0.0026981
          32    0.101824   0.0879712  0.00265053
          33      0.0751   0.0875812  0.00259875
          34      0.1082   0.0881876  0.00259211
          35    0.061684   0.0874304  0.00262633
          36    0.088636   0.0874639  0.00255359
          37      0.0727   0.0870649  0.00251556
          38    0.078856   0.0868488  0.00245862
          39     0.05566   0.0860491  0.00252229
          40     0.10344   0.0864839  0.00249642
          41    0.101524   0.0868507  0.00246233
          42    0.103824   0.0872549  0.00243664
          43      0.0827   0.0871489  0.00238228
          44    0.084012   0.0870776   0.0023292
          45    0.073564   0.0867773  0.00229672
          46    0.054496   0.0860756  0.00235156
          47    0.071756   0.0857709  0.00232118
          48    0.117352   0.0864288  0.00236423
          49    0.078472   0.0862664  0.00232155
          50    0.057932   0.0856998  0.00234327
           1    0.046992    0.046992           0
           2    0.051444    0.049218  0.00157402
           3    0.092164   0.0635333   0.0117354
           4    0.071704    0.065576  0.00897759
           5     0.07568   0.0675968  0.00740601
           6    0.070404   0.0680647  0.00618644
           7      0.0632   0.0673697  0.00534155
           8    0.070564    0.067769  0.00468876
           9     0.08018    0.069148  0.00436586
          10     0.09804   0.0720372  0.00479082
          11    0.068844   0.0717469  0.00436408
          12    0.076036   0.0721043  0.00401501
          13    0.066576   0.0716791  0.00372862
          14    0.065156   0.0712131  0.00349128
          15    0.069156    0.071076  0.00326122
          16    0.048924   0.0696915  0.00333837
          17    0.076432    0.070088  0.00316545
          18     0.07056   0.0701142   0.0029897
          19    0.072356   0.0702322  0.00283468
          20    0.083624   0.0709018   0.0027709
          21    0.082444   0.0714514  0.00269291
          22    0.098804   0.0726947  0.00284307
          23    0.079072    0.072972  0.00273294
          24    0.062544   0.0725375  0.00265338
          25    0.059252   0.0720061  0.00259992
          26    0.085848   0.0725385  0.00255385
          27    0.067548   0.0723536  0.00246594
          28    0.058784    0.071869  0.00242503
          29    0.066684   0.0716902  0.00234799
          30    0.064724    0.071458  0.00228117
          31    0.066368   0.0712938  0.00221349
          32    0.075364    0.071421  0.00214797
          33    0.066104   0.0712599  0.00208891
          34    0.095172   0.0719632   0.0021426
          35    0.056352   0.0715171   0.0021273
          36    0.060712    0.071217  0.00208928
          37    0.054536   0.0707662  0.00208088
          38    0.055116   0.0703543  0.00206648
          39    0.043944   0.0696771  0.00212155
          40    0.097132   0.0703635  0.00217671
          41    0.082784   0.0706664   0.0021446
          42     0.06614   0.0705587  0.00209624
          43    0.054316   0.0701809  0.00208125
          44    0.068268   0.0701375   0.0020344
          45    0.065488   0.0700341  0.00199181
          46    0.043556   0.0694585  0.00202998
          47    0.050032   0.0690452  0.00202843
          48    0.097056   0.0696288  0.00206841
          49    0.054344   0.0693168  0.00204959
          50    0.038644   0.0687034  0.00209839
           1    0.041332    0.041332           0
           2     0.04242    0.041876 0.000384666
           3    0.060844   0.0481987   0.0051688
           4    0.061368    0.051491  0.00481224
           5     0.05602   0.0523968  0.00393412
           6    0.050372   0.0520593  0.00329287
           7    0.052132   0.0520697  0.00282248
           8     0.06136    0.053231  0.00269801
           9     0.06552   0.0545964  0.00272191
          10    0.086616   0.0577984  0.00390236
          11    0.055548   0.0575938  0.00355296
          12    0.067564   0.0584247  0.00335262
          13    0.063436   0.0588102   0.0031168
          14    0.048636   0.0580834  0.00297769
          15    0.057924   0.0580728   0.0027792
          16    0.043852    0.057184  0.00274394
          17    0.060424   0.0573746  0.00258914
          18    0.066048   0.0578564  0.00248974
          19    0.054672   0.0576888  0.00236433
          20    0.062504   0.0579296  0.00225834
          21    0.069528   0.0584819  0.00221731
          22    0.088292   0.0598369  0.00249645
          23    0.065564   0.0600859  0.00240029
          24    0.051112    0.059712  0.00232922
          25    0.053804   0.0594757  0.00224801
          26    0.075876   0.0601065   0.0022483
          27    0.058732   0.0600556  0.00216561
          28    0.054788   0.0598674  0.00209642
          29    0.054632   0.0596869  0.00203189
          30    0.063164   0.0598028  0.00196746
          31     0.05746   0.0597272  0.00190545
          32    0.067772   0.0599786  0.00186241
          33    0.063392   0.0600821  0.00180885
          34    0.066012   0.0602565  0.00176403
          35      0.0473   0.0598863  0.00175204
          36    0.050204   0.0596173   0.0017239
          37    0.047468    0.059289  0.00170829
          38    0.043708   0.0588789  0.00171183
          39    0.040196   0.0583999  0.00173368
          40     0.08164   0.0589809  0.00178504
          41     0.07148   0.0592858  0.00176734
          42    0.061424   0.0593367  0.00172599
          43    0.049908   0.0591174  0.00169972
          44    0.058472   0.0591027  0.00166116
          45    0.047968   0.0588553  0.00164257
          46      0.0269   0.0581606   0.0017476
          47    0.036628   0.0577025  0.00176945
          48    0.094772   0.0584747  0.00189363
          49    0.055692    0.058418  0.00185584
          50    0.034924   0.0579481  0.00187726
           1     0.03952     0.03952           0
           2    0.035868    0.037694  0.00129118
           3    0.055292     0.04356   0.0048663
           4     0.05364     0.04608  0.00425245
           5    0.039844   0.0448328  0.00358019
           6    0.041452   0.0442693   0.0030275
           7     0.05166   0.0453251    0.002773
           8    0.049512   0.0458485  0.00247527
           9    0.046004   0.0458658   0.0022003
          10    0.074604   0.0487396  0.00336963
          11    0.047368   0.0486149  0.00306561
          12    0.047772   0.0485447  0.00281095
          13    0.061756   0.0495609  0.00277235
          14     0.03648   0.0486266  0.00272723
          15    0.050856   0.0487752  0.00254946
          16    0.033508    0.047821  0.00256247
          17    0.053832   0.0481746  0.00243601
          18    0.055212   0.0485656  0.00233184
          19    0.047376   0.0485029  0.00220995
          20    0.058312   0.0489934  0.00215319
          21    0.054144   0.0492387  0.00206458
          22    0.063248   0.0498755  0.00206661
          23    0.054104   0.0500593  0.00198492
          24    0.043996   0.0498067  0.00191822
          25      0.0466   0.0496784  0.00184578
          26    0.061268   0.0501242  0.00182782
          27    0.053644   0.0502545  0.00176476
          28    0.048928   0.0502071  0.00170237
          29    0.050384   0.0502132  0.00164368
          30    0.057972   0.0504719  0.00160911
          31    0.059012   0.0507474  0.00158061
          32     0.05824   0.0509815  0.00154846
          33    0.047988   0.0508908  0.00150419
          34    0.059444   0.0511424  0.00148084
          35    0.031576   0.0505833  0.00154044
          36    0.042264   0.0503522  0.00151489
          37     0.03576   0.0499578  0.00152442
          38      0.0371   0.0496195  0.00152139
          39    0.031344   0.0491509  0.00155287
          40    0.062484   0.0494842  0.00154941
          41     0.06038     0.04975  0.00153424
          42    0.060204   0.0499989  0.00151777
          43    0.050336   0.0500067  0.00148249
          44    0.059352   0.0502191  0.00146393
          45    0.052252   0.0502643   0.0014321
          46    0.019388    0.049593  0.00155031
          47      0.0263   0.0490974  0.00159457
          48    0.073052   0.0495965  0.00163758
          49    0.056968   0.0497469  0.00161106
          50    0.030632   0.0493646  0.00162356
           1    0.035228    0.035228           0
           2     0.03276    0.033994  0.00087257
           3    0.050252   0.0394133  0.00446294
           4    0.045532    0.040943  0.00359982
           5      0.0452   0.0417944  0.00297884
           6    0.034436    0.040568  0.00272314
           7     0.03914    0.040364  0.00234175
           8    0.044364    0.040864  0.00210173
           9    0.036584   0.0403884  0.00192126
          10    0.065212   0.0428708   0.0029216
          11     0.04244   0.0428316  0.00265627
          12    0.046556    0.043142  0.00245298
          13    0.053084   0.0439068  0.00238052
          14    0.037684   0.0434623   0.0022516
          15    0.044272   0.0435163  0.00210214
          16    0.024448   0.0423245  0.00228373
          17    0.042904   0.0423586  0.00214964
          18    0.041388   0.0423047   0.0020309
          19      0.0383   0.0420939  0.00193491
          20    0.051732   0.0425758  0.00189723
          21    0.046048   0.0427411  0.00181408
          22    0.051924   0.0431585  0.00177899
          23    0.052896   0.0435819  0.00175129
          24     0.03196   0.0430977  0.00174399
          25     0.03642   0.0428306  0.00169456
          26     0.06242    0.043584  0.00178906
          27    0.044344   0.0436121  0.00172302
          28     0.04332   0.0436017  0.00166151
          29    0.047828   0.0437474   0.0016106
          30    0.045064   0.0437913  0.00155751
          31    0.048712   0.0439501  0.00151534
          32    0.043992   0.0439514  0.00146798
          33      0.0453   0.0439922  0.00142407
          34    0.048044   0.0441114  0.00138716
          35      0.0238   0.0435311  0.00146389
          36    0.031216    0.043189  0.00146265
          37     0.03324   0.0429201  0.00144763
          38    0.026464   0.0424871  0.00147288
          39    0.027152   0.0420938  0.00148668
          40    0.059684   0.0425336  0.00151315
          41    0.047272   0.0426492  0.00148065
          42    0.056128   0.0429701  0.00147977
          43    0.042668   0.0429631  0.00144537
          44    0.047208   0.0430595  0.00141574
          45    0.041224   0.0430188  0.00138487
          46    0.021544   0.0425519  0.00143129
          47    0.024508    0.042168  0.00145141
          48    0.063464   0.0426117  0.00148744
          49    0.050456   0.0427718  0.00146567
          50    0.029716   0.0425106  0.00145943
           1     0.03224     0.03224           0
           2       0.024     0.02812  0.00291328
           3     0.05126   0.0358333  0.00659058
           4    0.035868    0.035842  0.00494294
           5    0.042236   0.0371208  0.00411645
           6    0.028828   0.0357387  0.00365505
           7     0.03072   0.0350217  0.00320244
           8     0.03656    0.035214  0.00280791
           9     0.02924   0.0345502  0.00257318
          10    0.056128    0.036708  0.00309089
          11    0.029904   0.0360895  0.00287113
          12    0.044492   0.0367897  0.00271591
          13    0.046632   0.0375468  0.00261039
          14    0.039104    0.037658   0.0024263
          15    0.042256   0.0379645  0.00228383
          16     0.02636   0.0372393  0.00225331
          17    0.043564   0.0376113  0.00215126
          18     0.03558   0.0374984   0.0020347
          19    0.035848   0.0374116  0.00192947
          20    0.048004   0.0379412  0.00190429
          21    0.044052   0.0382322  0.00183571
          22    0.038628   0.0382502  0.00175236
          23    0.046952   0.0386285  0.00171653
          24    0.031444   0.0383292   0.0016709
          25    0.034284   0.0381674  0.00161188
          26    0.052528   0.0387197  0.00164179
          27    0.043364   0.0388917  0.00158997
          28     0.03674   0.0388149  0.00153504
          29    0.040456   0.0388714  0.00148315
          30    0.041584   0.0389619  0.00143647
          31    0.039044   0.0389645  0.00139013
          32    0.037868   0.0389303  0.00134711
          33    0.037024   0.0388725  0.00130753
          34    0.043416   0.0390061  0.00127588
          35    0.025148   0.0386102  0.00129942
          36    0.028672   0.0383341  0.00129231
          37     0.03038   0.0381191  0.00127514
          38    0.028112   0.0378558  0.00126849
          39    0.020084   0.0374001  0.00131527
          40    0.051008   0.0377403  0.00132565
          41     0.03796   0.0377457  0.00129333
          42     0.04916   0.0380174  0.00129077
          43    0.039264   0.0380464  0.00126108
          44    0.036344   0.0380077  0.00123301
          45    0.034092   0.0379207  0.00120868
          46     0.01912    0.037512   0.0012496
          47    0.022628   0.0371953   0.0012625
          48    0.051232   0.0374878  0.00126961
          49    0.043832   0.0376172  0.00125029
          50      0.0248   0.0373609  0.00125129
           1    0.025348    0.025348           0
           2    0.022188    0.023768  0.00111723
           3    0.046268    0.031268  0.00616885
           4     0.03208    0.031471  0.00462998
           5    0.037532   0.0326832  0.00385941
           6    0.021972    0.030898  0.00360549
           7    0.028228   0.0305166  0.00311053
           8    0.034716   0.0310415  0.00276565
           9    0.030596    0.030992   0.0024588
          10    0.052256   0.0331184   0.0029944
          11    0.026476   0.0325145   0.0027824
          12    0.041096   0.0332297  0.00264084
          13     0.04118   0.0338412  0.00250751
          14    0.034916    0.033918  0.00232958
          15    0.039432   0.0342856  0.00220308
          16    0.021388   0.0334795  0.00220795
          17    0.037084   0.0336915  0.00208822
          18    0.034268   0.0337236  0.00197246
          19    0.028204   0.0334331  0.00188991
          20    0.040924   0.0338076  0.00183216
          21     0.03968   0.0340872  0.00176612
          22    0.032612   0.0340202  0.00168712
          23    0.040228   0.0342901  0.00163521
          24    0.031224   0.0341623  0.00157206
          25     0.02704   0.0338774  0.00153477
          26    0.046228   0.0343525  0.00154751
          27    0.039176   0.0345311  0.00150047
          28     0.03002     0.03437  0.00145551
          29    0.040036   0.0345654  0.00141837
          30    0.035212   0.0345869  0.00137125
          31    0.029496   0.0344227  0.00133682
          32    0.034608   0.0344285  0.00129506
          33    0.031832   0.0343498   0.0012582
          34     0.04176   0.0345678  0.00123993
          35    0.020696   0.0341714  0.00126626
          36    0.026568   0.0339602  0.00124858
          37    0.026272   0.0337524    0.001232
          38      0.0283   0.0336089  0.00120791
          39    0.013564    0.033095  0.00128163
          40    0.042964   0.0333417  0.00127311
          41    0.030412   0.0332702  0.00124407
          42    0.043416   0.0335118  0.00123768
          43     0.03352    0.033512  0.00120889
          44    0.036344   0.0335764  0.00118313
          45    0.029104    0.033477    0.001161
          46    0.020056   0.0331852  0.00117185
          47    0.023172   0.0329722  0.00116612
          48     0.04332   0.0331878  0.00116159
          49     0.03984   0.0333235  0.00114579
          50    0.029072   0.0332385  0.00112602
           1    0.023952    0.023952           0
           2    0.018292    0.021122  0.00200111
           3    0.038592   0.0269453  0.00493834
           4    0.025144    0.026495  0.00372423
           5    0.028272   0.0268504   0.0029963
           6    0.018552   0.0254673  0.00279797
           7    0.022852   0.0250937  0.00242308
           8    0.027868   0.0254405  0.00214486
           9     0.03142   0.0261049  0.00200681
          10    0.048044   0.0282988  0.00275573
          11     0.02754   0.0282298  0.00250607
          12    0.036464    0.028916  0.00238932
          13    0.038624   0.0296628   0.0023193
          14    0.032156   0.0298409  0.00216046
          15    0.037812   0.0303723  0.00208076
          16    0.020316   0.0297438  0.00204343
          17    0.029084   0.0297049   0.0019236
          18    0.031732   0.0298176  0.00182002
          19    0.021512   0.0293804  0.00177595
          20    0.039276   0.0298752  0.00175473
          21     0.03524   0.0301307  0.00168966
          22    0.031736   0.0302036  0.00161443
          23    0.032192   0.0302901  0.00154655
          24    0.027748   0.0301842  0.00148574
          25    0.021592   0.0298405  0.00146552
          26    0.043356   0.0303603  0.00149851
          27     0.03508   0.0305351  0.00145317
          28     0.02686   0.0304039  0.00140719
          29      0.0343   0.0305382  0.00136506
          30    0.032492   0.0306033  0.00132111
          31    0.026392   0.0304675  0.00128546
          32    0.027544   0.0303761  0.00124853
          33    0.032468   0.0304395  0.00121231
          34    0.033928   0.0305421  0.00118099
          35    0.019012   0.0302127  0.00119231
          36     0.02218   0.0299896  0.00117988
          37     0.02238   0.0297839  0.00116578
          38     0.02452   0.0296454   0.0011433
          39    0.014052   0.0292455  0.00118183
          40    0.039236   0.0294953  0.00117838
          41    0.024628   0.0293766  0.00115561
          42    0.038824   0.0296015  0.00114977
          43    0.029836    0.029607  0.00112305
          44    0.031208   0.0296434  0.00109811
          45    0.024192   0.0295222  0.00108037
          46     0.01516     0.02921  0.00110108
          47    0.020088   0.0290159  0.00109462
          48    0.041192   0.0292696  0.00110082
          49     0.03648   0.0294167  0.00108814
          50    0.032304   0.0294745  0.00106791
           1     0.01942     0.01942           0
           2     0.01864     0.01903 0.000275772
           3    0.033932   0.0239973  0.00405998
           4    0.023828    0.023955   0.0030452
           5    0.021644   0.0234928  0.00247099
           6    0.015452   0.0221527  0.00239515
           7    0.021016   0.0219903  0.00205849
           8    0.019928   0.0217325  0.00181724
           9    0.031248   0.0227898  0.00189814
          10    0.044832    0.024994   0.0027002
          11     0.02276   0.0247909  0.00246236
          12    0.033592   0.0255243  0.00236386
          13    0.034148   0.0261877   0.0022732
          14    0.031784   0.0265874  0.00214569
          15    0.030268   0.0268328  0.00201662
          16    0.018308      0.0263  0.00195971
          17    0.024468   0.0261922  0.00184739
          18    0.024708   0.0261098   0.0017466
          19    0.018304   0.0256989   0.0017023
          20    0.036908   0.0262594  0.00170695
          21    0.031156   0.0264926  0.00164152
          22    0.032932   0.0267853  0.00159279
          23     0.03106   0.0269711  0.00153434
          24     0.02372   0.0268357  0.00147638
          25    0.018776   0.0265133  0.00145209
          26    0.039644   0.0270183  0.00148147
          27     0.03316   0.0272458  0.00144395
          28    0.024764   0.0271571   0.0013951
          29    0.029836   0.0272495  0.00135005
          30    0.031128   0.0273788  0.00131122
          31    0.023268   0.0272462  0.00127561
          32    0.021256    0.027059  0.00124941
          33       0.028   0.0270875  0.00121188
          34    0.030984   0.0272021  0.00118164
          35    0.016192   0.0268875  0.00118901
          36    0.023328   0.0267887  0.00116009
          37    0.019896   0.0266024  0.00114359
          38    0.024092   0.0265363  0.00111541
          39    0.010464   0.0261242  0.00116044
          40    0.037304   0.0264037   0.0011646
          41    0.024304   0.0263525  0.00113732
          42    0.031624    0.026478  0.00111715
          43    0.025684   0.0264595  0.00109132
          44    0.030064   0.0265415  0.00106959
          45    0.020412   0.0264052  0.00105446
          46    0.012908   0.0261118  0.00107158
          47    0.022668   0.0260386  0.00105128
          48    0.034608   0.0262171  0.00104443
          49    0.032956   0.0263546  0.00103213
          50    0.032844   0.0264844  0.00101962
