           1     2333.25     2333.25           0
           2     2203.22     2268.24     45.9703
           3     2395.19     2310.55     46.1863
           4     2172.65     2276.08     45.7321
           5      2155.5     2251.96     42.4707
           6     2280.97      2256.8     35.6664
           7     2196.82     2248.23     31.5834
           8     2376.47     2264.26     31.4416
           9     2268.51     2264.73     27.9516
          10     2179.93     2256.25     26.4116
          11      2265.2     2257.06     24.0231
          12     2326.33     2262.84     22.7039
          13     2216.87      2259.3      21.231
          14     2249.07     2258.57      19.727
          15     2239.61     2257.31     18.4524
          16     2230.86     2255.65      17.373
          17     2290.11     2257.68     16.4688
          18     2276.72     2258.74     15.5878
          19     2347.65     2263.42     15.4539
          20     2336.01     2267.05     15.1015
          21     2258.76     2266.65     14.3876
          22     2234.57     2265.19     13.8073
          23     2352.28     2268.98     13.7163
          24     2280.73     2269.47     13.1535
          25     1961.73     2257.16     17.4617
          26     2313.31     2259.32     16.9231
          27     2276.86     2259.97     16.3088
          28     2309.88     2261.75     15.8235
          29     2094.66     2255.99     16.2931
          30     2263.79     2256.25     15.7521
          31      1817.3     2242.09     20.6496
          32     2232.17     2241.78     20.0066
          33     2239.59     2241.71     19.4005
          34     2254.12     2242.08     18.8333
          35     2227.65     2241.67     18.2997
          36     2209.21     2240.77     17.8136
          37     2360.34        2244     17.6228
          38     2406.62     2248.28     17.6711
          39     2095.93     2244.37     17.6445
          40     2090.45     2240.52      17.618
          41     2419.07     2244.88     17.7183
          42     2301.28     2246.22     17.3473
          43      2080.7     2242.37     17.3657
          44     2279.72     2243.22     16.9917
          45     2360.09     2245.82     16.8115
          46      2347.9     2248.04     16.5918
          47     2072.06     2244.29     16.6559
          48     2389.85     2247.32     16.5827
          49     2121.56     2244.76     16.4417
          50      2377.9     2247.42     16.3271
           1     1647.77     1647.77           0
           2     1737.86     1692.82     31.8508
           3     1564.51     1650.05     40.8697
           4      1745.1     1673.81     36.9196
           5     1591.78      1657.4     32.9802
           6     1716.23     1667.21     28.9042
           7     1615.92     1659.88      25.687
           8     1908.66     1690.98     36.7608
           9     1834.45     1706.92     35.9672
          10     1617.35     1697.96     33.4671
          11     1571.71     1686.49     32.3329
          12     1717.92     1689.11     29.7444
          13     1535.13     1677.26     29.7211
          14     1740.77      1681.8     27.9423
          15     1626.48     1678.11     26.3217
          16     1575.85     1671.72     25.4407
          17     1388.26     1655.04     28.8961
          18      2011.3     1674.84     33.3878
          19      1888.5     1686.08     33.4709
          20     1810.74     1692.32     32.3724
          21     1694.06      1692.4      30.831
          22     1743.79     1694.73     29.5179
          23     1753.84      1697.3     28.3462
          24     1738.11        1699      27.216
          25     1669.39     1697.82     26.1532
          26      1932.1     1706.83     26.6544
          27     1840.29     1711.77     26.1215
          28     1825.85     1715.85     25.5043
          29      1628.1     1712.82     24.8037
          30     1988.88     1722.02     25.6271
          31      1450.7     1713.27     26.2525
          32     1503.27     1706.71     26.2395
          33     1771.69     1708.68     25.5182
          34      1938.2     1715.43      25.645
          35     1830.61     1718.72     25.1225
          36     1536.46     1713.66     24.9296
          37     1778.65     1715.41     24.3176
          38     1980.73     1722.39     24.6596
          39     1726.97     1722.51     24.0276
          40     1748.73     1723.17     23.4359
          41     1785.76     1724.69     22.9139
          42     1874.77     1728.27     22.6452
          43     1564.85     1724.47     22.4352
          44     1773.14     1725.57     21.9526
          45     1784.06     1726.87     21.5032
          46     1699.67     1726.28     21.0439
          47      1682.4     1725.35     20.6168
          48     1948.98     1730.01     20.7071
          49     1839.36     1732.24     20.4044
          50     1702.85     1731.65     20.0047
           1     1106.66     1106.66           0
           2     1122.18     1114.42     5.48729
           3     1160.94     1129.93     13.1792
           4     1115.46     1126.31     10.3691
           5     1063.98     1113.84     13.8974
           6     1169.62     1123.14     14.3571
           7     1196.46     1133.61     15.6677
           8     1087.21     1127.81      14.744
           9     1047.24     1118.86     15.5883
          10     1063.39     1113.31     14.9839
          11     1155.63     1117.16      14.107
          12     1113.29     1116.84     12.9351
          13     1124.16      1117.4     11.9523
          14     1029.28     1111.11     12.6478
          15     1170.41     1115.06     12.4071
          16     1097.86     1113.99     11.6781
          17     1185.38     1118.19     11.7221
          18     1173.06     1121.23     11.4604
          19     1078.18     1118.97      11.079
          20      1060.7     1116.05     10.9013
          21     1102.32      1115.4     10.4018
          22     1145.66     1116.78     10.0195
          23     1051.43     1113.93     9.97863
          24     1174.97     1116.48     9.88159
          25      1137.1      1117.3     9.52068
          26     1241.49     1122.08     10.2831
          27     1193.14     1124.71     10.2336
          28      936.65     1117.99     11.8692
          29     1275.43     1123.42     12.6406
          30     1032.34     1120.39     12.5786
          31     969.132     1115.51      13.085
          32     990.106     1111.59     13.2499
          33     1038.59     1109.38     13.0317
          34     1125.67     1109.86     12.6573
          35     1026.88     1107.49     12.5157
          36     984.725     1104.08      12.624
          37     1278.09     1108.78     13.1297
          38     1204.67      1111.3     13.0244
          39      985.28     1108.07     13.0852
          40     1196.06     1110.27     12.9416
          41     1262.34     1113.98     13.1467
          42     1202.81     1116.09     13.0027
          43     1117.77     1116.13     12.7004
          44     1270.61     1119.64     12.8879
          45     1169.71     1120.76     12.6494
          46     870.682     1115.32     13.4922
          47     1188.59     1116.88     13.2948
          48     1250.18     1119.66     13.3047
          49     1123.78     1119.74     13.0335
          50     1100.87     1119.36     12.7783
           1       757.4       757.4           0
           2     755.262     756.331    0.755614
           3     732.982     748.548     6.37462
           4     704.647     737.573     10.6396
           5     668.915     723.841      14.943
           6     865.845     747.509     24.9369
           7     803.596     755.521     22.6251
           8     700.589     748.654     20.8128
           9     669.645     739.876     20.2674
          10     851.976     751.086     21.1144
          11     743.792     750.423     19.2053
          12     694.734     745.782     18.1569
          13     708.451      742.91     16.9858
          14      650.07     736.279     17.0179
          15     799.359     740.484     16.3947
          16     794.446     743.857     15.7131
          17     812.632     747.902     15.3007
          18     731.666         747     14.4773
          19     779.054     748.687     13.8132
          20     770.175     749.762     13.1643
          21     697.994     747.297     12.7661
          22     688.308     744.615     12.4643
          23     748.218     744.772     11.9233
          24     790.331      746.67     11.5766
          25     626.871     741.878     12.0647
          26     825.379      745.09     12.0205
          27     770.115     746.017      11.611
          28     758.921     746.478     11.2054
          29     777.194     747.537      10.869
          30     715.924     746.483     10.5576
          31     602.115     741.826     11.1972
          32     758.825     742.357     10.8599
          33     719.675      741.67     10.5525
          34     750.182      741.92     10.2451
          35     662.626     739.655     10.1998
          36     660.676     737.461     10.1497
          37     757.735     738.009     9.89013
          38      864.52     741.338     10.1748
          39     654.149     739.102     10.1565
          40     790.886     740.397      9.9848
          41     702.461     739.472     9.78404
          42     738.185     739.441     9.55114
          43     877.174     742.644     9.85148
          44     818.277     744.363      9.7764
          45     776.265     745.072     9.58482
          46     728.683     744.716     9.38307
          47     766.113     745.171     9.19447
          48     801.163     746.338     9.07661
          49     758.981     746.596     8.89504
          50     684.441     745.352     8.80357
           1     490.304     490.304           0
           2     538.101     514.202      16.899
           3     486.376     504.927      13.575
           4     560.244     518.756     15.7193
           5     442.486     503.502     18.5551
           6     616.964     522.413     23.1753
           7      487.74     517.459      20.387
           8      529.64     518.982     17.8954
           9     476.244     514.233      16.525
          10     620.694     524.879     17.9777
          11     527.894     525.153     16.3455
          12     483.118      521.65     15.3541
          13     556.312     524.317     14.4027
          14     557.962      526.72     13.5729
          15     559.979     528.937     12.8479
          16     564.254     531.145      12.233
          17     484.001     528.371     11.8236
          18     491.555     526.326     11.3423
          19      566.91     528.462     10.9446
          20     507.033     527.391     10.4497
          21     457.736     524.074     10.4653
          22     533.072     524.483     9.99755
          23     559.834      526.02     9.68031
          24     563.733     527.591     9.40363
          25     498.692     526.435     9.09826
          26     549.402     527.318      8.7911
          27     577.062     529.161      8.6564
          28     523.236     528.949     8.34983
          29     490.379     527.619     8.16715
          30      544.52     528.183     7.91431
          31     435.106      525.18     8.20881
          32     560.379      526.28     8.02565
          33     521.617     526.139     7.78369
          34     533.703     526.361     7.55794
          35     459.276     524.444     7.58115
          36     525.346      524.47      7.3706
          37     483.242     523.355     7.25513
          38     540.325     523.802     7.07793
          39     465.459     522.306     7.05277
          40     576.885      523.67      7.0072
          41     496.062     522.997     6.86857
          42     550.629     523.655     6.73647
          43     539.965     524.034     6.59047
          44     591.617      525.57     6.61726
          45     595.352     527.121     6.64942
          46     480.827     526.114     6.58059
          47     515.183     525.882     6.44468
          48     602.902     527.486      6.5071
          49     527.999     527.497     6.37431
          50     543.841     527.824      6.2552
           1     415.092     415.092           0
           2     386.059     400.575     10.2648
           3       382.4     394.517     8.44383
           4     413.444     399.249     7.54298
           5     379.848     395.369     6.96119
           6     464.081     406.821     11.9559
           7     383.894     403.545     10.6871
           8     412.469     404.661     9.40928
           9     377.884     401.686     8.82164
          10     451.906     406.708     9.25925
          11     454.819     411.081     9.39388
          12     366.917     407.401     9.30412
          13      428.47     409.022     8.72843
          14      396.15     408.102     8.15325
          15      364.69     405.208     8.10711
          16     421.426     406.222     7.66352
          17     408.352     406.347     7.21375
          18     425.037     407.386     6.88731
          19     473.313     410.855     7.34708
          20     399.112     410.268     7.00315
          21     373.812     408.532     6.88147
          22     449.761     410.406     6.81908
          23     423.177     410.962     6.54516
          24     434.816     411.955     6.34746
          25      371.93     410.354     6.29224
          26     382.658     409.289     6.13973
          27     424.781     409.863     5.93909
          28     446.751      411.18     5.87127
          29     338.552     408.676     6.17992
          30     438.354     409.665     6.05259
          31     359.454     408.045      6.0702
          32     413.295      408.21     5.88272
          33     404.291     408.091     5.70565
          34     409.749      408.14     5.53805
          35     337.444      406.12     5.73636
          36     411.056     406.257     5.57865
          37     381.464     405.587     5.46797
          38     408.616     405.666     5.32466
          39     359.458     404.482     5.31832
          40     481.154     406.398     5.51999
          41     380.813     405.774     5.42052
          42     447.319     406.764     5.38095
          43       418.3     407.032      5.2625
          44     421.335     407.357     5.15293
          45     427.498     407.804     5.05782
          46     392.269     407.467     4.95913
          47      440.76     408.175     4.90395
          48     447.456     408.993     4.86958
          49     417.517     409.167     4.77331
          50     381.126     408.607     4.71068
           1     362.944     362.944           0
           2      324.28     343.612     13.6696
           3     297.567     328.263      15.495
           4     340.222     331.253     11.9062
           5     307.752     326.553     10.4114
           6     333.229     327.666     8.73546
           7      335.53     328.789     7.55943
           8     323.516      328.13     6.64317
           9     311.776     326.313     6.14853
          10     364.241     330.106     6.60065
          11     335.152     330.564     6.01651
          12      316.74     329.412     5.62435
          13      337.06     330.001     5.22238
          14     310.485     328.607     5.03196
          15     308.731     327.282     4.86783
          16     325.348     327.161     4.56509
          17      315.61     326.481     4.34683
          18     333.718     326.883     4.12389
          19      351.58     328.183     4.10659
          20     341.296     328.839     3.95325
          21     324.778     328.646     3.76973
          22     341.692     329.239     3.64472
          23     340.431     329.725     3.51859
          24     319.916     329.316     3.39564
          25     310.288     328.555     3.34404
          26     316.648     328.097     3.24663
          27     344.712     328.713     3.18417
          28     357.889     329.755     3.23645
          29     304.355     328.879      3.2412
          30      342.66     329.338     3.16554
          31     315.325     328.886     3.09553
          32     335.771     329.101     3.00627
          33     343.368     329.534     2.94609
          34     339.405     329.824     2.87371
          35     297.876     328.911     2.93299
          36     342.445     329.287     2.87551
          37     299.912     328.493     2.90533
          38      335.83     328.686     2.83528
          39     315.508     328.348     2.78265
          40     387.482     329.827     3.08085
          41     307.349     329.278      3.0541
          42     338.838     329.506     2.98985
          43      321.53     329.321     2.92607
          44     331.408     329.368     2.85995
          45     330.251     329.388     2.79647
          46     302.734     328.808     2.79506
          47     343.766     329.126     2.75365
          48     346.976     329.498     2.72127
          49     317.546     329.254     2.67665
          50      304.89     328.767      2.6671
           1     272.781     272.781           0
           2     269.079      270.93     1.30885
           3     274.285     272.048       1.263
           4     278.623     273.692     1.70983
           5     279.998     274.953     1.77298
           6     283.654     276.403     1.98376
           7     271.015     275.633     1.84365
           8     282.345     276.472     1.79396
           9     284.832     277.401     1.81927
          10     287.416     278.403     1.89305
          11     289.813      279.44     1.98491
          12     267.376     278.435     2.05842
          13     283.926     278.857     1.94293
          14     284.283     279.245     1.84239
          15     251.614     277.403     2.47465
          16     260.904     276.371     2.52569
          17     268.081     275.884     2.42375
          18     281.656     276.204     2.31021
          19      280.16     276.413     2.19798
          20     283.262     276.755     2.11459
          21     285.103     277.153     2.05092
          22     298.106     278.105     2.16759
          23     270.764     277.786     2.09672
          24     276.148     277.718     2.01046
          25     272.977     277.528     1.93897
          26     272.546     277.336     1.87384
          27      291.46     277.859     1.87602
          28     297.887     278.575      1.9406
          29     280.812     278.652     1.87521
          30     283.801     278.824     1.82054
          31     275.117     278.704     1.76574
          32     279.307     278.723     1.71066
          33     280.784     278.785     1.65996
          34     282.758     278.902     1.61525
          35     253.222     278.168     1.72772
          36     280.777     278.241     1.68125
          37      270.58     278.034     1.64851
          38     293.399     278.438     1.65397
          39     276.632     278.392     1.61221
          40     313.586     279.272     1.79601
          41     278.387      279.25     1.75234
          42     280.925      279.29     1.71107
          43     271.219     279.102     1.68154
          44     278.709     279.093     1.64335
          45     256.542     278.592      1.6815
          46     282.008     278.666     1.64659
          47     291.865     278.947     1.63533
          48     286.946     279.114     1.60972
          49     255.247     278.627     1.64892
          50     285.596     278.766     1.62182
           1      239.86      239.86           0
           2     243.549     241.705     1.30433
           3     236.736     240.049     1.60764
           4     246.286     241.608     1.81032
           5     244.758     242.238       1.554
           6     240.984     242.029     1.30899
           7     242.989     242.166     1.12915
           8     247.462     242.828     1.16603
           9     253.142     243.974     1.49723
          10     252.206     244.797     1.55748
          11     255.427     245.763     1.68927
          12     241.584     245.415     1.58399
          13     244.874     245.374     1.46269
          14     247.087     245.496     1.36333
          15     219.851     243.786       2.085
          16     230.182     242.936     2.12098
          17      234.41     242.434     2.05467
          18     254.252     243.091     2.04272
          19     244.136     243.146     1.93595
          20      241.42      243.06     1.84107
          21         243     243.057      1.7534
          22     270.412       244.3      2.0681
          23     234.316     243.866     2.02323
          24     234.534     243.477     1.97594
          25     244.828     243.531     1.89764
          26     243.506      243.53     1.82466
          27     254.586      243.94     1.80244
          28     259.082     244.481     1.81739
          29     248.891     244.633     1.76107
          30     245.008     244.645     1.70241
          31     246.079     244.691     1.64812
          32     226.296     244.117     1.69391
          33     234.103     243.813     1.66954
          34     246.852     243.903     1.62283
          35     230.959     243.533     1.61805
          36     245.182     243.579     1.57375
          37     232.436     243.277     1.55976
          38     247.119     243.378     1.52199
          39     239.848     243.288     1.48565
          40     264.124     243.809     1.53712
          41     237.827     243.663     1.50654
          42     221.151     243.127     1.56312
          43     227.405     242.761     1.56894
          44     249.457     242.914     1.54065
          45     228.878     242.602     1.53766
          46     247.353     242.705      1.5077
          47     244.908     242.752     1.47635
          48     262.602     243.165      1.5024
          49     231.641      242.93     1.49003
          50     243.275     242.937     1.46025
           1     202.738     202.738           0
           2       214.1     208.419     4.01722
           3     207.071      207.97     2.70317
           4     217.731      210.41     2.92862
           5     217.266     211.781     2.64448
           6     214.684     212.265     2.24754
           7     220.064     213.379     2.18526
           8     219.843     214.187     2.05606
           9     222.454     215.106     2.02238
          10     227.218     216.317     2.15253
          11     221.599     216.797     2.00969
          12     211.304     216.339     1.89362
          13     222.419     216.807     1.80478
          14     213.054     216.539     1.69566
          15     199.716     215.417       1.918
          16     202.268     214.596     1.96634
          17      213.45     214.528     1.85182
          18     224.427     215.078     1.82878
          19     207.958     214.703     1.77051
          20     209.555     214.446      1.7006
          21     213.042     214.379     1.62093
          22     229.394     215.062     1.68482
          23     214.647     215.044     1.61166
          24     206.009     214.667     1.58787
          25     214.352     214.655      1.5244
          26     213.252     214.601     1.46672
          27     222.417      214.89     1.44069
          28     226.296     215.297     1.44568
          29     212.605     215.205      1.3988
          30     219.863      215.36     1.36077
          31     214.722     215.339     1.31703
          32     196.391     214.747     1.40268
          33     219.485     214.891      1.3675
          34     211.756     214.798     1.33039
          35     206.063     214.549     1.31558
          36     212.988     214.506     1.27975
          37     205.434      214.26     1.26843
          38     217.938     214.357     1.23874
          39      220.01     214.502     1.21543
          40     224.174     214.744     1.20885
          41     214.785     214.745     1.17937
          42     202.066     214.443     1.18929
          43     210.503     214.351     1.16516
          44     225.814     214.612     1.16744
          45     204.638      214.39     1.16235
          46     209.105     214.275     1.14274
          47     210.625     214.198     1.12107
          48     232.358     214.576      1.1598
          49     206.518     214.412     1.14773
          50     228.588     214.695     1.15926
           1     185.013     185.013           0
           2     191.262     188.137     2.20943
           3     189.331     188.535     1.50834
           4     195.666     190.318     1.91389
           5      199.08      192.07      2.1912
           6     192.768     192.187     1.82908
           7     193.813     192.419     1.58248
           8     197.672     193.076     1.51479
           9      205.31     194.435     1.85892
          10     200.187      195.01     1.75977
          11     192.265     194.761     1.61739
          12     196.923     194.941     1.49261
          13     197.087     195.106     1.38689
          14     188.585      194.64     1.36381
          15     192.898     194.524     1.27782
          16     188.992     194.178     1.24384
          17     187.814     193.804     1.22573
          18     198.433     194.061     1.18431
          19      191.21     193.911     1.13144
          20     185.513     193.491     1.15015
          21     186.114      193.14     1.14777
          22     199.233     193.417     1.12852
          23     190.915     193.308     1.08468
          24     189.039      193.13     1.05397
          25     192.618      193.11     1.01201
          26     184.941     192.795     1.02069
          27     199.926     193.059     1.01648
          28     202.755     193.406     1.03748
          29     195.374     193.474     1.00392
          30     199.928     193.689    0.993248
          31     195.501     193.747    0.962927
          32     175.818     193.187     1.08366
          33     191.568     193.138     1.05193
          34     193.606     193.152     1.02108
          35      190.87     193.086    0.993982
          36     193.751     193.105    0.966543
          37     187.006      192.94    0.954371
          38     197.403     193.058    0.936454
          39     195.706     193.125    0.914902
          40     201.251     193.329    0.914302
          41     190.388     193.257     0.89481
          42     183.742      193.03    0.901727
          43     198.871     193.166    0.890928
          44     206.647     193.473    0.921858
          45     195.408     193.516    0.902375
          46     188.664      193.41    0.888899
          47     200.457      193.56    0.882542
          48     204.203     193.782    0.891573
          49     185.213     193.607    0.890363
          50     203.496     193.805    0.894253
           1     170.528     170.528           0
           2     180.493      175.51     3.52323
           3     171.213     174.078     2.62387
           4     178.357     175.148     2.17509
           5     186.331     177.384     2.65144
           6     172.324     176.541     2.33985
           7     173.537     176.112     2.04455
           8       180.1      176.61     1.84877
           9     182.867     177.306     1.76924
          10     183.092     177.884      1.6843
          11     172.557       177.4      1.5993
          12     177.067     177.372     1.46626
          13     182.648     177.778     1.40853
          14     179.035     177.868     1.31077
          15     178.398     177.903     1.22386
          16     173.746     177.643     1.17463
          17     173.769     177.415     1.12743
          18     184.012     177.782     1.12277
          19     176.264     177.702     1.06652
          20     173.796     177.507     1.03092
          21      174.75     177.375    0.990145
          22     180.887     177.535    0.957916
          23     177.227     177.522    0.916361
          24     176.474     177.478    0.879218
          25     174.338     177.352    0.852973
          26     167.463     176.972    0.900994
          27      177.61     176.996    0.867934
          28     177.894     177.028    0.837528
          29     181.228     177.173    0.821074
          30      182.51      177.35    0.812749
          31     175.418     177.288    0.788919
          32     162.659     176.831    0.886882
          33     178.469     176.881    0.861395
          34      176.89     176.881     0.83606
          35     175.737     176.848    0.812812
          36     181.415     176.975    0.800072
          37      167.07     176.707    0.822013
          38      173.75      176.63    0.804056
          39     180.698     176.734    0.790176
          40     186.165      176.97    0.804831
          41     174.151     176.901    0.788131
          42     167.335     176.673      0.8016
          43     186.405     176.899    0.814282
          44     190.233     177.203    0.850294
          45     177.825     177.216    0.831511
          46     173.482     177.135    0.817387
          47     180.564     177.208    0.803244
          48     187.865      177.43    0.816616
          49     175.142     177.383    0.801284
          50     186.893     177.574    0.807515
           1     159.277     159.277           0
           2     167.513     163.395     2.91187
           3     159.283     162.024     2.24074
           4      160.83     161.726     1.70032
           5     171.409     163.662      2.2025
           6     160.616     163.155     1.89305
           7     158.403     162.476     1.74005
           8     169.091     163.303     1.70777
           9     165.677     163.566     1.53825
          10      168.47     164.057     1.46051
          11     159.121     163.608     1.39497
          12     169.277     164.081     1.35636
          13     170.242     164.555     1.33227
          14     167.738     164.782     1.25637
          15     163.651     164.707     1.17487
          16     160.762      164.46     1.12702
          17     160.372      164.22     1.08607
          18     165.605     164.297     1.02845
          19     161.871     164.169    0.982215
          20     160.427     163.982    0.950759
          21     161.712     163.874     0.91161
          22     168.504     164.084    0.894135
          23     163.886     164.076    0.855301
          24     159.491     163.885    0.840726
          25     160.893     163.765    0.815567
          26     157.777     163.535     0.81607
          27     168.897     163.733    0.809655
          28     167.157     163.855    0.789919
          29     161.625     163.779    0.766417
          30     172.884     164.082     0.79871
          31     163.348     164.058    0.773297
          32     156.756      163.83    0.782074
          33     165.716     163.887     0.76046
          34     164.886     163.917    0.738661
          35     161.351     163.843    0.721185
          36     167.363     163.941    0.707749
          37     159.365     163.817    0.699343
          38     162.365     163.779    0.681983
          39      166.26     163.843    0.667455
          40     173.919     164.095    0.696686
          41     159.138     163.974    0.690102
          42     154.522     163.749    0.709419
          43     169.642     163.886    0.706034
          44     171.274     164.054    0.709675
          45     166.578      164.11    0.696118
          46     161.552     164.054    0.683202
          47     172.915     164.243    0.694189
          48     170.601     164.375    0.692249
          49     161.073     164.308    0.681394
          50     172.229     164.466    0.685935
           1     148.068     148.068           0
           2     155.807     151.938     2.73594
           3     145.692     149.856     2.49332
           4     147.056     149.156     1.96577
           5     158.005     150.926      2.2314
           6     151.847     151.079     1.86478
           7     150.002     150.925     1.60472
           8     157.096     151.697     1.57864
           9     153.054     151.847     1.41042
          10     158.134     152.476     1.40249
          11     146.411     151.925     1.37912
          12     158.354      152.46      1.3643
          13     154.378     152.608      1.2673
          14     155.094     152.785     1.18915
          15     155.397      152.96     1.12255
          16     151.384     152.861      1.0567
          17      151.28     152.768    0.998621
          18     153.992     152.836    0.945452
          19     148.842     152.626    0.918764
          20     149.907      152.49    0.882828
          21     150.093     152.376    0.848136
          22     157.325     152.601    0.838892
          23     153.375     152.634    0.803093
          24      146.69     152.387    0.806926
          25     152.002     152.371    0.774796
          26     149.416     152.258     0.75329
          27     159.091     152.511     0.76673
          28     152.856     152.523    0.739446
          29     150.805     152.464    0.716317
          30     164.095     152.852    0.790426
          31     152.134     152.828    0.765267
          32     145.924     152.613    0.771169
          33     153.906     152.652    0.748796
          34     158.494     152.824     0.74623
          35     148.029     152.687    0.737377
          36     154.816     152.746    0.719263
          37      147.27     152.598    0.714885
          38     147.402     152.461    0.709027
          39     157.936     152.601    0.704606
          40     163.672     152.878    0.739347
          41      150.58     152.822    0.723435
          42     140.794     152.536    0.760783
          43     158.632     152.678    0.756185
          44     160.936     152.865    0.761936
          45     152.993     152.868     0.74501
          46     151.007     152.828    0.729911
          47     158.816     152.955    0.725418
          48     160.225     153.107    0.725943
          49     150.626     153.056     0.71289
          50     162.042     153.236    0.720929
           1     144.775     144.775           0
           2     144.465      144.62    0.109602
           3     137.738     142.326     1.87441
           4     135.158     140.534     2.09396
           5     145.018     141.431     1.85731
           6     143.134     141.715     1.56931
           7     140.043     141.476     1.36318
           8     147.301     142.204     1.37355
           9     145.832     142.607      1.2787
          10      147.09     143.056     1.22689
          11     141.795     142.941     1.12069
          12     148.637     143.416     1.12333
          13     147.529     143.732     1.08056
          14     144.367     143.777     1.00433
          15     143.338     143.748    0.937802
          16      138.78     143.438    0.929164
          17      141.92     143.348    0.878788
          18     148.343     143.626    0.872673
          19     140.886     143.482    0.838568
          20     140.952     143.355    0.806118
          21     141.566      143.27    0.772223
          22      148.59     143.512    0.774065
          23     143.329     143.504    0.740451
          24     142.772     143.473    0.710226
          25       143.3     143.466     0.68185
          26     142.178     143.417    0.657424
          27     147.866     143.582    0.653396
          28     143.301     143.572    0.630138
          29     142.224     143.525    0.610119
          30     157.008     143.975    0.736942
          31     143.829      143.97    0.713185
          32     135.062     143.691    0.743246
          33     148.551     143.839    0.735166
          34     149.188     143.996    0.730185
          35     139.275     143.861    0.721674
          36     146.289     143.929    0.704773
          37     140.052     143.824    0.693467
          38     138.423     143.682    0.689628
          39     148.428     143.803    0.682601
          40     155.889     144.106    0.729347
          41     143.692     144.095    0.711628
          42     134.777     143.874    0.728452
          43     151.922     144.061    0.735164
          44     150.206       144.2    0.731604
          45     143.357     144.182    0.715586
          46     142.651     144.148    0.700803
          47     150.588     144.285    0.699157
          48     154.093      144.49    0.713823
          49     142.343     144.446    0.700598
          50     149.152      144.54    0.692879
           1     136.268     136.268           0
           2     137.503     136.886    0.436568
           3     130.491     134.754     1.76466
           4     131.004     133.817     1.55265
           5     135.399     134.133     1.27396
           6     134.655      134.22     1.06459
           7     135.693      134.43    0.933067
           8     138.256     134.909     0.93094
           9     134.468      134.86    0.828788
          10     139.739     135.348    0.877877
          11     133.155     135.148    0.820384
          12     140.338     135.581    0.858459
          13     138.424     135.799    0.819803
          14     136.284     135.834    0.761976
          15     135.249     135.795    0.712175
          16     133.624     135.659    0.680472
          17     139.228     135.869    0.672038
          18     140.922      136.15    0.690845
          19     135.529     136.117    0.655258
          20      133.49     135.986    0.635526
          21     132.246     135.808    0.629721
          22     139.879     135.993    0.627697
          23     135.063     135.952    0.601707
          24     135.196     135.921    0.577461
          25     135.872     135.919    0.554366
          26     134.725     135.873    0.534942
          27     141.542     136.083      0.5548
          28     138.276     136.161    0.540488
          29     136.687     136.179    0.522154
          30     147.105     136.544    0.618851
          31     135.484     136.509    0.599831
          32      128.87     136.271    0.626801
          33     139.474     136.368    0.615275
          34     139.646     136.464    0.604685
          35     132.972     136.364    0.595583
          36     135.898     136.351     0.57918
          37     132.181     136.239     0.57439
          38     131.788     136.122    0.571089
          39     138.042     136.171    0.558566
          40      145.17     136.396    0.588164
          41     136.834     136.407    0.573915
          42     129.918     136.252    0.580669
          43     143.336     136.417     0.59007
          44     142.362     136.552    0.591929
          45      136.64     136.554    0.578778
          46     135.168     136.524    0.566979
          47     144.133     136.686     0.57757
          48     145.726     136.874    0.595451
          49     135.888     136.854    0.583639
          50     141.765     136.952    0.580173
