           1    -1.00783    -1.00783           0
           2    -1.00161    -1.00472  0.00219617
           3    -1.01006     -1.0065  0.00206342
           4   -0.998819    -1.00458  0.00227173
           5   -0.997826    -1.00323  0.00218228
           6    -1.00444    -1.00343  0.00182794
           7    -0.99879    -1.00277  0.00168276
           8     -1.0098    -1.00365  0.00168617
           9    -1.00443    -1.00373  0.00150107
          10   -0.998325    -1.00319  0.00144515
          11   -0.996688     -1.0026  0.00142965
          12    -1.00755    -1.00301  0.00136858
          13    -1.00104    -1.00286  0.00127172
          14     -1.0044    -1.00297   0.0011856
          15    -1.00268    -1.00295  0.00110671
          16     -1.0005     -1.0028  0.00104813
          17    -1.00595    -1.00298  0.00100278
          18    -1.00278    -1.00297 0.000947132
          19    -1.00823    -1.00325 0.000936825
          20    -1.00806    -1.00349 0.000920293
          21    -1.00332    -1.00348 0.000876507
          22    -1.00336    -1.00348 0.000836683
          23    -1.00834    -1.00369 0.000826623
          24    -1.00566    -1.00377 0.000796236
          25   -0.988172    -1.00315 0.000978773
          26    -1.00573    -1.00325 0.000946147
          27    -1.00405    -1.00328 0.000911579
          28    -1.00599    -1.00337 0.000884175
          29   -0.995268    -1.00309 0.000896757
          30    -1.00374    -1.00311 0.000867128
          31   -0.980719    -1.00239  0.00109966
          32    -1.00041    -1.00233  0.00106703
          33    -1.00243    -1.00233   0.0010347
          34    -1.00377    -1.00238  0.00100513
          35    -1.00172    -1.00236 0.000976585
          36     -1.0004     -1.0023 0.000950964
          37    -1.01007    -1.00251  0.00094817
          38    -1.01167    -1.00275 0.000953326
          39   -0.995882    -1.00258 0.000945022
          40   -0.996038    -1.00241 0.000935429
          41    -1.01296    -1.00267 0.000947301
          42    -1.00543    -1.00274 0.000927014
          43   -0.993711    -1.00253 0.000928918
          44    -1.00632    -1.00261 0.000911788
          45    -1.00859    -1.00275 0.000901162
          46    -1.00906    -1.00288 0.000891973
          47   -0.996282    -1.00274 0.000883984
          48    -1.00963    -1.00289 0.000877146
          49   -0.989059     -1.0026 0.000903499
          50    -1.01005    -1.00275 0.000897624
           1   -0.961669   -0.961669           0
           2   -0.968238   -0.964953  0.00232246
           3   -0.960236   -0.963381  0.00201128
           4   -0.963338    -0.96337  0.00150849
           5   -0.956501   -0.961996   0.0017223
           6   -0.967769   -0.962958  0.00168268
           7   -0.961916   -0.962809  0.00144887
           8   -0.975658   -0.964415  0.00196573
           9    -0.97323   -0.965395  0.00197631
          10   -0.959321   -0.964787   0.0018697
          11   -0.957597   -0.964134  0.00181039
          12   -0.967186   -0.964388  0.00167729
          13   -0.956842   -0.963808  0.00164565
          14   -0.965009   -0.963893  0.00153034
          15   -0.960334   -0.963656   0.0014466
          16   -0.956175   -0.963189  0.00142975
          17   -0.950421   -0.962437  0.00153024
          18   -0.979643   -0.963393  0.00171804
          19   -0.974644   -0.963985  0.00172664
          20   -0.970913   -0.964332  0.00167469
          21   -0.960533   -0.964151  0.00160469
          22   -0.967208    -0.96429  0.00153775
          23   -0.968693   -0.964481  0.00148276
          24   -0.966551   -0.964568  0.00142348
          25   -0.960706   -0.964413   0.0013749
          26   -0.979044   -0.964976  0.00143255
          27   -0.973896   -0.965306  0.00141708
          28   -0.969739   -0.965465  0.00137529
          29   -0.961399   -0.965324  0.00133499
          30   -0.977928   -0.965744  0.00135498
          31   -0.951279   -0.965278  0.00138929
          32   -0.955608   -0.964976  0.00137835
          33   -0.969327   -0.965108  0.00134288
          34   -0.978287   -0.965495  0.00135817
          35   -0.969573   -0.965612  0.00132435
          36   -0.957233   -0.965379  0.00130786
          37   -0.967803   -0.965444  0.00127415
          38   -0.978726   -0.965794  0.00128767
          39   -0.965779   -0.965794  0.00125465
          40   -0.962437    -0.96571  0.00122609
          41   -0.969588   -0.965804  0.00119983
          42   -0.974862    -0.96602  0.00119048
          43   -0.960568   -0.965893  0.00116953
          44    -0.97221   -0.966037  0.00115173
          45   -0.967747   -0.966075  0.00112676
          46   -0.964487    -0.96604  0.00110279
          47   -0.962185   -0.965958  0.00108238
          48    -0.97757     -0.9662  0.00108652
          49   -0.967366   -0.966224  0.00106461
          50   -0.967136   -0.966242  0.00104347
           1   -0.910677   -0.910677           0
           2   -0.910618   -0.910647 2.11001e-05
           3   -0.914534   -0.911943  0.00105792
           4   -0.906455   -0.910571   0.0014288
           5   -0.909455   -0.910348  0.00116033
           6   -0.915109   -0.911141  0.00120818
           7   -0.919174   -0.912289  0.00148363
           8   -0.908798   -0.911853  0.00136083
           9   -0.907984   -0.911423   0.0012757
          10   -0.906867   -0.910967  0.00122679
          11   -0.910567   -0.910931  0.00111581
          12   -0.908893   -0.910761  0.00103567
          13   -0.912859   -0.910922 0.000968496
          14   -0.909537   -0.910823 0.000904354
          15   -0.915079   -0.911107 0.000887447
          16   -0.911154    -0.91111 0.000831987
          17   -0.915975   -0.911396   0.0008308
          18   -0.916681    -0.91169 0.000834913
          19   -0.911181   -0.911663   0.0007914
          20   -0.910761   -0.911618 0.000753113
          21   -0.910743   -0.911576 0.000718402
          22   -0.913323   -0.911656 0.000690124
          23   -0.911925   -0.911667 0.000660218
          24   -0.910829   -0.911632 0.000633633
          25   -0.909743   -0.911557 0.000612776
          26   -0.917963   -0.911803 0.000636818
          27   -0.913507   -0.911866 0.000616351
          28   -0.900073   -0.911445 0.000724093
          29   -0.922223   -0.911817 0.000788752
          30   -0.908412   -0.911703 0.000770583
          31   -0.906553   -0.911537 0.000763422
          32   -0.906079   -0.911367 0.000758379
          33   -0.910564   -0.911342 0.000735788
          34   -0.914139   -0.911425  0.00071873
          35   -0.904778   -0.911235 0.000722846
          36   -0.905741   -0.911082 0.000718692
          37   -0.922831     -0.9114 0.000766217
          38   -0.921056   -0.911654 0.000787064
          39   -0.907007   -0.911535  0.00077585
          40    -0.91416     -0.9116 0.000759225
          41   -0.923704   -0.911895 0.000796031
          42    -0.92228   -0.912143 0.000814572
          43   -0.913028   -0.912163 0.000795889
          44   -0.923512   -0.912421 0.000818525
          45   -0.914504   -0.912467 0.000801643
          46   -0.897376   -0.912139 0.000848694
          47   -0.919627   -0.912299 0.000845457
          48   -0.923113   -0.912524 0.000857337
          49   -0.916122   -0.912597 0.000842979
          50   -0.911977   -0.912585  0.00082621
           1    -0.86239    -0.86239           0
           2   -0.860377   -0.861384 0.000711736
           3   -0.864288   -0.862352 0.000921999
           4   -0.857231   -0.861072  0.00130668
           5   -0.857576   -0.860372  0.00121811
           6   -0.869134   -0.861833  0.00167557
           7    -0.86373   -0.862104  0.00145796
           8   -0.858595   -0.861665  0.00134005
           9   -0.855307   -0.860959  0.00136474
          10   -0.864748   -0.861338  0.00127979
          11   -0.856931   -0.860937  0.00122453
          12   -0.855806    -0.86051   0.0011948
          13   -0.860853   -0.860536  0.00110319
          14    -0.85678   -0.860268   0.0010565
          15   -0.865351   -0.860607  0.00103901
          16   -0.864537   -0.860852  0.00100269
          17   -0.864453   -0.861064 0.000965814
          18     -0.8613   -0.861077 0.000912247
          19   -0.861597   -0.861104 0.000864644
          20   -0.865316   -0.861315 0.000846665
          21   -0.857507   -0.861134 0.000825537
          22    -0.86235   -0.861189  0.00078986
          23    -0.86635   -0.861413 0.000786751
          24   -0.859572   -0.861337 0.000757701
          25     -0.8512   -0.860931 0.000828815
          26   -0.866012   -0.861127 0.000819651
          27   -0.862778   -0.861188 0.000791572
          28   -0.862371    -0.86123 0.000764429
          29   -0.859708   -0.861178 0.000739869
          30   -0.860274   -0.861147  0.00071582
          31   -0.853707   -0.860907 0.000731861
          32   -0.858944   -0.860846 0.000711558
          33   -0.863181   -0.860917 0.000693506
          34   -0.862723    -0.86097 0.000675141
          35   -0.854094   -0.860773 0.000683835
          36   -0.857012   -0.860669 0.000672774
          37   -0.866204   -0.860819 0.000671013
          38   -0.874124   -0.861169  0.00073909
          39   -0.859206   -0.861118  0.00072185
          40   -0.859164    -0.86107 0.000705456
          41   -0.863611   -0.861132 0.000690969
          42   -0.863219   -0.861181 0.000676303
          43    -0.86876   -0.861358 0.000683156
          44   -0.869091   -0.861533 0.000689868
          45   -0.859361   -0.861485 0.000676224
          46   -0.856114   -0.861368 0.000671527
          47   -0.860828   -0.861357 0.000657338
          48   -0.869286   -0.861522 0.000664077
          49     -0.8632   -0.861556 0.000651407
          50   -0.859608   -0.861517 0.000639543
           1   -0.810246   -0.810246           0
           2   -0.814516   -0.812381  0.00150956
           3   -0.809178   -0.811313   0.0013314
           4   -0.815119   -0.812265  0.00129466
           5     -0.8099   -0.811792  0.00111876
           6   -0.818612   -0.812929  0.00139492
           7   -0.807945   -0.812217  0.00136527
           8   -0.810108   -0.811953   0.0012198
           9   -0.807887   -0.811501  0.00116492
          10   -0.816114   -0.811963   0.0011361
          11   -0.810057   -0.811789  0.00104593
          12   -0.806116   -0.811317  0.00106026
          13   -0.813409   -0.811478  0.00099085
          14   -0.811674   -0.811492 0.000920175
          15     -0.8148   -0.811712 0.000884871
          16   -0.815305   -0.811937 0.000857584
          17   -0.810783   -0.811869 0.000809819
          18   -0.813512    -0.81196 0.000769956
          19   -0.814511   -0.812094 0.000741044
          20   -0.815725   -0.812276  0.00072588
          21   -0.810198   -0.812177 0.000698024
          22   -0.817301    -0.81241  0.00070408
          23   -0.819418   -0.812715 0.000736461
          24   -0.815258   -0.812821 0.000713361
          25   -0.813801    -0.81286 0.000685904
          26   -0.814942    -0.81294 0.000664181
          27   -0.815204   -0.813024 0.000644854
          28   -0.812443   -0.813003 0.000622157
          29   -0.809311   -0.812876 0.000613593
          30   -0.814368   -0.812925 0.000595153
          31   -0.807422   -0.812748 0.000601854
          32   -0.814464   -0.812802 0.000585431
          33   -0.815173   -0.812873 0.000572082
          34   -0.810703    -0.81281 0.000558805
          35   -0.808532   -0.812687 0.000556043
          36   -0.812694   -0.812688 0.000540597
          37    -0.81544   -0.812762 0.000531081
          38   -0.819524    -0.81294 0.000546107
          39   -0.807338   -0.812796  0.00055067
          40   -0.812307   -0.812784 0.000537039
          41   -0.810407   -0.812726  0.00052706
          42   -0.815679   -0.812796 0.000519179
          43   -0.813378    -0.81281 0.000507281
          44   -0.818158   -0.812931 0.000510105
          45   -0.814908   -0.812975 0.000500657
          46   -0.807759   -0.812862 0.000502451
          47   -0.810824   -0.812819 0.000493627
          48   -0.817197    -0.81291 0.000491698
          49   -0.815939   -0.812972 0.000485533
          50   -0.811111   -0.812934 0.000477247
           1   -0.766998   -0.766998           0
           2    -0.76657   -0.766784 0.000151538
           3   -0.766304   -0.766624 0.000165102
           4   -0.769727     -0.7674 0.000683036
           5   -0.766847   -0.767289 0.000555291
           6   -0.769189   -0.767606 0.000545593
           7   -0.764523   -0.767165  0.00062048
           8    -0.76926   -0.767427 0.000595626
           9   -0.766141   -0.767284 0.000546319
          10   -0.767474   -0.767303 0.000492016
          11   -0.767558   -0.767326 0.000447831
          12   -0.762416   -0.766917 0.000567463
          13    -0.76626   -0.766867 0.000526059
          14   -0.767948   -0.766944 0.000494118
          15   -0.763584    -0.76672  0.00050942
          16    -0.76998   -0.766924 0.000516714
          17   -0.765926   -0.766865  0.00048964
          18   -0.769521   -0.767013 0.000484167
          19   -0.768917   -0.767113 0.000468949
          20   -0.769133   -0.767214 0.000456246
          21   -0.765597   -0.767137 0.000440967
          22   -0.772769   -0.767393 0.000489627
          23   -0.770832   -0.767542 0.000490641
          24   -0.767349   -0.767534 0.000470263
          25   -0.766904   -0.767509 0.000452127
          26    -0.76534   -0.767426 0.000442371
          27   -0.768831   -0.767478  0.00042904
          28   -0.769552   -0.767552 0.000420061
          29    -0.75887   -0.767252 0.000501022
          30   -0.768605   -0.767298 0.000486345
          31    -0.76575   -0.767248 0.000473211
          32   -0.768813   -0.767297 0.000460945
          33   -0.768367   -0.767329 0.000448117
          34   -0.769733     -0.7674 0.000440478
          35   -0.761499   -0.767231 0.000459027
          36   -0.767521   -0.767239 0.000446346
          37   -0.770862   -0.767337 0.000444894
          38     -0.7751   -0.767541 0.000477788
          39   -0.763663   -0.767442 0.000475771
          40   -0.772645   -0.767572 0.000481329
          41   -0.765871    -0.76753 0.000471375
          42   -0.765081   -0.767472 0.000463746
          43   -0.765941   -0.767437 0.000454327
          44    -0.77284   -0.767559 0.000460301
          45   -0.766919   -0.767545 0.000450291
          46   -0.762902   -0.767444 0.000451672
          47   -0.769012   -0.767478 0.000443293
          48   -0.770105   -0.767532 0.000437423
          49   -0.768579   -0.767554 0.000429017
          50   -0.765198   -0.767506 0.000423016
           1   -0.729943   -0.729943           0
           2   -0.725068   -0.727505  0.00172355
           3   -0.725565   -0.726859  0.00126454
           4   -0.728255   -0.727208 0.000995432
           5   -0.722477   -0.726262  0.00116201
           6   -0.726185   -0.726249  0.00096841
           7   -0.722233   -0.725675 0.000985429
           8   -0.725133   -0.725607 0.000864576
           9   -0.725925   -0.725643 0.000769234
          10   -0.726246   -0.725703 0.000694675
          11   -0.724704   -0.725612  0.00063743
          12   -0.724305   -0.725503  0.00059354
          13   -0.721499   -0.725195 0.000622689
          14   -0.723242   -0.725056 0.000593635
          15   -0.722796   -0.724905 0.000572864
          16   -0.724099   -0.724855  0.00053927
          17    -0.72435   -0.724825 0.000508364
          18   -0.724176   -0.724789 0.000481399
          19   -0.726026   -0.724854 0.000460444
          20   -0.726728   -0.724948 0.000446856
          21   -0.725081   -0.724954 0.000425622
          22   -0.724869    -0.72495 0.000406293
          23   -0.729062   -0.725129 0.000426143
          24   -0.722422   -0.725016 0.000423054
          25   -0.725147   -0.725022 0.000406165
          26    -0.72439   -0.724997 0.000391268
          27   -0.727691   -0.725097 0.000389292
          28   -0.728538    -0.72522 0.000394305
          29   -0.719406   -0.725019  0.00042866
          30   -0.725311   -0.725029 0.000414481
          31   -0.725649   -0.725049 0.000401593
          32   -0.726211   -0.725085 0.000390682
          33   -0.726819   -0.725138 0.000382359
          34   -0.726401   -0.725175 0.000372914
          35   -0.720949   -0.725054 0.000381303
          36   -0.725552   -0.725068 0.000370962
          37   -0.726406   -0.725104 0.000362693
          38   -0.729503    -0.72522 0.000371159
          39   -0.722298   -0.725145 0.000369125
          40   -0.730259   -0.725273 0.000381398
          41   -0.726176   -0.725295 0.000372731
          42   -0.726801   -0.725331 0.000365576
          43   -0.721458   -0.725241 0.000368005
          44   -0.726885   -0.725278 0.000361534
          45   -0.721989   -0.725205 0.000360814
          46   -0.720418   -0.725101  0.00036767
          47   -0.724523   -0.725089 0.000360053
          48   -0.726665   -0.725122 0.000354046
          49   -0.727091   -0.725162 0.000349094
          50   -0.723423   -0.725127 0.000343841
           1   -0.686447   -0.686447           0
           2   -0.687517   -0.686982 0.000378406
           3   -0.687804   -0.687256 0.000337302
           4   -0.688466   -0.687558 0.000364153
           5   -0.685277   -0.687102 0.000501404
           6   -0.685055   -0.686761 0.000521186
           7   -0.683983   -0.686364 0.000578435
           8   -0.688389   -0.686617 0.000558766
           9   -0.686327   -0.686585 0.000497613
          10   -0.683629   -0.686289 0.000528395
          11   -0.686759   -0.686332 0.000482083
          12   -0.687939   -0.686466  0.00046014
          13   -0.683633   -0.686248 0.000473538
          14   -0.683972   -0.686085 0.000466798
          15   -0.683745   -0.685929 0.000461008
          16   -0.684989   -0.685871 0.000435927
          17   -0.685797   -0.685866 0.000410305
          18   -0.686789   -0.685918 0.000390702
          19   -0.686415   -0.685944 0.000371014
          20   -0.686784   -0.685986 0.000354834
          21   -0.687737   -0.686069 0.000347595
          22   -0.686968    -0.68611 0.000334188
          23   -0.685466   -0.686082 0.000320828
          24    -0.68494   -0.686034 0.000310968
          25   -0.684951   -0.685991 0.000301535
          26    -0.68625   -0.686001 0.000290102
          27    -0.68682   -0.686031 0.000280939
          28   -0.684689   -0.685983 0.000274967
          29   -0.683999   -0.685915 0.000273872
          30   -0.685503   -0.685901 0.000265088
          31   -0.686278   -0.685913 0.000256815
          32   -0.685834   -0.685911 0.000248801
          33    -0.68755   -0.685961 0.000246171
          34   -0.688801   -0.686044 0.000252706
          35    -0.68127   -0.685908 0.000279884
          36   -0.684736   -0.685875 0.000273997
          37   -0.686538   -0.685893 0.000267176
          38   -0.691295   -0.686035 0.000295556
          39   -0.683875    -0.68598 0.000293122
          40   -0.689076   -0.686057 0.000295835
          41   -0.688743   -0.686123 0.000295782
          42   -0.687025   -0.686144 0.000289519
          43   -0.681054   -0.686026 0.000306033
          44   -0.685743   -0.686019 0.000299145
          45   -0.683343    -0.68596 0.000298349
          46   -0.684397   -0.685926 0.000293791
          47   -0.686278   -0.685934 0.000287636
          48   -0.686886   -0.685953 0.000282326
          49   -0.686962   -0.685974 0.000277313
          50   -0.686314   -0.685981 0.000271851
           1   -0.651196   -0.651196           0
           2   -0.649394   -0.650295 0.000637009
           3   -0.650525   -0.650372 0.000429282
           4   -0.651845    -0.65074 0.000453219
           5   -0.650244   -0.650641 0.000373266
           6   -0.647698    -0.65015 0.000545194
           7   -0.646589   -0.649641 0.000663496
           8   -0.649779   -0.649659 0.000580781
           9     -0.6512    -0.64983 0.000540927
          10   -0.649565   -0.649803 0.000487481
          11    -0.65048   -0.649865 0.000447033
          12   -0.650827   -0.649945 0.000416911
          13   -0.644556   -0.649531  0.00055384
          14   -0.648278   -0.649441 0.000521457
          15   -0.645366   -0.649169 0.000552968
          16   -0.651475   -0.649314 0.000536856
          17   -0.646833   -0.649168 0.000524732
          18   -0.650552   -0.649245 0.000501185
          19   -0.651316   -0.649354 0.000486519
          20   -0.650704   -0.649421 0.000466857
          21   -0.651219   -0.649507 0.000452407
          22   -0.650229    -0.64954 0.000433032
          23   -0.646138   -0.649392 0.000438731
          24   -0.645729   -0.649239 0.000446201
          25   -0.647686   -0.649177 0.000432658
          26   -0.651654   -0.649272 0.000426378
          27   -0.651576   -0.649358 0.000419036
          28    -0.64981   -0.649374 0.000404382
          29   -0.650216   -0.649403 0.000391479
          30   -0.647967   -0.649355 0.000381342
          31   -0.650189   -0.649382 0.000369989
          32   -0.649611   -0.649389 0.000358496
          33   -0.651331   -0.649448 0.000352429
          34   -0.651132   -0.649497 0.000345527
          35   -0.643147   -0.649316 0.000380326
          36   -0.649976   -0.649334 0.000370203
          37    -0.64877   -0.649319 0.000360512
          38   -0.650902   -0.649361 0.000353424
          39   -0.646035   -0.649275 0.000354501
          40   -0.653096   -0.649371 0.000358277
          41   -0.649953   -0.649385  0.00034982
          42   -0.650613   -0.649414  0.00034271
          43   -0.645698   -0.649328 0.000345469
          44   -0.649104   -0.649323 0.000337655
          45   -0.648532   -0.649305 0.000330608
          46   -0.648873   -0.649296 0.000323554
          47   -0.648937   -0.649288  0.00031676
          48   -0.648384   -0.649269 0.000310721
          49   -0.649126   -0.649266 0.000304394
          50   -0.649987   -0.649281 0.000298646
           1   -0.614685   -0.614685           0
           2   -0.614316     -0.6145 0.000130541
           3   -0.615889   -0.614963 0.000387753
           4   -0.617327   -0.615554   0.0005887
           5   -0.616295   -0.615702 0.000489252
           6   -0.614467   -0.615496 0.000448909
           7     -0.6152   -0.615454 0.000386775
           8   -0.616888   -0.615633 0.000377676
           9   -0.614878   -0.615549 0.000344911
          10   -0.614711   -0.615465 0.000320451
          11    -0.61646   -0.615556 0.000303813
          12   -0.615683   -0.615567 0.000278681
          13   -0.612731   -0.615348 0.000331817
          14    -0.61482   -0.615311 0.000310256
          15   -0.612732   -0.615139 0.000333805
          16   -0.617779   -0.615304 0.000351365
          17   -0.615094   -0.615291 0.000330913
          18   -0.618431   -0.615466 0.000355549
          19   -0.617188   -0.615556 0.000348195
          20   -0.615106   -0.615534 0.000331513
          21   -0.616656   -0.615587 0.000320007
          22   -0.614045   -0.615517 0.000313049
          23   -0.612481   -0.615385 0.000326079
          24   -0.613381   -0.615302 0.000323004
          25    -0.61361   -0.615234 0.000317093
          26   -0.618482   -0.615359 0.000328579
          27    -0.61667   -0.615408 0.000319976
          28   -0.614429   -0.615373 0.000310453
          29   -0.615505   -0.615377 0.000299781
          30   -0.615086   -0.615367 0.000289945
          31   -0.614411   -0.615337 0.000282229
          32   -0.616365   -0.615369 0.000275233
          33   -0.616438   -0.615401 0.000268795
          34   -0.615322   -0.615399 0.000260899
          35   -0.607683   -0.615178  0.00033383
          36   -0.616755   -0.615222 0.000327417
          37    -0.61449   -0.615202 0.000319165
          38   -0.617788    -0.61527 0.000317935
          39   -0.614465    -0.61525 0.000310452
          40   -0.618522   -0.615332 0.000313282
          41   -0.613419   -0.615285 0.000309096
          42   -0.616213   -0.615307 0.000302525
          43   -0.613538   -0.615266 0.000298274
          44   -0.618573   -0.615341 0.000300818
          45   -0.613311   -0.615296 0.000297495
          46   -0.614946   -0.615288 0.000291125
          47   -0.615495   -0.615293 0.000284964
          48   -0.614867   -0.615284 0.000279165
          49   -0.615618   -0.615291 0.000273551
          50   -0.618077   -0.615346 0.000273699
           1   -0.586153   -0.586153           0
           2   -0.584625   -0.585389 0.000540032
           3   -0.584345   -0.585041 0.000458629
           4   -0.584823   -0.584986 0.000347195
           5   -0.585573   -0.585104 0.000296907
           6   -0.582716   -0.584706 0.000439585
           7   -0.583075   -0.584473 0.000434166
           8   -0.585876   -0.584648 0.000413823
           9   -0.584933    -0.58468 0.000369046
          10   -0.584497   -0.584662 0.000332592
          11   -0.583308   -0.584538 0.000324335
          12   -0.583185   -0.584426 0.000316306
          13   -0.583866   -0.584383 0.000294895
          14   -0.583122   -0.584293  0.00028724
          15   -0.582233   -0.584155 0.000299124
          16   -0.584629   -0.584185 0.000281887
          17   -0.584235   -0.584188 0.000265321
          18   -0.588129   -0.584407 0.000328724
          19   -0.584899   -0.584433 0.000312443
          20   -0.583764   -0.584399 0.000298602
          21   -0.585142   -0.584435  0.00028647
          22   -0.582061   -0.584327 0.000293065
          23   -0.581558   -0.584206 0.000304046
          24   -0.581048   -0.584075 0.000318592
          25   -0.582708    -0.58402 0.000310506
          26   -0.586167   -0.584103 0.000309348
          27    -0.58707   -0.584213 0.000316815
          28   -0.583473   -0.584186   0.0003066
          29   -0.584221   -0.584187  0.00029603
          30   -0.585678   -0.584237 0.000290304
          31   -0.583483   -0.584213 0.000281957
          32   -0.584409   -0.584219 0.000273212
          33   -0.585037   -0.584244 0.000266057
          34   -0.585998   -0.584295  0.00026319
          35   -0.577218   -0.584093 0.000324175
          36   -0.585624   -0.584136 0.000317947
          37   -0.585104   -0.584162 0.000310429
          38   -0.588153   -0.584267 0.000319537
          39   -0.583346   -0.584243 0.000312215
          40   -0.586149   -0.584291 0.000308025
          41   -0.583948   -0.584282 0.000300626
          42     -0.5841   -0.584278 0.000293499
          43   -0.583079    -0.58425 0.000287994
          44   -0.586279   -0.584296 0.000285116
          45   -0.584597   -0.584303 0.000278858
          46    -0.58679   -0.584357 0.000277986
          47   -0.583753   -0.584344 0.000272369
          48   -0.582777   -0.584312 0.000268644
          49   -0.583898   -0.584303 0.000263294
          50   -0.588102   -0.584379 0.000268767
           1   -0.556764   -0.556764           0
           2   -0.557774   -0.557269 0.000357315
           3   -0.555763   -0.556767 0.000473946
           4   -0.557054   -0.556839 0.000360832
           5   -0.560344    -0.55754  0.00069027
           6   -0.553695   -0.556899 0.000820426
           7   -0.552929   -0.556332 0.000877654
           8   -0.556917   -0.556405 0.000770994
           9   -0.556416   -0.556406 0.000685329
          10   -0.556529   -0.556418 0.000616906
          11    -0.55529   -0.556316 0.000569296
          12    -0.55481    -0.55619 0.000535508
          13   -0.556492   -0.556214 0.000494819
          14   -0.555186    -0.55614 0.000464886
          15   -0.552566   -0.555902  0.00049119
          16   -0.555336   -0.555866 0.000461762
          17   -0.555627   -0.555852 0.000434814
          18   -0.557694   -0.555955 0.000422519
          19    -0.55547   -0.555929 0.000401051
          20   -0.556551    -0.55596   0.0003822
          21   -0.557318   -0.556025 0.000369425
          22   -0.555947   -0.556021  0.00035265
          23   -0.553837   -0.555926 0.000349877
          24   -0.552698   -0.555792 0.000360234
          25   -0.555816   -0.555793 0.000345826
          26    -0.55799   -0.555877 0.000342691
          27   -0.557735   -0.555946 0.000336831
          28   -0.555008   -0.555913 0.000326465
          29   -0.556458   -0.555931 0.000315749
          30   -0.558098   -0.556004 0.000313377
          31   -0.554496   -0.555955 0.000307019
          32   -0.555782    -0.55595 0.000297472
          33   -0.557094   -0.555984 0.000290472
          34   -0.556732   -0.556006  0.00028276
          35   -0.549779   -0.555828 0.000325889
          36   -0.557166   -0.555865 0.000318949
          37   -0.557055   -0.555898 0.000311945
          38   -0.560863   -0.556028 0.000329974
          39   -0.554067   -0.555978 0.000325323
          40   -0.558173   -0.556033 0.000321786
          41   -0.555823   -0.556028 0.000313978
          42   -0.555069   -0.556005 0.000307332
          43   -0.556134   -0.556008 0.000300199
          44    -0.55725   -0.556036   0.0002947
          45   -0.557922   -0.556078 0.000291116
          46   -0.557372   -0.556106 0.000286143
          47   -0.556077   -0.556106 0.000280056
          48   -0.553636   -0.556054 0.000278908
          49   -0.557883   -0.556091 0.000275702
          50   -0.558669   -0.556143 0.000274964
           1   -0.530111   -0.530111           0
           2   -0.531608    -0.53086 0.000529218
           3   -0.528138   -0.529952 0.000820595
           4   -0.531111   -0.530242 0.000664621
           5   -0.532878   -0.530769 0.000710602
           6   -0.528879   -0.530454 0.000658277
           7   -0.527049   -0.529968  0.00072196
           8   -0.530524   -0.530037 0.000635055
           9   -0.530334    -0.53007 0.000565351
          10   -0.529781   -0.530041 0.000509555
          11   -0.528641   -0.529914 0.000478864
          12    -0.52889   -0.529829   0.0004465
          13   -0.529563   -0.529808  0.00041262
          14   -0.530112    -0.52983 0.000383716
          15    -0.52575   -0.529558 0.000444213
          16   -0.528598   -0.529498 0.000420484
          17   -0.529656   -0.529507 0.000395852
          18   -0.530907   -0.529585 0.000381424
          19   -0.529732   -0.529593 0.000361427
          20   -0.530468   -0.529637 0.000345997
          21   -0.530627   -0.529684 0.000332721
          22   -0.527701   -0.529594 0.000329579
          23   -0.527647   -0.529509 0.000325937
          24    -0.52839   -0.529462 0.000315674
          25   -0.529928   -0.529481 0.000303597
          26   -0.531337   -0.529552   0.0003002
          27   -0.531427   -0.529622 0.000296999
          28   -0.530188   -0.529642  0.00028708
          29   -0.529504   -0.529637  0.00027722
          30   -0.530774   -0.529675 0.000270558
          31   -0.527825   -0.529615 0.000268331
          32   -0.530012   -0.529628 0.000260232
          33   -0.530793   -0.529663 0.000254729
          34   -0.530411   -0.529685 0.000248183
          35   -0.524275   -0.529531 0.000285189
          36   -0.530195   -0.529549 0.000277864
          37   -0.532303   -0.529623 0.000280144
          38   -0.533505   -0.529726 0.000290795
          39   -0.527815   -0.529677 0.000287434
          40   -0.531481   -0.529722 0.000283764
          41   -0.528333   -0.529688 0.000278856
          42   -0.528048   -0.529649 0.000274938
          43   -0.528404    -0.52962 0.000270064
          44   -0.531347   -0.529659 0.000266765
          45   -0.532309   -0.529718 0.000267255
          46   -0.530459   -0.529734 0.000261931
          47     -0.5322   -0.529787 0.000261561
          48   -0.526408   -0.529716 0.000265416
          49    -0.53076   -0.529737 0.000260853
          50   -0.531394   -0.529771  0.00025773
           1   -0.507101   -0.507101           0
           2   -0.506821   -0.506961 9.88818e-05
           3    -0.50488   -0.506267 0.000570247
           4   -0.506325   -0.506282  0.00042787
           5   -0.508344   -0.506694 0.000503276
           6    -0.50439    -0.50631 0.000546581
           7    -0.50432   -0.506026 0.000537384
           8   -0.504487   -0.505833 0.000503463
           9   -0.506657   -0.505925 0.000455761
          10   -0.506375    -0.50597 0.000412401
          11   -0.503332    -0.50573 0.000439116
          12   -0.504938   -0.505664 0.000407458
          13   -0.506152   -0.505702  0.00037784
          14    -0.50759   -0.505836 0.000374149
          15   -0.501324   -0.505536 0.000454317
          16   -0.504435   -0.505467 0.000431101
          17    -0.50411   -0.505387 0.000413061
          18   -0.507247    -0.50549 0.000402825
          19   -0.505374   -0.505484  0.00038167
          20   -0.506742   -0.505547 0.000367734
          21   -0.506565   -0.505596 0.000353399
          22   -0.503326   -0.505492 0.000352073
          23   -0.503916   -0.505424 0.000343369
          24   -0.503633   -0.505349 0.000337075
          25   -0.504305   -0.505307 0.000326171
          26   -0.506124   -0.505339 0.000315133
          27   -0.506072   -0.505366 0.000304628
          28   -0.505089   -0.505356 0.000293909
          29   -0.505447   -0.505359 0.000283791
          30   -0.507457   -0.505429 0.000282812
          31   -0.503443   -0.505365 0.000280854
          32   -0.505489   -0.505369 0.000272104
          33   -0.506285   -0.505397  0.00026527
          34   -0.506136   -0.505418 0.000258356
          35   -0.501773   -0.505314 0.000271161
          36   -0.505058   -0.505307 0.000263722
          37   -0.507044   -0.505354  0.00026074
          38   -0.507651   -0.505415 0.000260788
          39   -0.503561   -0.505367 0.000258398
          40   -0.506019   -0.505383 0.000252451
          41   -0.504374   -0.505359 0.000247491
          42    -0.50523   -0.505356 0.000241617
          43   -0.505759   -0.505365  0.00023618
          44   -0.505413   -0.505366 0.000230815
          45   -0.506704   -0.505396 0.000227592
          46   -0.505438   -0.505397 0.000222646
          47   -0.507257   -0.505436 0.000221398
          48   -0.501523   -0.505355 0.000231313
          49    -0.50608    -0.50537 0.000227065
          50   -0.507974   -0.505422  0.00022842
           1   -0.485313   -0.485313           0
           2   -0.484294   -0.484804 0.000360181
           3   -0.482406   -0.484005 0.000695345
           4   -0.483411   -0.483856 0.000537134
           5   -0.485743   -0.484234  0.00054647
           6   -0.481745   -0.483819  0.00059218
           7   -0.483165   -0.483725 0.000514898
           8   -0.482414   -0.483561 0.000475928
           9     -0.4838   -0.483588 0.000423784
          10   -0.483705     -0.4836 0.000381569
          11    -0.48245   -0.483495  0.00036091
          12   -0.483421   -0.483489 0.000330887
          13   -0.484324   -0.483553  0.00031161
          14   -0.484966   -0.483654 0.000305256
          15   -0.479885   -0.483403 0.000374285
          16   -0.480934   -0.483249 0.000381376
          17   -0.482272   -0.483191 0.000363241
          18   -0.486757   -0.483389 0.000393388
          19   -0.484465   -0.483446 0.000376735
          20   -0.483885   -0.483468 0.000358536
          21   -0.484813   -0.483532 0.000347135
          22   -0.482365   -0.483479 0.000335387
          23   -0.481844   -0.483408 0.000328253
          24   -0.482779   -0.483382 0.000315618
          25   -0.481429   -0.483303 0.000312507
          26    -0.48345   -0.483309 0.000300539
          27    -0.48603    -0.48341 0.000305839
          28   -0.483156   -0.483401 0.000295051
          29   -0.483348   -0.483399 0.000284882
          30   -0.485874   -0.483482 0.000287087
          31   -0.481798   -0.483427 0.000282919
          32   -0.483108   -0.483417 0.000274253
          33   -0.485008   -0.483465 0.000270143
          34   -0.484277   -0.483489  0.00026325
          35   -0.480234   -0.483396 0.000271661
          36   -0.482972   -0.483384  0.00026437
          37   -0.483816   -0.483396 0.000257482
          38   -0.485759   -0.483458 0.000258108
          39   -0.480698   -0.483388 0.000261016
          40   -0.483313   -0.483386 0.000254497
          41   -0.484363    -0.48341 0.000249404
          42   -0.484069   -0.483425  0.00024396
          43   -0.482581   -0.483406 0.000239076
          44   -0.482335   -0.483381 0.000234878
          45   -0.485155   -0.483421 0.000232944
          46   -0.483493   -0.483422 0.000227885
          47   -0.484052   -0.483436  0.00022343
          48   -0.481136   -0.483388 0.000223851
          49   -0.482715   -0.483374 0.000219703
          50   -0.484478   -0.483396 0.000216416
           1    -0.46528    -0.46528           0
           2   -0.463396   -0.464338 0.000665915
           3   -0.463136   -0.463937 0.000551484
           4   -0.463913   -0.463931 0.000413646
           5   -0.464981   -0.464141 0.000380451
           6   -0.461211   -0.463653 0.000547003
           7   -0.463273   -0.463598 0.000471549
           8   -0.461487   -0.463335 0.000480818
           9   -0.463221   -0.463322 0.000427559
          10   -0.463547   -0.463344 0.000385393
          11   -0.462348   -0.463254 0.000360851
          12    -0.46322   -0.463251 0.000330791
          13   -0.463331   -0.463257 0.000305403
          14   -0.464366   -0.463336 0.000293685
          15   -0.459792     -0.4631 0.000356711
          16   -0.461119   -0.462976 0.000355265
          17   -0.462309   -0.462937 0.000336529
          18    -0.46585   -0.463099 0.000354624
          19   -0.464097   -0.463151 0.000339829
          20   -0.464934   -0.463241 0.000334319
          21   -0.465628   -0.463354 0.000337172
          22   -0.461829   -0.463285 0.000328892
          23   -0.461677   -0.463215 0.000321935
          24   -0.461813   -0.463157 0.000313776
          25   -0.461598   -0.463094 0.000307354
          26   -0.462891   -0.463086 0.000295632
          27    -0.46556   -0.463178 0.000298544
          28   -0.463009   -0.463172 0.000287943
          29   -0.461346   -0.463109 0.000284813
          30   -0.463078   -0.463108 0.000275321
          31   -0.462352   -0.463084 0.000267518
          32   -0.462911   -0.463078 0.000259213
          33    -0.46451   -0.463122 0.000254963
          34   -0.463915   -0.463145  0.00024853
          35   -0.460395   -0.463066 0.000253546
          36   -0.461627   -0.463026 0.000249637
          37   -0.463829   -0.463048 0.000243832
          38   -0.465967   -0.463125 0.000249218
          39   -0.457908   -0.462991 0.000276411
          40   -0.461628   -0.462957 0.000271593
          41   -0.463749   -0.462976 0.000265654
          42   -0.463527   -0.462989 0.000259652
          43   -0.462242   -0.462972 0.000254195
          44   -0.461928   -0.462948 0.000249523
          45    -0.46484    -0.46299 0.000247493
          46   -0.462808   -0.462986 0.000242145
          47   -0.464809   -0.463025 0.000240077
          48   -0.460165   -0.462966 0.000242355
          49   -0.461678   -0.462939  0.00023883
          50   -0.464257   -0.462966 0.000235503
