           1   0.0478711   0.0478711           0
           2   0.0696242   0.0587477  0.00769086
           3   0.0410055   0.0528336  0.00704314
           4   0.0792592     0.05944  0.00778695
           5   0.0845369   0.0644594  0.00767872
           6   0.0606663   0.0638272  0.00642491
           7   0.0718229   0.0649695  0.00560768
           8   0.0412686   0.0620068  0.00563523
           9    0.060394   0.0618276  0.00501194
          10   0.0836299   0.0640079  0.00496235
          11     0.06114   0.0637471  0.00451807
          12   0.0471014     0.06236  0.00434929
          13   0.0734366    0.063212  0.00409734
          14   0.0601204   0.0629912  0.00381062
          15   0.0662626   0.0632093  0.00356282
          16   0.0710627   0.0637001  0.00337378
          17   0.0539955   0.0631293  0.00322326
          18   0.0684729   0.0634262  0.00305783
          19   0.0473806   0.0625816  0.00301125
          20   0.0469979   0.0618025  0.00295978
          21   0.0652543   0.0619668   0.0028234
          22   0.0632108   0.0620234  0.00269563
          23   0.0474002   0.0613876  0.00265235
          24   0.0553267   0.0611351  0.00255383
          25    0.114005   0.0632499  0.00321002
          26   0.0567103   0.0629983  0.00309639
          27    0.062797   0.0629909  0.00298172
          28   0.0552702   0.0627151  0.00288795
          29   0.0910945   0.0636937  0.00294951
          30   0.0633898   0.0636836  0.00285121
          31    0.131116   0.0658589  0.00349177
          32   0.0763422   0.0661865  0.00339799
          33   0.0620666   0.0660616  0.00329731
          34   0.0595692   0.0658707  0.00320585
          35    0.069879   0.0659852   0.0031163
          36   0.0749052    0.066233  0.00303957
          37   0.0390722   0.0654989  0.00304478
          38   0.0344965    0.064683  0.00307201
          39    0.088455   0.0652926  0.00305311
          40   0.0889579   0.0658842  0.00303357
          41   0.0291489   0.0649882  0.00308906
          42   0.0576796   0.0648142  0.00302041
          43   0.0884932   0.0653649  0.00299995
          44   0.0523937   0.0650701  0.00294622
          45   0.0460402   0.0646472  0.00291094
          46   0.0427988   0.0641722  0.00288614
          47   0.0865249   0.0646478  0.00286365
          48   0.0427461   0.0641915  0.00284011
          49   0.0840097    0.064596   0.0028108
          50   0.0400563   0.0641052  0.00279711
           1    0.141057    0.141057           0
           2    0.134474    0.137766  0.00232735
           3    0.149053    0.141528  0.00344168
           4     0.14275    0.141834  0.00259478
           5    0.162712    0.146009  0.00427294
           6    0.134272    0.144053   0.0039835
           7    0.147424    0.144535  0.00344341
           8    0.118494    0.141279  0.00428356
           9    0.121313    0.139061  0.00434426
          10    0.154546     0.14061  0.00417672
          11    0.159292    0.142308  0.00412791
          12    0.136413    0.141817  0.00381304
          13    0.157703    0.143039  0.00371039
          14    0.131984    0.142249  0.00352838
          15     0.14236    0.142257  0.00329316
          16    0.155707    0.143097  0.00319284
          17    0.169721    0.144663  0.00336727
          18    0.110616    0.142772  0.00367325
          19    0.121655     0.14166  0.00364419
          20    0.123159    0.140735  0.00357747
          21    0.146137    0.140993  0.00341635
          22    0.136491    0.140788  0.00326718
          23    0.133579    0.140474  0.00314013
          24    0.136226    0.140297  0.00301428
          25    0.142888    0.140401  0.00289549
          26    0.109732    0.139221  0.00301483
          27    0.120105    0.138513  0.00298514
          28    0.132937    0.138314  0.00288517
          29    0.149942    0.138715   0.0028134
          30    0.114952    0.137923  0.00282893
          31    0.161753    0.138692   0.0028402
          32    0.161063    0.139391  0.00283617
          33    0.125282    0.138963  0.00278227
          34    0.110893    0.138138  0.00282027
          35     0.13244    0.137975  0.00274438
          36    0.158599    0.138548  0.00272729
          37    0.130409    0.138328  0.00266243
          38    0.112254    0.137642  0.00267933
          39    0.134533    0.137562  0.00261181
          40    0.141201    0.137653   0.0025481
          41    0.129616    0.137457  0.00249348
          42    0.120277    0.137048  0.00246743
          43    0.148552    0.137316  0.00242451
          44    0.123771    0.137008  0.00238887
          45    0.135016    0.136963   0.0023362
          46     0.14162    0.137065   0.0022876
          47    0.147016    0.137276  0.00224871
          48    0.113994    0.136791  0.00225357
          49    0.128947    0.136631  0.00221325
          50    0.134832    0.136595  0.00216928
           1      0.1939      0.1939           0
           2    0.198578    0.196239  0.00165397
           3    0.189326    0.193935  0.00218069
           4    0.203348    0.196288  0.00261318
           5    0.201347      0.1973  0.00227804
           6    0.190163     0.19611    0.002187
           7    0.182743    0.194201  0.00257678
           8    0.201273    0.195085  0.00240155
           9    0.200481    0.195684   0.0022083
          10    0.204029    0.196519  0.00213933
          11    0.200856    0.196913  0.00198085
          12    0.201398    0.197287  0.00185071
          13      0.1895    0.196688  0.00180267
          14    0.195005    0.196568  0.00167791
          15    0.186878    0.195922  0.00168581
          16     0.19576    0.195912  0.00158048
          17    0.189406    0.195529  0.00153314
          18    0.189837    0.195213  0.00148023
          19       0.197    0.195307   0.0014053
          20    0.196265    0.195355  0.00133585
          21    0.197129    0.195439  0.00127491
          22     0.19182    0.195275  0.00122753
          23    0.195882    0.195301  0.00117444
          24    0.198594    0.195438  0.00113349
          25    0.195361    0.195435  0.00108816
          26    0.182036     0.19492  0.00116195
          27    0.189718    0.194727  0.00113478
          28    0.208526     0.19522  0.00119648
          29    0.178735    0.194652  0.00128318
          30    0.200431    0.194844  0.00125478
          31      0.1998    0.195004  0.00122445
          32    0.205306    0.195326  0.00122778
          33    0.190199    0.195171  0.00120037
          34    0.188794    0.194983  0.00117962
          35    0.207038    0.195327  0.00119514
          36    0.204152    0.195573  0.00118682
          37    0.181238    0.195185  0.00121633
          38     0.18096    0.194811  0.00124059
          39     0.20214    0.194999  0.00122293
          40    0.190812    0.194894  0.00119683
          41     0.17885    0.194503  0.00122995
          42    0.180484    0.194169  0.00124513
          43    0.192597    0.194132  0.00121671
          44    0.178055    0.193767  0.00124272
          45     0.19202    0.193728  0.00121571
          46    0.211268    0.194109  0.00124765
          47    0.187062     0.19396  0.00123008
          48    0.179372    0.193656  0.00124143
          49    0.185611    0.193491   0.0012269
          50    0.196054    0.193543  0.00120343
           1    0.211104    0.211104           0
           2    0.216413    0.213758  0.00187701
           3    0.208894    0.212137  0.00182165
           4    0.217418    0.213457  0.00178157
           5    0.215935    0.213953  0.00149259
           6    0.206557     0.21272  0.00167732
           7     0.20881    0.212162  0.00152788
           8    0.216716    0.212731  0.00143907
           9    0.219682    0.213503  0.00147189
          10    0.214171     0.21357  0.00132622
          11    0.219031    0.214067  0.00129524
          12    0.220145    0.214573  0.00128254
          13    0.214779    0.214589  0.00118398
          14     0.21727     0.21478  0.00111479
          15     0.21045    0.214492   0.0010772
          16    0.210178    0.214222  0.00104307
          17    0.211516    0.214063 0.000993792
          18    0.214653    0.214096 0.000939122
          19    0.215214    0.214155 0.000891536
          20    0.208353    0.213864 0.000892907
          21    0.218274    0.214074 0.000874726
          22    0.213246    0.214037 0.000835775
          23      0.2096    0.213844 0.000821392
          24    0.216032    0.213935 0.000792212
          25    0.224149    0.214344 0.000859448
          26     0.20771    0.214088 0.000863438
          27    0.209713    0.213926 0.000846529
          28    0.211449    0.213838 0.000820908
          29    0.216364    0.213925 0.000797207
          30    0.216635    0.214015 0.000775734
          31    0.221272    0.214249 0.000785235
          32    0.216478    0.214319 0.000763779
          33    0.209444    0.214171 0.000754783
          34    0.213067    0.214139 0.000733283
          35    0.220791    0.214329 0.000736552
          36    0.217637    0.214421 0.000721801
          37    0.210147    0.214305 0.000711478
          38    0.200456    0.213941 0.000780536
          39    0.215134    0.213971 0.000761121
          40    0.217962    0.214071 0.000748604
          41    0.212038    0.214022 0.000731986
          42    0.212803    0.213993 0.000715133
          43    0.206372    0.213815 0.000720125
          44    0.205381    0.213624 0.000728824
          45    0.217713    0.213715 0.000718271
          46    0.219442    0.213839 0.000713368
          47    0.216214     0.21389 0.000699978
          48     0.20469    0.213698 0.000711149
          49    0.210662    0.213636  0.00069933
          50    0.215545    0.213674 0.000686385
           1    0.218018    0.218018           0
           2    0.214581      0.2163  0.00121518
           3      0.2183    0.216966 0.000976079
           4    0.214704    0.216401 0.000880762
           5    0.215762    0.216273 0.000713825
           6    0.212895     0.21571 0.000786169
           7    0.219549    0.216259 0.000843768
           8    0.218919    0.216591 0.000801141
           9    0.219775    0.216945 0.000786367
          10    0.216625    0.216913 0.000708379
          11    0.218427     0.21705 0.000657212
          12    0.221477    0.217419 0.000698334
          13    0.215344     0.21726 0.000662605
          14    0.216801    0.217227 0.000616086
          15    0.215918     0.21714 0.000581161
          16    0.214307    0.216963 0.000571175
          17    0.217497    0.216994 0.000538441
          18    0.215905    0.216934 0.000511916
          19    0.214716    0.216817 0.000498105
          20    0.214649    0.216708 0.000484851
          21    0.218084    0.216774 0.000466167
          22    0.214143    0.216654 0.000460057
          23    0.211047    0.216411  0.00050051
          24     0.21485    0.216346 0.000483859
          25    0.215922    0.216329 0.000464802
          26    0.215436    0.216294  0.00044819
          27    0.212275    0.216145 0.000455645
          28    0.215865    0.216135 0.000439482
          29    0.218312     0.21621 0.000430691
          30    0.215998    0.216203 0.000416393
          31    0.218826    0.216288 0.000411466
          32     0.21472    0.216239 0.000401514
          33    0.212932    0.216139  0.00040166
          34    0.218569     0.21621 0.000396156
          35    0.219125    0.216294 0.000393496
          36    0.217232     0.21632 0.000383427
          37    0.214184    0.216262 0.000377384
          38    0.212075    0.216152 0.000383199
          39    0.220022    0.216251 0.000386011
          40    0.218036    0.216296 0.000378931
          41    0.219341     0.21637 0.000376899
          42    0.215481    0.216349 0.000368518
          43    0.215957     0.21634  0.00036006
          44     0.21328     0.21627  0.00035853
          45    0.216305    0.216271 0.000350563
          46    0.219141    0.216333  0.00034845
          47     0.21838    0.216377 0.000343747
          48    0.214822    0.216344 0.000338107
          49    0.213741    0.216291 0.000335357
          50    0.218076    0.216327 0.000330544
           1    0.209498    0.209498           0
           2    0.210205    0.209851 0.000250022
           3    0.209307     0.20967 0.000222971
           4    0.208404    0.209354 0.000321027
           5    0.208415    0.209166 0.000306858
           6    0.210046    0.209313  0.00028869
           7    0.211992    0.209695  0.00043226
           8    0.208918    0.209598 0.000389002
           9    0.209579    0.209596 0.000345785
          10    0.211278    0.209764 0.000349713
          11    0.210671    0.209847 0.000327487
          12    0.212945    0.210105  0.00038889
          13    0.210414    0.210129 0.000359703
          14    0.208927    0.210043 0.000344103
          15    0.212021    0.210175 0.000345505
          16    0.209188    0.210113  0.00032937
          17    0.209933    0.210102 0.000310165
          18    0.208467    0.210012 0.000305944
          19    0.209782    0.209999 0.000290081
          20    0.209237    0.209961 0.000278071
          21     0.21102    0.210012 0.000269361
          22    0.208194    0.209929 0.000269494
          23    0.207448    0.209821 0.000278525
          24    0.210634    0.209855 0.000268971
          25    0.210259    0.209871 0.000258697
          26    0.210839    0.209908 0.000251409
          27     0.20842    0.209853 0.000248065
          28     0.20797    0.209786 0.000248157
          29    0.214045    0.209933 0.000279695
          30    0.209786    0.209928 0.000270415
          31    0.209866    0.209926 0.000261699
          32    0.208603    0.209885 0.000256767
          33    0.208198    0.209834  0.00025402
          34    0.209064    0.209811 0.000247556
          35    0.212819    0.209897 0.000254963
          36    0.210606    0.209917 0.000248641
          37    0.207907    0.209862 0.000247782
          38    0.205452    0.209746 0.000267062
          39    0.211524    0.209792 0.000264074
          40    0.207143    0.209726 0.000265646
          41    0.210633    0.209748 0.000260087
          42    0.212163    0.209805 0.000260177
          43    0.211178    0.209837 0.000256078
          44    0.206977    0.209772 0.000258376
          45    0.209451    0.209765 0.000252732
          46    0.211905    0.209812 0.000251484
          47     0.20907    0.209796 0.000246628
          48    0.209498     0.20979 0.000241568
          49    0.208667    0.209767 0.000237722
          50    0.210681    0.209785  0.00023367
           1    0.196285    0.196285           0
           2    0.198482    0.197384 0.000776599
           3     0.19851    0.197759 0.000601714
           4    0.197293    0.197643 0.000462427
           5    0.199471    0.198008 0.000493833
           6    0.199009    0.198175 0.000438802
           7    0.200557    0.198515 0.000490571
           8     0.19939    0.198625  0.00044126
           9    0.198086    0.198565 0.000396265
          10    0.199322    0.198641 0.000363808
          11    0.199635    0.198731 0.000341773
          12     0.19929    0.198778 0.000316449
          13    0.200468    0.198908 0.000317708
          14    0.199649    0.198961   0.0002994
          15    0.199806    0.199017 0.000284691
          16    0.199309    0.199035  0.00026748
          17    0.198243    0.198989 0.000255774
          18     0.19967    0.199026 0.000244353
          19    0.198981    0.199024 0.000231504
          20    0.197826    0.198964 0.000227543
          21    0.199178    0.198974 0.000216934
          22    0.199692    0.199007 0.000209509
          23    0.197089    0.198924 0.000216361
          24     0.19992    0.198965 0.000211288
          25    0.198997    0.198966 0.000202841
          26    0.199203    0.198975 0.000195243
          27    0.197556    0.198923 0.000194961
          28    0.196596     0.19884 0.000204952
          29    0.201201    0.198921 0.000213442
          30    0.199297    0.198934 0.000206695
          31    0.197902      0.1989  0.00020269
          32    0.198295    0.198881 0.000197238
          33    0.197244    0.198832 0.000197401
          34    0.199228    0.198844 0.000191939
          35    0.200534    0.198892 0.000192434
          36    0.199557     0.19891 0.000187975
          37    0.197922    0.198884 0.000184782
          38    0.196522    0.198821  0.00019008
          39    0.199893    0.198849  0.00018718
          40    0.197086    0.198805 0.000187615
          41    0.198081    0.198787 0.000183867
          42    0.198452    0.198779 0.000179663
          43    0.200273    0.198814  0.00017881
          44     0.19776     0.19879 0.000176342
          45    0.199477    0.198805 0.000173084
          46    0.199728    0.198825  0.00017048
          47    0.199193    0.198833 0.000167032
          48     0.19956    0.198848 0.000164238
          49    0.196928    0.198809 0.000165497
          50    0.198838     0.19881 0.000162188
           1    0.185259    0.185259           0
           2    0.185338    0.185298 2.79605e-05
           3    0.185407    0.185334 3.50331e-05
           4    0.185217    0.185305 3.66016e-05
           5    0.185859    0.185416 0.000103259
           6     0.18657    0.185608 0.000195533
           7    0.186655    0.185758 0.000217371
           8    0.184951    0.185657 0.000212312
           9    0.185441    0.185633  0.00019007
          10    0.187091    0.185779 0.000220029
          11    0.186142    0.185812 0.000202492
          12    0.185344    0.185773 0.000189331
          13    0.186402    0.185821 0.000180842
          14    0.186362     0.18586 0.000171998
          15    0.186505    0.185903 0.000165827
          16    0.186106    0.185915 0.000155949
          17    0.185994     0.18592 0.000146845
          18    0.185924     0.18592 0.000138687
          19    0.185726     0.18591 0.000131764
          20    0.185637    0.185896  0.00012588
          21      0.1857    0.185887 0.000120231
          22    0.186516    0.185916 0.000118113
          23    0.186161    0.185926 0.000113458
          24    0.186035    0.185931 0.000108821
          25    0.186814    0.185966 0.000110049
          26    0.185996    0.185967 0.000105822
          27    0.185746    0.185959 0.000102221
          28    0.186485    0.185978 0.000100281
          29    0.186891    0.186009 0.000101643
          30    0.186413    0.186023 9.91433e-05
          31    0.184609    0.185977 0.000105921
          32    0.185827    0.185973 0.000102714
          33    0.184732    0.185935  0.00010626
          34    0.185406    0.185919 0.000104267
          35    0.187759    0.185972 0.000113762
          36    0.187214    0.186006 0.000115717
          37    0.185525    0.185993  0.00011332
          38    0.183658    0.185932 0.000125907
          39    0.186847    0.185955 0.000124848
          40     0.18526    0.185938 0.000122933
          41    0.185196     0.18592  0.00012126
          42    0.185437    0.185908 0.000118916
          43    0.186841     0.18593 0.000118112
          44    0.185828    0.185928 0.000115451
          45    0.185939    0.185928 0.000112886
          46    0.185722    0.185924  0.00011052
          47     0.18567    0.185918   0.0001083
          48    0.186671    0.185934 0.000107175
          49    0.184614    0.185907 0.000108318
          50    0.185035    0.185889 0.000107546
           1    0.171531    0.171531           0
           2    0.172606    0.172068 0.000380377
           3    0.172723    0.172287 0.000309956
           4    0.171952    0.172203 0.000243492
           5    0.172292    0.172221 0.000195435
           6    0.173127    0.172372 0.000213347
           7    0.173868    0.172586 0.000269457
           8    0.172327    0.172553 0.000237712
           9    0.171976    0.172489  0.00021978
          10    0.173128    0.172553 0.000206895
          11    0.172567    0.172554  0.00018809
          12    0.172292    0.172532 0.000173676
          13    0.173649    0.172618 0.000180304
          14     0.17274    0.172627 0.000167633
          15    0.173347    0.172675 0.000163182
          16    0.171807    0.172621 0.000161758
          17    0.173259    0.172658 0.000156536
          18     0.17245    0.172647 0.000148265
          19    0.172039    0.172615 0.000143872
          20    0.172486    0.172608 0.000136824
          21    0.172201    0.172589 0.000131673
          22    0.173006    0.172608 0.000127048
          23    0.173566    0.172649 0.000128173
          24    0.173668    0.172692 0.000129665
          25     0.17339     0.17272 0.000127449
          26    0.171767    0.172683 0.000127712
          27    0.171909    0.172654 0.000126161
          28    0.172592    0.172652 0.000121675
          29    0.172505    0.172647 0.000117585
          30    0.173083    0.172662 0.000114559
          31    0.171384     0.17262 0.000118046
          32     0.17257    0.172619 0.000114368
          33    0.171653     0.17259  0.00011459
          34    0.172404    0.172584  0.00011135
          35    0.174718    0.172645 0.000123738
          36    0.172929    0.172653 0.000120552
          37    0.172031    0.172636  0.00011846
          38    0.172001    0.172619 0.000116516
          39    0.174123    0.172658 0.000119734
          40    0.172014    0.172642  0.00011782
          41    0.172709    0.172644 0.000114957
          42    0.171926    0.172626 0.000113484
          43    0.172602    0.172626 0.000110846
          44    0.172465    0.172622 0.000108387
          45    0.172442    0.172618 0.000106052
          46    0.172298    0.172611 0.000103975
          47    0.172426    0.172607 0.000101838
          48    0.173828    0.172633 0.000102842
          49    0.171912    0.172618 0.000101791
          50    0.171468    0.172595  0.00010232
           1    0.159002    0.159002           0
           2    0.159678     0.15934 0.000239009
           3    0.159442    0.159374 0.000161722
           4    0.158699    0.159205 0.000189935
           5    0.159064    0.159177 0.000154021
           6    0.159279    0.159194 0.000129281
           7      0.1597    0.159266 0.000129442
           8    0.159136     0.15925 0.000114281
           9    0.159427    0.159269 0.000103257
          10    0.160141    0.159357  0.00012437
          11    0.159487    0.159368 0.000113631
          12    0.159965    0.159418 0.000114537
          13    0.160261    0.159483 0.000122706
          14    0.159311    0.159471 0.000114558
          15    0.159919    0.159501 0.000110749
          16    0.159006     0.15947 0.000108051
          17    0.159787    0.159488 0.000103297
          18    0.159254    0.159475 9.83787e-05
          19    0.159087    0.159455 9.52985e-05
          20    0.159446    0.159454 9.05346e-05
          21    0.159378    0.159451 8.62963e-05
          22    0.160542      0.1595  9.5574e-05
          23    0.160522    0.159545 0.000101215
          24    0.160058    0.159566 9.92339e-05
          25    0.160141    0.159589 9.78877e-05
          26    0.158942    0.159564  9.7237e-05
          27    0.159763    0.159572 9.39143e-05
          28    0.160101    0.159591 9.24447e-05
          29     0.15978    0.159597 8.94869e-05
          30     0.15984    0.159605 8.68689e-05
          31    0.158999    0.159586  8.6243e-05
          32    0.159598    0.159586 8.35487e-05
          33    0.159476    0.159583  8.1084e-05
          34     0.15967    0.159585 7.87395e-05
          35     0.16133    0.159635 9.09065e-05
          36    0.159846    0.159641   8.857e-05
          37    0.159133    0.159627 8.72318e-05
          38    0.158692    0.159603  8.8337e-05
          39    0.160249    0.159619 8.76152e-05
          40    0.159143    0.159607 8.62292e-05
          41    0.160173    0.159621 8.52245e-05
          42     0.15892    0.159604 8.48123e-05
          43    0.159294    0.159597  8.3146e-05
          44    0.158636    0.159575 8.40752e-05
          45     0.15973    0.159579 8.22774e-05
          46    0.159121    0.159569 8.10874e-05
          47    0.159092    0.159559 7.99945e-05
          48    0.160535    0.159579 8.08705e-05
          49      0.1589    0.159565  8.0398e-05
          50    0.158534    0.159545  8.1393e-05
           1    0.146511    0.146511           0
           2    0.147029     0.14677 0.000182998
           3    0.147019    0.146853 0.000139585
           4    0.146844    0.146851 0.000104708
           5    0.146785    0.146838 8.45858e-05
           6     0.14703     0.14687 7.62884e-05
           7    0.147609    0.146975 0.000117679
           8    0.146863    0.146961 0.000103799
           9    0.146978    0.146963 9.22829e-05
          10    0.147389    0.147006 9.23358e-05
          11    0.147744    0.147073 0.000105539
          12    0.147827    0.147136 0.000113937
          13    0.147241    0.147144  0.00010546
          14    0.147018    0.147135 9.83107e-05
          15    0.147478    0.147158 9.43827e-05
          16    0.147107    0.147155  8.8537e-05
          17    0.147256    0.147161   8.353e-05
          18    0.146707    0.147135 8.25955e-05
          19    0.147051    0.147131 7.83683e-05
          20    0.147264    0.147138 7.47335e-05
          21    0.146906    0.147127 7.19824e-05
          22    0.147709    0.147153 7.34211e-05
          23    0.147838    0.147183 7.60298e-05
          24    0.147904    0.147213 7.85754e-05
          25    0.147567    0.147227  7.6696e-05
          26    0.146914    0.147215 7.46861e-05
          27    0.147006    0.147207 7.23212e-05
          28    0.147285     0.14721  6.9791e-05
          29     0.14754    0.147221 6.83073e-05
          30    0.147293    0.147224 6.60726e-05
          31      0.1468     0.14721 6.53386e-05
          32     0.14725    0.147211 6.33088e-05
          33      0.1467    0.147196 6.32592e-05
          34    0.147116    0.147194 6.14421e-05
          35    0.148504    0.147231 7.01679e-05
          36    0.147669    0.147243 6.92654e-05
          37    0.146635    0.147227 6.93185e-05
          38    0.146192    0.147199 7.26425e-05
          39    0.147593     0.14721 7.14771e-05
          40    0.146687    0.147196 7.08753e-05
          41    0.147166    0.147196 6.91506e-05
          42     0.14683    0.147187 6.80502e-05
          43    0.147108    0.147185 6.64925e-05
          44    0.146971     0.14718 6.51589e-05
          45    0.147082    0.147178 6.37472e-05
          46    0.146596    0.147166 6.36057e-05
          47    0.146878    0.147159 6.25465e-05
          48    0.147854    0.147174 6.28956e-05
          49    0.146843    0.147167 6.19738e-05
          50    0.146217    0.147148  6.3581e-05
           1    0.135285    0.135285           0
           2     0.13515    0.135218 4.76557e-05
           3    0.135236    0.135224 3.21588e-05
           4    0.135235    0.135227 2.42466e-05
           5    0.134964    0.135174 5.07547e-05
           6    0.135599    0.135245 7.72623e-05
           7    0.136095    0.135366 0.000130525
           8    0.135518    0.135385  0.00011558
           9    0.135404    0.135388 0.000102757
          10    0.135343    0.135383 9.25763e-05
          11    0.135952    0.135435 9.75423e-05
          12    0.136233    0.135501 0.000109771
          13    0.135697    0.135516 0.000102354
          14    0.135618    0.135524 9.53022e-05
          15    0.135981    0.135554  9.3699e-05
          16    0.135561    0.135555 8.78438e-05
          17    0.135412    0.135546 8.30737e-05
          18    0.135387    0.135537 7.89281e-05
          19    0.135558    0.135538 7.47815e-05
          20    0.135415    0.135532 7.12958e-05
          21    0.135267     0.13552  6.9009e-05
          22    0.135485    0.135518 6.58902e-05
          23    0.136221    0.135549 6.97617e-05
          24     0.13613    0.135573 7.09341e-05
          25    0.135829    0.135583 6.88333e-05
          26    0.135277    0.135571 6.71828e-05
          27    0.135575    0.135572 6.46947e-05
          28    0.135595    0.135572 6.23894e-05
          29     0.13593    0.135585 6.14449e-05
          30    0.135519    0.135582 5.94361e-05
          31    0.135331    0.135574 5.80697e-05
          32    0.135634    0.135576 5.62849e-05
          33    0.135152    0.135563 5.60288e-05
          34    0.135759    0.135569  5.4676e-05
          35    0.136557    0.135597 5.99571e-05
          36    0.136158    0.135613 6.02813e-05
          37    0.135376    0.135607 5.89923e-05
          38    0.134318    0.135573 6.64718e-05
          39    0.136092    0.135586 6.60858e-05
          40    0.135266    0.135578 6.49152e-05
          41    0.135553    0.135577 6.33347e-05
          42    0.135571    0.135577 6.18269e-05
          43    0.135377    0.135572 6.05644e-05
          44    0.135657    0.135574 5.92183e-05
          45    0.135223    0.135567 5.84156e-05
          46    0.135537    0.135566 5.71492e-05
          47    0.135354    0.135561 5.61113e-05
          48    0.136454     0.13558 5.79412e-05
          49    0.135091     0.13557 5.76112e-05
          50    0.135023    0.135559  5.7488e-05
           1    0.124783    0.124783           0
           2    0.124355    0.124569 0.000151594
           3     0.12491    0.124683 0.000137195
           4     0.12459    0.124659 0.000104838
           5    0.124746    0.124677 8.52839e-05
           6    0.124825    0.124701  7.4571e-05
           7    0.125157    0.124767 8.78851e-05
           8     0.12492    0.124786 7.89559e-05
           9    0.124798    0.124787 7.01942e-05
          10    0.124786    0.124787 6.31749e-05
          11    0.125467    0.124849 8.22946e-05
          12    0.125546    0.124907 9.37217e-05
          13    0.125321    0.124939 9.17789e-05
          14    0.124913    0.124937 8.52412e-05
          15    0.125549    0.124978 8.87772e-05
          16    0.125071    0.124983 8.34185e-05
          17    0.124907    0.124979 7.86323e-05
          18    0.124824     0.12497 7.47362e-05
          19    0.124852    0.124964 7.10633e-05
          20    0.124745    0.124953 6.83491e-05
          21     0.12484    0.124948 6.53063e-05
          22    0.125149    0.124957 6.29768e-05
          23    0.125551    0.124983  6.5321e-05
          24    0.125266    0.124995 6.36588e-05
          25    0.125102    0.124999 6.12582e-05
          26    0.124905    0.124995 5.90093e-05
          27    0.125215    0.125003  5.7384e-05
          28    0.124797    0.124996 5.58056e-05
          29    0.125288    0.125006 5.47817e-05
          30    0.124979    0.125005 5.29628e-05
          31    0.124816    0.124999 5.16036e-05
          32    0.124882    0.124995  5.0121e-05
          33    0.124626    0.124984 4.98362e-05
          34    0.124958    0.124983 4.83765e-05
          35    0.125578       0.125  4.9888e-05
          36    0.125419    0.125012 4.98403e-05
          37    0.124761    0.125005 4.89515e-05
          38    0.124199    0.124984 5.20584e-05
          39    0.125224     0.12499 5.10857e-05
          40    0.124619    0.124981 5.06437e-05
          41    0.125075    0.124983 4.94609e-05
          42     0.12507    0.124985 4.83259e-05
          43    0.125057    0.124987 4.72311e-05
          44    0.125042    0.124988 4.61744e-05
          45    0.124861    0.124985 4.52354e-05
          46    0.124693    0.124979  4.4697e-05
          47     0.12462    0.124971 4.43929e-05
          48    0.125513    0.124983 4.48767e-05
          49    0.124725    0.124977 4.42684e-05
          50    0.124537    0.124969 4.42527e-05
           1    0.114967    0.114967           0
           2    0.114871    0.114919 3.37986e-05
           3    0.115167    0.115002 7.12832e-05
           4    0.114848    0.114963 6.29582e-05
           5    0.115262    0.115023 7.34569e-05
           6     0.11505    0.115027 6.13537e-05
           7    0.115431    0.115085 7.49234e-05
           8    0.115231    0.115103 6.77431e-05
           9    0.115062    0.115099 6.03699e-05
          10    0.115017    0.115091 5.48905e-05
          11    0.115827    0.115158 8.10221e-05
          12    0.115586    0.115193 8.17549e-05
          13    0.115479    0.115215 7.83593e-05
          14    0.114937    0.115195 7.52446e-05
          15    0.115744    0.115232 7.86204e-05
          16     0.11529    0.115235 7.37899e-05
          17    0.115388    0.115244 6.99946e-05
          18    0.115239    0.115244 6.61067e-05
          19    0.115386    0.115252 6.30464e-05
          20    0.115074    0.115243  6.0519e-05
          21    0.115115    0.115237 5.79419e-05
          22    0.115432    0.115246 5.59868e-05
          23    0.115638    0.115263 5.60954e-05
          24    0.115634    0.115278 5.58493e-05
          25    0.115697    0.115295 5.60672e-05
          26    0.115478    0.115302 5.43522e-05
          27    0.115594    0.115313 5.34023e-05
          28    0.115246     0.11531 5.15487e-05
          29    0.115746    0.115325 5.19128e-05
          30    0.115249    0.115323 5.02454e-05
          31    0.115248     0.11532  4.8683e-05
          32     0.11538    0.115322 4.71976e-05
          33    0.114965    0.115311 4.69943e-05
          34    0.115337    0.115312 4.56181e-05
          35    0.115545    0.115319 4.47986e-05
          36    0.115684    0.115329 4.46898e-05
          37    0.115027    0.115321  4.4222e-05
          38    0.114709    0.115305 4.58974e-05
          39    0.115493    0.115309 4.49733e-05
          40    0.115012    0.115302 4.44579e-05
          41    0.115281    0.115302 4.33767e-05
          42    0.115252      0.1153 4.23601e-05
          43    0.115099    0.115296 4.16338e-05
          44    0.115436    0.115299 4.08092e-05
          45    0.115187    0.115296 3.99779e-05
          46    0.115141    0.115293 3.92508e-05
          47    0.115093    0.115289 3.86454e-05
          48    0.115671    0.115297 3.86502e-05
          49    0.115294    0.115297 3.78614e-05
          50    0.114902    0.115289 3.79164e-05
           1    0.106245    0.106245           0
           2    0.106126    0.106185 4.21851e-05
           3    0.106541    0.106304  0.00010064
           4    0.106031    0.106236 9.58908e-05
           5    0.106421    0.106273 8.36096e-05
           6    0.106246    0.106268  6.9791e-05
           7    0.106506    0.106302 6.75527e-05
           8    0.106385    0.106313 5.98978e-05
           9    0.106365    0.106318 5.35259e-05
          10    0.106348    0.106321 4.82533e-05
          11    0.106704    0.106356 5.49806e-05
          12    0.106692    0.106384  5.7097e-05
          13    0.106712    0.106409 5.80016e-05
          14    0.106206    0.106395  5.5648e-05
          15    0.106827    0.106424 5.89201e-05
          16    0.106647    0.106438  5.6871e-05
          17    0.106498    0.106441 5.36349e-05
          18    0.106497    0.106444 5.07457e-05
          19    0.106321    0.106438  4.8485e-05
          20    0.106398    0.106436 4.61017e-05
          21    0.106185    0.106424  4.5431e-05
          22    0.106457    0.106425  4.3391e-05
          23    0.106695    0.106437 4.30626e-05
          24     0.10673    0.106449 4.29597e-05
          25    0.106743    0.106461 4.28212e-05
          26    0.106642    0.106468 4.17366e-05
          27    0.106533     0.10647 4.02613e-05
          28    0.106284    0.106464 3.93718e-05
          29    0.106813    0.106476 3.98111e-05
          30    0.106455    0.106475   3.849e-05
          31    0.106422    0.106473 3.72868e-05
          32    0.106504    0.106474 3.61339e-05
          33    0.106238    0.106467 3.57438e-05
          34    0.106348    0.106464 3.48646e-05
          35    0.106487    0.106464 3.38751e-05
          36    0.106645    0.106469 3.33037e-05
          37    0.106489     0.10647  3.2408e-05
          38    0.105987    0.106457  3.3952e-05
          39    0.106667    0.106463 3.35072e-05
          40    0.106258    0.106457 3.30592e-05
          41    0.106125    0.106449  3.3233e-05
          42    0.106436    0.106449 3.24433e-05
          43    0.106466    0.106449 3.16913e-05
          44    0.106654    0.106454 3.13116e-05
          45    0.106252     0.10645 3.09351e-05
          46    0.106268    0.106446 3.05121e-05
          47    0.106384    0.106444 2.98907e-05
          48    0.106834    0.106452 3.03514e-05
          49    0.106592    0.106455 2.98646e-05
          50     0.10626    0.106451  2.9521e-05
           1     0.09833     0.09833           0
           2   0.0984055   0.0983677  2.6722e-05
           3    0.098492   0.0984092 3.82145e-05
           4   0.0980565    0.098321  8.1554e-05
           5   0.0984251   0.0983418 6.78475e-05
           6   0.0984989    0.098368 6.13831e-05
           7   0.0985273   0.0983907  5.6678e-05
           8   0.0983119   0.0983809  5.0443e-05
           9   0.0984145   0.0983846 4.49766e-05
          10   0.0983997   0.0983861 4.05041e-05
          11   0.0986425   0.0984094 4.30067e-05
          12   0.0986326    0.098428 4.32567e-05
          13   0.0986651   0.0984463 4.36045e-05
          14   0.0984065   0.0984434 4.05823e-05
          15   0.0987706   0.0984652  4.3342e-05
          16   0.0985332   0.0984695  4.0841e-05
          17   0.0985203   0.0984725 3.85477e-05
          18   0.0983994   0.0984684 3.66194e-05
          19   0.0982882   0.0984589 3.58998e-05
          20   0.0983406    0.098453 3.45887e-05
          21   0.0979516   0.0984291 4.03508e-05
          22   0.0985035   0.0984325 3.86581e-05
          23   0.0985827    0.098439 3.75246e-05
          24   0.0987524   0.0984521 3.81654e-05
          25   0.0987283   0.0984632 3.82048e-05
          26   0.0984771   0.0984637 3.67392e-05
          27   0.0986954   0.0984723  3.6367e-05
          28   0.0984222   0.0984705 3.51122e-05
          29   0.0991019   0.0984923 4.00873e-05
          30   0.0987691   0.0985015 3.97989e-05
          31    0.098397   0.0984981 3.86575e-05
          32   0.0984292    0.098496 3.75094e-05
          33   0.0983428   0.0984913 3.66589e-05
          34   0.0984207   0.0984892 3.56394e-05
          35   0.0984794    0.098489 3.46223e-05
          36   0.0986657   0.0984939 3.40067e-05
          37    0.098364   0.0984904 3.32683e-05
          38   0.0980995   0.0984801 3.39457e-05
          39   0.0988728   0.0984901 3.45364e-05
          40    0.098527   0.0984911 3.36853e-05
          41   0.0981911   0.0984837 3.36486e-05
          42   0.0984829   0.0984837 3.28475e-05
          43   0.0985162   0.0984845 3.20922e-05
          44   0.0986952   0.0984893 3.17183e-05
          45   0.0982214   0.0984833 3.15672e-05
          46   0.0983588   0.0984806 3.09968e-05
          47   0.0982964   0.0984767  3.0584e-05
          48   0.0987758   0.0984829 3.05752e-05
          49   0.0984502   0.0984823 2.99585e-05
          50   0.0982814   0.0984782 2.96274e-05
