           1    -7.55194    -7.55194           0
           2    -7.54617    -7.54906  0.00288718
           3    -7.55251    -7.55021  0.00202675
           4    -7.54813    -7.54969  0.00152436
           5    -7.54688    -7.54913  0.00130777
           6    -7.54528    -7.54849  0.00124541
           7    -7.54631    -7.54817  0.00109765
           8    -7.54118     -7.5473  0.00129132
           9    -7.54271    -7.54679  0.00124762
          10    -7.54598    -7.54671  0.00111884
          11    -7.54394    -7.54646  0.00104295
          12    -7.54035    -7.54595  0.00107955
          13     -7.5431    -7.54573  0.00101695
          14    -7.54616    -7.54576 0.000942008
          15     -7.5432    -7.54559 0.000893426
          16    -7.54826    -7.54576 0.000852236
          17    -7.54546    -7.54574  0.00080072
          18    -7.54704    -7.54581 0.000758353
          19    -7.54076    -7.54555 0.000764979
          20    -7.55276    -7.54591  0.00081051
          21    -7.54521    -7.54587 0.000771667
          22    -7.54679    -7.54591 0.000736943
          23    -7.54314    -7.54579 0.000714433
          24    -7.54948    -7.54595 0.000701065
          25    -7.55041    -7.54613 0.000695716
          26    -7.55409    -7.54643 0.000735253
          27    -7.54624    -7.54643 0.000707533
          28    -7.54808    -7.54648 0.000684348
          29    -7.53872    -7.54622 0.000712594
          30    -7.53958      -7.546 0.000723125
          31    -7.54885    -7.54609 0.000705463
          32    -7.55085    -7.54624 0.000699106
          33    -7.54739    -7.54627 0.000678491
          34    -7.54566    -7.54625 0.000658481
          35     -7.5465    -7.54626  0.00063943
          36    -7.54983    -7.54636 0.000629263
          37    -7.53967    -7.54618 0.000638151
          38    -7.54378    -7.54612  0.00062432
          39    -7.54482    -7.54608 0.000609015
          40    -7.54575    -7.54607 0.000593654
          41    -7.54576    -7.54607 0.000579044
          42    -7.54126    -7.54595 0.000576547
          43    -7.54846    -7.54601 0.000565983
          44    -7.55088    -7.54612  0.00056395
          45    -7.54724    -7.54615 0.000551832
          46    -7.54097    -7.54603 0.000551299
          47    -7.54431      -7.546 0.000540693
          48    -7.54569    -7.54599 0.000529348
          49    -7.54882    -7.54605 0.000521642
          50     -7.5447    -7.54602  0.00051181
