0
0
0
0
0
0
0
0
0
0
0
0
0
0
0
0
0
0
0
0
0
0
0
0
0
0
0
0
0
0
0
0
0
0
0
0
0
0
0.00680004
0.321264
5.01665
29.9983
104.221
231.356
374.886
477.781
506.93
464.509
378.303
280.114
188.107
117.581
67.9208
36.7069
18.8569
9.29415
5.40055
4.5058
6.37692
11.0406
19.3901
31.7794
47.789
65.6411
83.1496
96.4241
101.714
97.1698
84.4792
67.3648
48.6033
33.5889
23.2829
20.5006
27.1453
45.939
79.0847
126.55
181.999
235.365
272.911
285.079
268.994
229.351
178.571
126.846
84.5944
57.6109
46.1284
49.0905
62.3686
80.4106
96.8465
107.022
108.01
97.1708
82.3674
68.9598
60.7298
61.0311
