           1      7.5624      7.5624           0
           2       7.595      7.5787   0.0163011
           3     7.56159       7.573   0.0110046
           4     7.58543     7.57611  0.00837952
           5     7.59264     7.57941  0.00728441
           6     7.60088     7.58299   0.0069411
           7     7.59661     7.58494  0.00618047
           8      7.6237     7.58978  0.00721958
           9     7.61541     7.59263  0.00697464
          10     7.59528     7.59289  0.00624393
          11     7.60719     7.59419  0.00579548
          12     7.62699     7.59693  0.00595473
          13     7.61171     7.59806   0.0055943
          14     7.59552     7.59788  0.00518249
          15     7.61268     7.59887  0.00492453
          16     7.58407     7.59794  0.00469842
          17     7.60117     7.59813  0.00441749
          18     7.59132     7.59775  0.00418203
          19     7.62589     7.59924  0.00422393
          20      7.5598     7.59726  0.00446593
          21     7.60156     7.59747  0.00425286
          22      7.5911     7.59718  0.00406527
          23     7.61182     7.59782  0.00393633
          24     7.57606     7.59691  0.00387625
          25     7.57334     7.59597  0.00383563
          26     7.55248     7.59429  0.00404691
          27     7.59535     7.59433  0.00389434
          28     7.58559     7.59402  0.00376566
          29     7.63561     7.59545  0.00390633
          30     7.63144     7.59665   0.0039599
          31     7.58184     7.59618  0.00385971
          32     7.57085     7.59538  0.00382001
          33     7.58932      7.5952  0.00370701
          34     7.59821     7.59529  0.00359742
          35     7.59402     7.59525  0.00349332
          36     7.57596     7.59472  0.00343695
          37     7.63175     7.59572  0.00348941
          38     7.61009      7.5961  0.00341733
          39     7.60226     7.59625  0.00333231
          40     7.59665     7.59626  0.00324795
          41     7.59864     7.59632  0.00316827
          42     7.62199     7.59693  0.00315172
          43     7.58312     7.59661  0.00309428
          44       7.569     7.59598  0.00308757
          45      7.5924      7.5959  0.00301923
          46     7.62383     7.59651  0.00301461
          47     7.60564     7.59671  0.00295615
          48     7.59876     7.59675  0.00289423
          49     7.57934     7.59639  0.00285674
          50     7.60538     7.59657  0.00280479
